student_number,topic,arm_pulled,pay-off,pay-off_next_topic,actual_decision,skip_decision,reward,confidence_score
0,T_1,C_1_12,0.58,0.56,0,0,0,-10.0
1,T_1,C_1_13,0.57,0.59,0,0,1,-10.0
19,T_1,C_1_3,0.51,0.59,0,0,1,-11.093822345319351
39,T_1,C_1_3,0.64,0.65,0,0,1,-5.137734520968057
6,T_1,C_1_3,0.63,0.6,0,0,1,-14.249510968073842
30,T_1,C_1_3,0.57,0.62,0,0,1,-12.085838313383224
2,T_1,C_1_12,0.52,0.57,0,0,1,-10.979051886237517
3,T_1,C_1_3,0.5,0.53,0,0,1,-8.882245499011967
25,T_1,C_1_13,0.55,0.55,0,0,0,-10.375872402731945
14,T_1,C_1_13,0.58,0.59,0,0,1,-11.444666021874516
9,T_1,C_1_3,0.61,0.59,0,0,1,-14.24027918239296
4,T_1,C_1_3,0.57,0.6,0,0,0,-11.262213379800738
10,T_1,C_1_3,0.57,0.59,0,0,1,-8.090727836430847
46,T_1,C_1_3,0.61,0.57,0,0,1,-14.805583270129748
49,T_1,C_1_13,0.64,0.65,0,0,0,-8.801595234237428
37,T_1,C_1_9,0.51,0.54,0,0,0,-13.81754737780672
36,T_1,C_1_9,0.56,0.54,0,0,1,-16.056829531346104
35,T_1,C_1_13,0.56,0.61,0,0,0,-10.296111684885485
41,T_1,C_1_9,0.54,0.55,0,0,0,-7.10955184250029
22,T_1,C_1_13,0.55,0.57,0,0,0,-12.258954232938537
15,T_1,C_1_9,0.71,0.72,0,0,1,-7.620508017799095
16,T_1,C_1_9,0.57,0.57,0,0,1,-4.320707220986345
29,T_1,C_1_9,0.56,0.56,0,0,1,-9.907360607440529
45,T_1,C_1_9,0.67,0.63,0,0,1,-9.15736060744053
43,T_1,C_1_13,0.55,0.56,0,0,0,-9.608555826564034
11,T_1,C_1_9,0.62,0.62,0,0,1,-8.465129531743319
26,T_1,C_1_9,0.55,0.53,0,0,0,-9.038834711026187
13,T_1,C_1_9,0.51,0.53,0,0,0,-9.729073754850887
5,T_1,C_1_9,0.66,0.68,0,0,0,-7.193217181145709
33,T_1,C_1_3,0.59,0.59,0,0,1,-9.840776198806408
17,T_1,C_1_13,0.64,0.66,0,0,0,-15.35755981062778
32,T_1,C_1_9,0.55,0.53,0,0,1,-5.913489174682496
31,T_1,C_1_13,0.57,0.6,0,0,1,-11.923429532535378
12,T_1,C_1_9,0.51,0.52,0,0,1,-7.645751323184518
48,T_1,C_1_9,0.63,0.61,0,0,1,-5.150228935124817
47,T_1,C_1_3,0.61,0.64,0,0,0,-11.032773468917089
7,T_1,C_1_3,0.56,0.56,0,0,1,-8.317067703509533
44,T_1,C_1_12,0.6,0.63,0,0,0,-8.364781421203372
8,T_1,C_1_3,0.58,0.62,0,0,1,-15.44186707016955
24,T_1,C_1_3,0.57,0.62,0,0,0,-13.331638668977895
27,T_1,C_1_9,0.54,0.52,0,0,0,-12.113167963913346
28,T_1,C_1_3,0.53,0.56,0,0,1,-11.769573127766375
18,T_1,C_1_9,0.6,0.59,0,0,1,-9.188639662026553
42,T_1,C_1_9,0.56,0.59,0,0,0,-12.6414698507058
23,T_1,C_1_9,0.48,0.46,0,0,1,-14.242014057133819
34,T_1,C_1_12,0.59,0.63,0,0,1,-7.361061676181439
20,T_1,C_1_9,0.64,0.68,1,0,0,32.54911774081166
40,T_1,C_1_3,0.57,0.62,1,0,0,32.373696531693724
21,T_1,C_1_3,0.52,0.56,1,0,0,23.62840416301185
38,T_1,C_1_9,0.54,0.52,0,0,1,-10.551504382847687
0,T_1,C_1_9,0.57,0.56,1,0,0,42.27386441917987
25,T_1,C_1_9,0.54,0.55,1,0,1,18.304710726646476
4,T_1,C_1_13,0.53,0.6,0,0,0,-14.83421725430956
49,T_1,C_1_9,0.62,0.65,0,0,1,-19.58231611362515
37,T_1,C_1_3,0.5,0.54,0,0,0,-35.71444539119169
35,T_1,C_1_9,0.53,0.61,0,0,1,-1.6873464940517398
41,T_1,C_1_12,0.51,0.55,0,0,0,-31.62220714676719
22,T_1,C_1_14,0.54,0.57,0,0,0,-0.6003940310329323
1,T_2,C_2_5,0.59,0.68,0,0,0,-1.9119470613359564
43,T_1,C_1_12,0.55,0.56,1,0,0,13.399355116067204
26,T_1,C_1_14,0.54,0.53,1,0,0,25.510778596912182
13,T_1,C_1_12,0.49,0.53,1,0,1,35.17492954030842
39,T_2,C_2_10,0.65,0.71,1,0,1,52.491910672383874
5,T_1,C_1_14,0.62,0.68,1,0,1,39.58436350257257
19,T_2,C_2_8,0.59,0.65,1,0,1,50.39757104974236
17,T_1,C_1_3,0.64,0.66,1,0,1,53.35816358437505
30,T_2,C_2_8,0.62,0.7,1,0,0,56.20453493216016
6,T_2,C_2_5,0.6,0.67,0,0,1,-43.86663417896979
14,T_2,C_2_6,0.59,0.65,0,0,0,-38.64423817249075
47,T_1,C_1_9,0.61,0.64,0,0,0,-48.76261161547909
3,T_2,C_2_8,0.53,0.64,1,0,1,6.018574259244627
2,T_2,C_2_8,0.57,0.64,1,0,1,19.841442113040312
9,T_2,C_2_5,0.59,0.68,0,0,1,-11.561841271014522
44,T_1,C_1_13,0.6,0.63,1,0,1,57.88408635219734
10,T_2,C_2_8,0.59,0.64,1,0,0,32.893063210646574
46,T_2,C_2_5,0.57,0.66,1,0,0,18.57522591996706
36,T_2,C_2_5,0.54,0.63,1,0,1,5.595767469920393
27,T_1,C_1_14,0.51,0.52,0,0,1,-23.67470352698941
24,T_1,C_1_9,0.57,0.62,1,0,1,16.50854968612748
15,T_2,C_2_5,0.72,0.79,1,0,1,20.188491762724688
29,T_2,C_2_8,0.56,0.62,0,0,0,-30.287889172890893
16,T_2,C_2_8,0.57,0.69,0,0,1,-33.753446629096985
40,T_1,C_1_13,0.57,0.62,0,0,0,-11.736749040970828
42,T_1,C_1_3,0.55,0.59,0,0,1,-26.012395081677102
45,T_2,C_2_8,0.63,0.74,0,0,1,-39.57086400008578
21,T_1,C_1_9,0.5,0.56,0,0,1,-15.750493629715413
0,T_1,C_1_13,0.55,0.56,0,0,1,-42.42939009262173
11,T_2,C_2_14,0.62,0.72,1,0,1,12.21027571965246
20,T_1,C_1_3,0.62,0.68,1,0,0,36.47391472063234
32,T_2,C_2_8,0.53,0.63,0,0,1,-23.140837588755513
33,T_2,C_2_10,0.59,0.66,0,0,0,-26.53678687205108
31,T_2,C_2_14,0.6,0.69,0,0,0,-14.813029965973739
12,T_2,C_2_14,0.52,0.65,0,0,1,-17.842126894800515
1,T_2,C_2_14,0.57,0.68,0,0,1,-37.28606071832992
48,T_2,C_2_10,0.61,0.71,1,0,0,1.1575979607064344
7,T_2,C_2_8,0.56,0.66,1,0,1,25.131559873233854
4,T_1,C_1_12,0.52,0.6,1,0,1,45.42267801265629
37,T_1,C_1_13,0.5,0.54,0,0,0,-17.750931997044596
30,T_2,C_2_5,0.61,0.7,1,0,1,9.904543512686573
28,T_2,C_2_10,0.56,0.61,0,0,1,-17.47501853110904
8,T_2,C_2_5,0.62,0.71,1,0,0,13.029543512686558
41,T_1,C_1_14,0.5,0.55,0,0,0,-42.28963403856467
22,T_1,C_1_3,0.54,0.57,1,0,1,4.711336483790532
34,T_2,C_2_8,0.63,0.73,0,0,0,-10.685231185774937
23,T_2,C_2_7,0.46,0.59,0,0,1,-25.485623277759373
14,T_2,C_2_14,0.58,0.65,0,0,0,-9.253020084774025
43,T_1,C_1_3,0.53,0.56,0,0,0,-1.946686773754763
18,T_2,C_2_10,0.59,0.66,0,0,0,-16.054770334154384
19,T_3,C_3_5,0.65,0.46,1,0,0,8.699089793002727
39,T_3,C_3_4,0.71,0.57,0,0,0,-1.6633080271607525
3,T_3,C_3_4,0.64,0.46,0,0,0,-7.092917473118973
38,T_2,C_2_10,0.52,0.6,1,0,0,6.603501474456737
10,T_2,C_2_5,0.57,0.64,1,0,1,0.7350215741353949
26,T_1,C_1_13,0.52,0.53,1,0,1,16.617088430978463
46,T_2,C_2_8,0.57,0.66,1,0,1,9.363980850153478
6,T_3,C_3_4,0.67,0.57,1,0,0,10.51692202662408
25,T_2,C_2_8,0.55,0.64,1,0,0,27.81391807268938
2,T_3,C_3_4,0.64,0.49,1,0,1,33.58928911159832
29,T_2,C_2_5,0.53,0.62,1,0,0,37.07638053515184
9,T_3,C_3_4,0.68,0.61,1,0,0,40.11331747208878
36,T_3,C_3_4,0.63,0.5,1,0,1,11.991575946390427
47,T_1,C_1_14,0.6,0.64,1,0,0,6.74533466448333
49,T_2,C_2_8,0.65,0.73,0,0,1,-34.513508441250366
35,T_2,C_2_6,0.61,0.66,0,0,0,-14.660923134983596
45,T_3,C_3_4,0.74,0.57,0,0,0,-1.838099069730177
16,T_3,C_3_4,0.69,0.49,0,0,0,-2.746946254716782
15,T_3,C_3_4,0.79,0.65,1,0,1,25.812481806051764
19,T_3,C_3_4,0.62,0.46,1,0,1,9.502272693959021
33,T_2,C_2_5,0.58,0.66,0,0,1,-30.01698286831323
11,T_3,C_3_4,0.72,0.58,0,0,1,-56.915469065997996
31,T_2,C_2_6,0.58,0.69,1,0,0,1.999078108417251
39,T_3,C_3_5,0.67,0.57,1,0,1,11.614736471406577
3,T_3,C_3_5,0.6,0.46,1,0,1,5.915448215178817
32,T_3,C_3_4,0.63,0.47,1,0,1,45.697685463102914
48,T_2,C_2_5,0.6,0.71,1,0,1,48.536161089706425
13,T_2,C_2_8,0.53,0.63,1,0,1,32.59832805240623
40,T_1,C_1_12,0.56,0.62,1,0,1,64.39939377176681
5,T_2,C_2_6,0.68,0.73,0,0,0,-17.602006541235045
6,T_3,C_3_5,0.65,0.57,1,0,1,3.5964879372356577
20,T_1,C_1_12,0.6,0.68,1,0,0,2.883524785570394
7,T_3,C_3_4,0.66,0.49,1,0,1,24.21337854487181
12,T_3,C_3_4,0.65,0.46,0,0,1,-9.285228804076707
1,T_3,C_3_4,0.68,0.57,0,0,0,-14.511847368880112
8,T_2,C_2_14,0.61,0.71,1,0,0,4.1174553672187315
17,T_2,C_2_5,0.66,0.75,0,0,0,-12.278423959818355
34,T_2,C_2_14,0.59,0.73,0,0,1,-11.634731740422694
9,T_3,C_3_1,0.67,0.61,0,0,0,-15.176104979859307
28,T_3,C_3_5,0.61,0.5,0,0,1,-14.406800050378727
30,T_3,C_3_4,0.7,0.51,0,0,1,-7.290807080255711
14,T_2,C_2_10,0.57,0.65,0,0,0,-7.385417250741016
45,T_3,C_3_1,0.67,0.57,0,0,1,-9.913073089195791
44,T_2,C_2_8,0.63,0.71,0,0,0,-8.66724341404215
18,T_2,C_2_6,0.58,0.66,1,0,1,45.220138561528906
16,T_3,C_3_1,0.59,0.49,1,0,1,26.616629789599074
37,T_1,C_1_14,0.5,0.54,0,0,1,-1.9319210353159768
38,T_2,C_2_5,0.52,0.6,0,0,1,-9.956401290799812
23,T_3,C_3_1,0.59,0.43,0,0,1,-1.6295615732120687
27,T_2,C_2_14,0.52,0.62,0,0,0,-5.141720702292593
41,T_1,C_1_3,0.49,0.55,0,0,1,-25.42087030348599
25,T_2,C_2_6,0.54,0.64,0,0,0,-30.89735113972291
42,T_2,C_2_5,0.59,0.66,0,0,0,-28.71273218611078
29,T_2,C_2_14,0.52,0.62,1,0,0,2.468956995408117
24,T_2,C_2_8,0.62,0.67,0,0,0,-32.50023803348924
43,T_1,C_1_9,0.49,0.56,1,0,0,9.5898265606255
10,T_3,C_3_4,0.64,0.5,0,0,1,-49.20484272506179
0,T_2,C_2_6,0.56,0.67,0,0,0,-48.50197565295058
21,T_2,C_2_8,0.56,0.6,0,0,1,-6.674076905484615
46,T_3,C_3_4,0.66,0.55,0,0,1,-17.62065798624013
35,T_2,C_2_2,0.54,0.66,0,0,0,-23.637340985230136
1,T_3,C_3_1,0.67,0.57,0,0,1,-21.360626235158996
2,T_4,C_4_3,0.49,0.58,0,0,1,-23.31343043884769
36,T_4,C_4_1,0.5,0.59,0,0,1,-33.444804682581484
9,T_3,C_3_5,0.64,0.61,1,0,0,13.7877793218391
49,T_3,C_3_4,0.73,0.58,1,0,1,51.36014186169953
31,T_2,C_2_8,0.58,0.69,1,0,0,57.10744948057942
19,T_4,C_4_4,0.46,0.64,1,0,1,33.741155413511486
4,T_2,C_2_8,0.6,0.69,1,0,0,9.847142962362152
11,T_4,C_4_3,0.58,0.71,1,0,0,15.926971288542404
47,T_1,C_1_13,0.58,0.64,0,0,1,-1.8670201277666152
33,T_3,C_3_4,0.66,0.53,1,0,0,0.7611724967838178
15,T_4,C_4_1,0.65,0.79,1,0,0,56.74341060273053
3,T_4,C_4_4,0.46,0.58,1,0,1,4.072311190123418
5,T_2,C_2_10,0.66,0.73,1,0,1,5.603534457873643
22,T_2,C_2_14,0.57,0.64,1,0,1,12.972225646924109
32,T_4,C_4_4,0.47,0.63,1,0,1,13.975647374896738
13,T_3,C_3_5,0.63,0.44,0,0,0,-36.349207676904435
39,T_4,C_4_1,0.57,0.72,0,0,0,-48.17184009714573
48,T_3,C_3_4,0.71,0.56,0,0,1,-46.68763855999799
8,T_2,C_2_8,0.59,0.71,1,0,1,17.24314942122622
6,T_4,C_4_1,0.57,0.63,1,0,1,4.855064314843251
7,T_4,C_4_4,0.49,0.63,0,0,0,-12.713668120225217
12,T_4,C_4_3,0.46,0.56,1,0,0,8.629286039367319
17,T_2,C_2_14,0.65,0.75,1,0,1,18.54524529233847
14,T_2,C_2_9,0.55,0.65,0,0,1,-12.286543611094695
20,T_1,C_1_14,0.59,0.68,0,0,1,-1.8218387919848738
34,T_3,C_3_4,0.73,0.53,0,0,1,-42.13553167354442
26,T_2,C_2_6,0.53,0.63,0,0,1,-27.175261174812384
44,T_2,C_2_14,0.6,0.71,0,0,1,-9.304843975068245
28,T_4,C_4_1,0.5,0.57,0,0,0,-26.25501289398718
30,T_4,C_4_4,0.51,0.64,0,0,0,-58.92787895625199
9,T_3,C_3_9,0.6,0.61,1,0,1,8.60275053976699
45,T_4,C_4_1,0.57,0.65,0,0,0,-6.946172093394196
27,T_2,C_2_8,0.52,0.62,1,0,1,1.09254844532634
18,T_3,C_3_4,0.66,0.51,1,0,0,3.9763868291647313
42,T_2,C_2_10,0.58,0.66,0,0,0,-30.60654443697784
38,T_3,C_3_4,0.6,0.48,0,0,1,-50.42251082353246
16,T_4,C_4_1,0.49,0.6,0,0,0,-58.66872931092743
29,T_2,C_2_20,0.51,0.62,0,0,0,-12.048161890004401
25,T_2,C_2_14,0.51,0.64,1,0,0,42.58092496949557
24,T_2,C_2_14,0.59,0.67,0,0,1,-14.119299916162966
33,T_3,C_3_5,0.64,0.53,0,0,0,-19.89046504608753
0,T_2,C_2_10,0.56,0.67,0,0,1,-45.76237589619334
23,T_4,C_4_1,0.43,0.51,0,0,0,-30.400153845004578
35,T_2,C_2_14,0.53,0.66,0,0,0,-36.034769229619954
13,T_3,C_3_4,0.62,0.44,0,0,1,-48.806071455738206
40,T_2,C_2_14,0.62,0.72,1,0,1,35.68714756187203
21,T_3,C_3_4,0.6,0.45,0,0,0,-2.7295191047946705
10,T_4,C_4_1,0.5,0.62,0,0,0,-31.610569618255674
46,T_4,C_4_1,0.55,0.58,0,0,1,-26.976930983784385
31,T_2,C_2_2,0.57,0.69,0,0,0,-0.012776230138069167
11,T_4,C_4_4,0.53,0.71,1,0,0,2.67716558199826
4,T_2,C_2_14,0.59,0.69,1,0,0,3.5834738775282915
43,T_1,C_1_11,0.49,0.56,1,0,0,2.568548504393963
1,T_4,C_4_1,0.57,0.6,0,0,0,-4.151186155639204
15,T_4,C_4_4,0.64,0.79,1,0,1,42.51490688097283
49,T_4,C_4_1,0.58,0.69,1,0,1,33.61142443585412
2,T_5,C_5_7,0.58,0.55,1,0,1,0.7555791121433195
39,T_4,C_4_4,0.56,0.72,1,0,1,21.109325925406647
36,T_5,C_5_7,0.59,0.52,1,0,1,15.906522957558359
37,T_2,C_2_5,0.54,0.66,0,0,1,-3.3499577605876496
22,T_3,C_3_5,0.64,0.49,1,0,0,11.669263531495222
7,T_4,C_4_1,0.48,0.63,1,0,1,7.454156799147096
12,T_4,C_4_4,0.45,0.56,1,0,1,5.918032004401631
5,T_3,C_3_4,0.73,0.55,1,0,0,23.970577160395052
18,T_3,C_3_1,0.62,0.51,0,0,1,-8.727456572064858
19,T_5,C_5_7,0.64,0.54,1,0,1,10.992700369260325
41,T_2,C_2_10,0.55,0.65,1,0,1,24.401697996701593
48,T_4,C_4_1,0.56,0.67,1,0,0,24.173570441509433
28,T_4,C_4_4,0.44,0.57,1,0,1,17.563184136537735
33,T_3,C_3_1,0.59,0.53,0,0,1,-27.407838272425842
8,T_3,C_3_5,0.71,0.53,0,0,0,-37.642940313242164
3,T_5,C_5_1,0.58,0.54,0,0,1,-27.12129234573542
30,T_4,C_4_5,0.51,0.64,0,0,1,-31.218261571329762
17,T_3,C_3_4,0.75,0.63,0,0,1,-35.71622408151719
32,T_5,C_5_1,0.63,0.54,0,0,0,-15.303672215123427
45,T_4,C_4_3,0.55,0.65,0,0,0,-30.415235733038745
14,T_3,C_3_4,0.65,0.53,0,0,1,-30.34581937536334
21,T_3,C_3_5,0.55,0.45,0,0,0,-6.093596325443972
34,T_4,C_4_4,0.53,0.63,0,0,1,-3.85070436768604
6,T_5,C_5_1,0.63,0.55,1,0,0,3.0290615812310033
26,T_3,C_3_4,0.63,0.46,1,0,0,8.830417712635116
16,T_4,C_4_4,0.47,0.6,1,0,0,3.0727191713060904
44,T_3,C_3_4,0.71,0.57,1,0,0,28.38876455218132
42,T_2,C_2_8,0.57,0.66,0,0,1,-8.675026669851658
29,T_2,C_2_10,0.5,0.62,0,0,1,-25.83252929821678
9,T_4,C_4_1,0.61,0.63,0,0,0,-21.38216610209086
25,T_2,C_2_10,0.49,0.64,1,0,0,17.53371768815614
27,T_3,C_3_4,0.62,0.48,0,0,1,-13.887564576406785
23,T_4,C_4_3,0.39,0.51,0,0,1,-10.349174400583268
38,T_4,C_4_1,0.48,0.55,0,0,0,-14.920952849429831
22,T_3,C_3_4,0.63,0.49,0,0,1,-13.356190178472469
47,T_2,C_2_5,0.64,0.73,1,0,1,19.122984767489985
35,T_2,C_2_10,0.53,0.66,1,0,0,24.06997271929723
10,T_4,C_4_4,0.47,0.62,1,0,1,16.41776388395584
24,T_3,C_3_4,0.67,0.51,1,0,1,16.627671250178363
11,T_4,C_4_1,0.53,0.71,1,0,1,30.88860882686364
5,T_3,C_3_1,0.7,0.55,1,0,1,21.233961390966186
0,T_3,C_3_4,0.67,0.48,0,0,0,-19.53567675544838
31,T_2,C_2_10,0.57,0.69,1,0,1,21.513511395072047
13,T_4,C_4_5,0.44,0.56,1,0,0,10.537840731602802
4,T_2,C_2_15,0.56,0.69,1,0,0,22.81921563168274
1,T_4,C_4_4,0.48,0.6,1,0,0,14.46986255229471
40,T_3,C_3_4,0.72,0.55,1,0,1,20.25437971111355
8,T_3,C_3_4,0.7,0.53,0,0,1,-22.92457185724565
21,T_3,C_3_11,0.5,0.45,1,0,0,3.133719325717612
20,T_2,C_2_8,0.68,0.74,0,0,0,-19.36763636326693
46,T_5,C_5_7,0.58,0.53,0,0,0,-14.062254630937222
26,T_3,C_3_1,0.63,0.46,0,0,0,-25.20861539043088
48,T_4,C_4_4,0.51,0.67,1,0,1,2.379992204505818
43,T_1,C_1_14,0.47,0.56,0,0,1,-14.39422103409927
44,T_3,C_3_5,0.7,0.57,0,0,0,-14.438489808802814
37,T_3,C_3_5,0.66,0.5,0,0,0,-16.152993177540687
32,T_5,C_5_5,0.56,0.54,1,0,0,23.635892056759946
15,T_5,C_5_1,0.79,0.72,1,0,1,9.947404936004748
39,T_5,C_5_1,0.72,0.65,1,0,1,15.748192337579532
18,T_4,C_4_4,0.51,0.68,1,0,0,15.574417580273941
49,T_5,C_5_7,0.69,0.64,0,0,1,-4.965314913825193
45,T_4,C_4_4,0.53,0.65,1,0,0,19.842739953089872
6,T_5,C_5_5,0.56,0.55,1,0,1,24.76412360088861
41,T_3,C_3_4,0.65,0.48,0,0,0,-22.328479421734123
2,T_6,C_6_4,0.55,0.63,0,0,1,-7.307532761844707
36,T_6,C_6_5,0.52,0.63,1,0,0,37.59316290232492
16,T_4,C_4_3,0.45,0.6,1,0,0,54.502325000993665
12,T_5,C_5_5,0.56,0.58,1,0,1,20.95710028981002
33,T_4,C_4_1,0.53,0.61,1,0,0,51.40389215209482
7,T_5,C_5_1,0.63,0.56,1,0,0,0.9146828103873776
19,T_6,C_6_9,0.54,0.57,0,0,0,-1.3186261622743558
0,T_3,C_3_1,0.63,0.48,1,0,0,9.785979614462583
17,T_4,C_4_1,0.63,0.69,1,0,0,5.922525923823635
28,T_5,C_5_1,0.57,0.5,1,0,1,16.375370818601496
14,T_4,C_4_1,0.53,0.62,1,0,1,3.7339055029351016
9,T_4,C_4_4,0.52,0.63,1,0,0,8.2023388622492
30,T_5,C_5_5,0.64,0.56,0,0,1,-0.7141012850024175
25,T_2,C_2_2,0.49,0.64,0,0,0,-1.8221883767597795
21,T_3,C_3_9,0.49,0.45,0,0,0,-5.081170106970152
38,T_4,C_4_3,0.41,0.55,1,0,1,6.409473910847785
3,T_6,C_6_4,0.54,0.57,0,0,0,-0.5439422382205255
42,T_3,C_3_4,0.66,0.52,0,0,1,-27.19606615825098
26,T_3,C_3_5,0.6,0.46,0,0,1,-5.927611554297432
29,T_3,C_3_4,0.62,0.47,1,0,1,0.9041389666015665
35,T_2,C_2_8,0.51,0.66,0,0,0,-8.364469259435772
34,T_5,C_5_5,0.63,0.62,0,0,1,-12.102859352315043
27,T_4,C_4_3,0.48,0.62,1,0,1,19.643440083321956
44,T_3,C_3_1,0.65,0.57,1,0,1,2.291780750163154
37,T_3,C_3_1,0.62,0.5,0,0,1,-0.06216051722480387
13,T_4,C_4_4,0.43,0.56,1,0,1,4.163268400321568
22,T_4,C_4_1,0.49,0.61,0,0,0,-14.898507661454481
46,T_5,C_5_1,0.57,0.53,0,0,0,-15.1100906730375
1,T_4,C_4_3,0.47,0.6,1,0,0,23.70846970178092
47,T_3,C_3_4,0.73,0.56,1,0,1,36.527282346345295
4,T_2,C_2_6,0.56,0.69,1,0,1,30.119776225190993
24,T_4,C_4_4,0.51,0.64,1,0,1,24.909202369042315
23,T_5,C_5_2,0.51,0.46,0,0,0,-1.6898307118602798
5,T_4,C_4_3,0.55,0.65,1,0,0,16.49925460712512
41,T_3,C_3_5,0.62,0.48,1,0,0,41.86591572447429
32,T_5,C_5_2,0.56,0.54,1,0,0,50.51491726057261
31,T_3,C_3_4,0.69,0.52,1,0,1,28.950401131540353
20,T_2,C_2_5,0.67,0.74,1,0,0,9.453138587481815
40,T_4,C_4_1,0.55,0.61,1,0,0,24.70175528117996
8,T_4,C_4_1,0.53,0.6,0,0,1,-14.301258460348667
10,T_5,C_5_7,0.62,0.55,1,0,1,1.645948884716356
11,T_5,C_5_7,0.71,0.65,0,0,1,-38.97847172507937
0,T_3,C_3_5,0.62,0.48,0,0,0,-25.898720575372362
18,T_4,C_4_3,0.5,0.68,0,0,0,-9.29185034636472
45,T_4,C_4_5,0.51,0.65,0,0,1,-26.067971894822332
7,T_5,C_5_5,0.6,0.56,0,0,1,-33.103435976666816
21,T_3,C_3_1,0.49,0.45,0,0,0,-29.269089472107545
48,T_5,C_5_1,0.67,0.59,1,0,1,18.59236340158301
16,T_4,C_4_5,0.45,0.6,1,0,1,30.80928322404037
36,T_6,C_6_2,0.51,0.63,1,0,1,24.64476464936259
33,T_4,C_4_4,0.49,0.61,0,0,1,-32.89495984786362
17,T_4,C_4_4,0.56,0.69,1,0,1,19.633846765981765
19,T_6,C_6_4,0.51,0.57,0,0,1,-2.192437221933649
39,T_6,C_6_9,0.65,0.67,0,0,1,-4.876831979205915
2,T_7,C_7_8,0.63,0.5,0,0,1,-18.14284554363694
15,T_6,C_6_9,0.72,0.75,0,0,1,-5.925061067374694
9,T_4,C_4_3,0.49,0.63,1,0,0,35.83081208612852
49,T_6,C_6_4,0.64,0.69,1,0,1,22.314313813126823
6,T_6,C_6_9,0.55,0.64,0,0,0,-0.1405055151034773
25,T_2,C_2_5,0.49,0.64,1,0,1,37.295412674970365
3,T_6,C_6_9,0.51,0.57,0,0,1,-10.323759344115949
12,T_6,C_6_4,0.58,0.6,1,0,1,4.6786496374721125
46,T_5,C_5_5,0.57,0.53,1,0,0,6.416869532760055
41,T_3,C_3_1,0.6,0.48,0,0,1,-9.56447604940021
35,T_2,C_2_15,0.5,0.66,0,0,0,-9.993629608956683
43,T_2,C_2_8,0.56,0.68,0,0,0,-37.13685424583191
14,T_5,C_5_1,0.62,0.59,0,0,0,-4.1830539477693325
22,T_4,C_4_4,0.49,0.61,0,0,1,-17.530719105628208
42,T_4,C_4_1,0.52,0.63,0,0,1,-13.643153952984873
23,T_5,C_5_7,0.47,0.46,0,0,0,-10.551974047478362
26,T_4,C_4_1,0.46,0.55,0,0,1,-12.700039523668842
0,T_3,C_3_10,0.58,0.48,0,0,0,-14.124890714145032
29,T_4,C_4_4,0.47,0.65,0,0,0,-10.240962142716466
1,T_4,C_4_5,0.46,0.6,0,0,0,-26.90405240205439
28,T_6,C_6_2,0.5,0.57,0,0,0,-1.5899315317350808
32,T_5,C_5_7,0.54,0.54,1,0,1,31.40078307151622
30,T_6,C_6_4,0.56,0.62,0,0,1,-5.555415889137085
21,T_3,C_3_3,0.49,0.45,1,0,0,14.030330213312787
38,T_5,C_5_1,0.55,0.49,0,0,0,-7.087402565761054
5,T_4,C_4_4,0.54,0.65,1,0,0,30.51600406801318
37,T_4,C_4_1,0.5,0.57,1,0,0,7.284721636582498
44,T_4,C_4_1,0.57,0.68,1,0,1,14.23505521701244
27,T_5,C_5_7,0.62,0.52,0,0,0,-11.437434260987885
4,T_3,C_3_4,0.69,0.52,0,0,1,-17.679131414094776
47,T_4,C_4_1,0.56,0.65,0,0,0,-19.498924619412346
40,T_4,C_4_4,0.54,0.61,1,0,0,2.3375462445577515
34,T_6,C_6_4,0.62,0.64,0,0,1,-5.0986161170658715
13,T_5,C_5_1,0.56,0.51,0,0,1,-10.274652479016936
20,T_2,C_2_14,0.66,0.74,1,0,1,1.47350657842048
18,T_4,C_4_1,0.5,0.68,0,0,1,-0.8614187164283642
31,T_4,C_4_3,0.52,0.64,1,0,1,0.5546203261202391
24,T_5,C_5_1,0.64,0.58,0,0,0,-14.370129181146407
8,T_5,C_5_1,0.6,0.58,0,0,0,-26.661700110070438
9,T_4,C_4_5,0.45,0.63,1,0,1,8.784364029871242
10,T_6,C_6_9,0.55,0.58,0,0,1,-5.498530968941162
0,T_3,C_3_6,0.53,0.48,0,0,1,-4.13681335613183
46,T_5,C_5_3,0.52,0.53,0,0,0,-7.786012773890206
45,T_5,C_5_1,0.65,0.63,0,0,0,-10.169564447834883
11,T_6,C_6_5,0.65,0.72,1,0,0,21.17143129075341
14,T_5,C_5_7,0.58,0.59,1,0,1,29.199774314009204
6,T_6,C_6_5,0.51,0.64,1,0,0,5.66337060523887
36,T_7,C_7_8,0.63,0.5,1,0,1,4.224009675681869
23,T_5,C_5_10,0.47,0.46,1,0,0,9.451110028889516
21,T_3,C_3_10,0.47,0.45,0,0,0,-13.879564372850897
16,T_5,C_5_5,0.6,0.58,0,0,0,-3.753385982713096
7,T_6,C_6_9,0.56,0.58,0,0,1,-39.00768809199204
19,T_7,C_7_6,0.57,0.51,0,0,0,-58.44427678533545
39,T_7,C_7_6,0.67,0.64,0,0,1,-9.08645652253798
35,T_2,C_2_7,0.49,0.66,0,0,1,-2.043764771452579
48,T_6,C_6_9,0.59,0.64,1,0,1,4.251459541137858
33,T_5,C_5_1,0.61,0.55,0,0,1,-2.8947054371544727
17,T_5,C_5_7,0.69,0.63,1,0,1,23.111942373295566
25,T_3,C_3_4,0.64,0.53,1,0,1,19.70413326266649
43,T_2,C_2_5,0.55,0.68,0,0,1,-13.635588022635202
15,T_7,C_7_6,0.75,0.72,0,0,1,-18.042851539673666
49,T_7,C_7_8,0.69,0.59,1,0,1,7.359235399646834
1,T_4,C_4_2,0.37,0.6,1,0,0,29.820442179772712
41,T_4,C_4_4,0.48,0.6,1,0,1,16.08300071399487
3,T_7,C_7_8,0.57,0.48,1,0,1,10.540164140920714
12,T_7,C_7_8,0.6,0.49,0,0,1,-29.046904864781844
38,T_5,C_5_5,0.54,0.49,1,0,1,10.593382905002315
29,T_4,C_4_1,0.47,0.65,0,0,0,-12.844027166940135
2,T_8,C_8_3,0.5,0.6,0,0,1,-34.06778296142328
28,T_6,C_6_9,0.48,0.57,1,0,1,6.032001676049801
27,T_5,C_5_5,0.56,0.52,1,0,1,0.771085494403716
5,T_4,C_4_1,0.54,0.65,1,0,1,14.441817201720806
37,T_4,C_4_4,0.44,0.57,1,0,0,15.109234139647288
22,T_5,C_5_1,0.61,0.55,0,0,1,-32.862477347164635
47,T_4,C_4_4,0.54,0.65,0,0,0,-31.92314829648653
40,T_4,C_4_5,0.5,0.61,0,0,0,-46.40780211518745
42,T_5,C_5_7,0.63,0.55,0,0,0,-22.62125572128297
24,T_5,C_5_7,0.63,0.58,0,0,1,-36.88373788961393
26,T_5,C_5_1,0.55,0.53,0,0,0,-24.644116835442226
8,T_5,C_5_7,0.6,0.58,0,0,1,-29.60138179270718
30,T_7,C_7_6,0.62,0.57,0,0,0,-32.790042558592155
21,T_3,C_3_12,0.45,0.45,0,0,1,-32.22950181556407
46,T_5,C_5_6,0.52,0.53,0,0,1,-27.196073650556954
45,T_5,C_5_10,0.64,0.63,0,0,0,-3.9476540942033616
4,T_4,C_4_4,0.52,0.62,0,0,0,-35.955775379041704
44,T_5,C_5_7,0.68,0.64,0,0,0,-35.90403902184822
19,T_7,C_7_8,0.55,0.51,1,0,0,1.6627134069638152
23,T_5,C_5_1,0.47,0.46,1,0,0,19.406339469286777
32,T_6,C_6_2,0.54,0.61,0,0,0,-3.196614384948173
20,T_3,C_3_4,0.74,0.59,0,0,1,-3.7861402165122184
16,T_5,C_5_1,0.59,0.58,0,0,0,-30.269012434580247
34,T_7,C_7_8,0.64,0.55,0,0,0,-39.35781268869767
6,T_6,C_6_4,0.51,0.64,1,0,0,48.13302337778924
11,T_6,C_6_4,0.65,0.72,1,0,1,39.53719074653374
0,T_4,C_4_3,0.48,0.59,1,0,1,6.091985165392506
13,T_6,C_6_9,0.51,0.53,1,0,0,40.03472769234653
31,T_5,C_5_7,0.64,0.6,1,0,1,3.201142242267987
18,T_5,C_5_1,0.68,0.58,0,0,0,-30.20741017113305
10,T_7,C_7_6,0.58,0.54,0,0,0,-22.559938261020704
9,T_5,C_5_1,0.63,0.58,1,0,1,8.330037096640414
35,T_3,C_3_4,0.66,0.51,1,0,0,34.16266575173981
14,T_6,C_6_2,0.59,0.67,0,0,1,-10.233083334692644
7,T_7,C_7_8,0.58,0.55,1,0,0,29.223281781487035
48,T_7,C_7_11,0.64,0.56,1,0,0,14.747172708610375
25,T_4,C_4_1,0.53,0.58,1,0,1,0.22352875867990463
29,T_4,C_4_3,0.45,0.65,0,0,0,-0.6394754137818532
43,T_3,C_3_4,0.68,0.5,0,0,1,-1.8643204197361438
30,T_7,C_7_2,0.62,0.57,1,0,0,11.13589210628744
42,T_5,C_5_1,0.59,0.55,1,0,1,34.556353990804766
36,T_8,C_8_2,0.5,0.56,1,0,1,43.51326347684047
37,T_4,C_4_3,0.42,0.57,1,0,0,32.00875897233597
26,T_5,C_5_5,0.55,0.53,1,0,1,22.41555037912738
33,T_6,C_6_9,0.55,0.62,1,0,0,28.90758994740845
47,T_4,C_4_5,0.52,0.65,1,0,0,31.660531123879046
17,T_6,C_6_4,0.63,0.7,0,0,1,-4.428880066518517
39,T_8,C_8_1,0.64,0.64,0,0,0,-17.42680537772185
19,T_7,C_7_2,0.49,0.51,1,0,1,13.798407563442233
40,T_4,C_4_3,0.49,0.61,1,0,0,13.160536105252898
45,T_5,C_5_2,0.63,0.63,1,0,1,43.28636941631369
1,T_5,C_5_7,0.6,0.57,1,0,0,1.5341822535152017
44,T_5,C_5_2,0.65,0.64,0,0,1,-26.369498031969712
34,T_7,C_7_11,0.62,0.55,0,0,0,-10.65481850061203
23,T_5,C_5_5,0.47,0.46,1,0,0,5.736635668926221
41,T_5,C_5_1,0.6,0.54,0,0,1,-4.4949525014815634
15,T_8,C_8_2,0.72,0.77,0,0,1,-57.72484543696795
28,T_7,C_7_8,0.57,0.54,0,0,1,-26.42820640999628
49,T_8,C_8_3,0.59,0.67,0,0,1,-60.22050352141308
4,T_4,C_4_1,0.5,0.62,0,0,1,-41.984602558551984
38,T_6,C_6_5,0.49,0.55,1,0,1,12.479009156359016
16,T_5,C_5_6,0.54,0.58,1,0,0,3.6479652003150593
12,T_8,C_8_4,0.49,0.58,1,0,1,8.310166703475911
10,T_7,C_7_8,0.57,0.54,1,0,1,22.740893726795516
35,T_3,C_3_1,0.63,0.51,0,0,1,-0.9381186188834754
2,T_9,C_9_17,0.6,0.51,0,0,1,-27.41086523395236
3,T_8,C_8_2,0.48,0.56,0,0,0,-9.960556803520532
5,T_5,C_5_1,0.65,0.62,1,0,1,27.2349439616874
7,T_7,C_7_6,0.57,0.55,1,0,0,0.7723053111102693
21,T_4,C_4_3,0.45,0.6,0,0,0,-3.971705640292887
32,T_6,C_6_4,0.54,0.61,1,0,0,26.13940718743694
27,T_6,C_6_5,0.52,0.6,1,0,0,15.246110333811766
18,T_5,C_5_5,0.59,0.58,0,0,1,-2.6191876269214127
22,T_6,C_6_2,0.55,0.61,1,0,0,5.97992378797946
48,T_7,C_7_2,0.64,0.56,1,0,1,3.3494327307050047
6,T_6,C_6_2,0.5,0.64,1,0,1,40.11977464588451
30,T_7,C_7_8,0.58,0.57,1,0,0,36.30586871541414
24,T_6,C_6_9,0.58,0.62,0,0,0,-14.715786825158242
13,T_6,C_6_5,0.5,0.53,0,0,1,-13.362582970437309
8,T_6,C_6_4,0.58,0.65,0,0,0,-31.78639249424682
20,T_4,C_4_4,0.59,0.74,0,0,0,-37.594555759552954
46,T_6,C_6_4,0.53,0.64,0,0,1,-34.754191100451
29,T_4,C_4_5,0.42,0.65,0,0,0,-2.185597907387412
11,T_7,C_7_8,0.72,0.6,0,0,1,-4.845067773650673
37,T_4,C_4_5,0.42,0.57,1,0,0,8.324687032097835
34,T_7,C_7_2,0.6,0.55,1,0,1,15.453653946344975
0,T_5,C_5_7,0.59,0.6,1,0,1,7.737913593036287
1,T_5,C_5_2,0.59,0.57,1,0,1,39.37099598412451
47,T_4,C_4_3,0.48,0.65,1,0,1,55.010483854744464
33,T_6,C_6_5,0.54,0.62,1,0,1,17.741096812715902
14,T_7,C_7_8,0.67,0.56,0,0,1,-25.18915152562156
43,T_4,C_4_1,0.5,0.58,1,0,0,11.533780552387839
23,T_5,C_5_8,0.42,0.46,1,0,0,6.910377727909015
31,T_6,C_6_4,0.6,0.68,0,0,1,-10.614840832951767
2,T_10,C_10_4,0.51,0.0,0,0,0,-30.789668732091997
40,T_4,C_4_2,0.37,0.61,0,0,1,-4.775356788592335
9,T_6,C_6_2,0.58,0.66,0,0,0,-7.818301695538576
25,T_5,C_5_2,0.58,0.56,0,0,1,-11.254032641748193
16,T_5,C_5_7,0.52,0.58,0,0,0,-4.0575893557665665
7,T_7,C_7_11,0.57,0.55,1,0,1,13.602341336903766
42,T_6,C_6_5,0.55,0.63,1,0,1,9.57535297999214
17,T_7,C_7_8,0.7,0.58,1,0,0,5.369470627050972
39,T_8,C_8_2,0.61,0.64,0,0,1,-35.096673179664585
36,T_9,C_9_1,0.56,0.56,0,0,1,-11.780251283803434
26,T_6,C_6_4,0.53,0.6,0,0,0,-23.035808026126524
30,T_7,C_7_13,0.55,0.57,1,0,1,9.262105480194155
21,T_4,C_4_4,0.45,0.6,1,0,0,3.810689897074277
2,T_10,C_10_1,0.5,0.0,1,0,1,16.544193837516886
19,T_8,C_8_2,0.51,0.54,1,0,0,11.587491340416678
44,T_6,C_6_2,0.64,0.7,0,0,1,-21.2858508346496
45,T_6,C_6_5,0.63,0.68,1,0,0,43.78538268378004
38,T_7,C_7_8,0.55,0.49,1,0,1,14.65531755174699
35,T_4,C_4_1,0.51,0.59,0,0,1,-24.012452137200697
32,T_6,C_6_9,0.54,0.61,0,0,0,-8.117680462812906
41,T_6,C_6_4,0.54,0.6,0,0,0,-23.542066972325152
4,T_5,C_5_1,0.62,0.58,0,0,0,-33.47984739036003
27,T_6,C_6_4,0.52,0.6,0,0,0,-6.836093259494225
15,T_9,C_9_1,0.77,0.66,0,0,1,-7.237763538427618
22,T_6,C_6_9,0.55,0.61,0,0,0,-4.285948356909488
3,T_8,C_8_4,0.48,0.56,0,0,0,-12.251985870951124
49,T_9,C_9_1,0.67,0.57,0,0,1,-7.5533901627124
28,T_8,C_8_2,0.54,0.59,1,0,0,6.18854532115856
12,T_9,C_9_1,0.58,0.48,1,0,1,0.49400944229089205
24,T_6,C_6_2,0.57,0.62,1,0,0,9.995655261909043
20,T_4,C_4_5,0.55,0.74,1,0,1,13.442001542356717
8,T_6,C_6_9,0.58,0.65,1,0,1,23.204995288242166
29,T_4,C_4_2,0.35,0.65,1,0,1,12.835493315855569
37,T_4,C_4_2,0.34,0.57,1,0,0,13.128805202884308
23,T_5,C_5_6,0.4,0.46,1,0,0,12.443316036764807
5,T_6,C_6_4,0.62,0.7,0,0,0,-32.54110051228271
36,T_10,C_10_1,0.56,0.0,0,0,1,-15.218265866613475
10,T_8,C_8_2,0.54,0.6,0,0,1,-15.62295499358736
6,T_7,C_7_6,0.64,0.54,0,0,0,-13.662299255882424
17,T_7,C_7_6,0.68,0.58,1,0,1,37.43605012376239
18,T_6,C_6_2,0.58,0.66,0,0,1,-13.097745727257328
43,T_4,C_4_5,0.47,0.58,1,0,1,6.30486865182762
16,T_5,C_5_2,0.52,0.58,1,0,0,22.666650220540472
13,T_7,C_7_11,0.53,0.49,1,0,0,17.463855019982113
46,T_7,C_7_6,0.64,0.52,0,0,0,-7.585660850797645
48,T_8,C_8_2,0.56,0.64,0,0,1,-13.980449124413276
15,T_10,C_10_2,0.66,0.0,0,0,0,-43.58665200646324
9,T_6,C_6_4,0.56,0.66,0,0,1,-21.982636651279815
33,T_7,C_7_6,0.62,0.54,1,0,0,21.53045261394876
21,T_4,C_4_1,0.42,0.6,1,0,0,13.326820966737337
49,T_10,C_10_4,0.57,0.0,0,0,0,-6.907290576712729
11,T_8,C_8_2,0.6,0.68,0,0,1,-20.121859301435414
47,T_5,C_5_1,0.65,0.6,0,0,1,-1.6309266589483506
12,T_10,C_10_4,0.48,0.0,0,0,1,-17.8180877334491
0,T_6,C_6_5,0.6,0.63,0,0,1,-12.912586115326121
1,T_6,C_6_5,0.57,0.64,0,0,1,-1.045757008370913
31,T_7,C_7_8,0.68,0.55,0,0,1,-17.323894136443357
26,T_6,C_6_5,0.52,0.6,0,0,1,-3.866538540209447
34,T_8,C_8_3,0.55,0.65,0,0,0,-11.126910680148196
14,T_8,C_8_4,0.56,0.61,0,0,0,-23.441952642704685
4,T_5,C_5_5,0.6,0.58,1,0,1,19.126897125807183
40,T_5,C_5_1,0.61,0.63,1,0,1,11.72779976926301
45,T_6,C_6_4,0.61,0.68,0,0,0,-15.38178741093998
42,T_7,C_7_8,0.63,0.56,1,0,1,30.480792746520457
15,T_10,C_10_4,0.65,0.0,0,0,1,-18.28551127252017
32,T_6,C_6_5,0.51,0.61,0,0,1,-7.768808377925282
25,T_6,C_6_2,0.56,0.64,0,0,0,-22.392844367642507
41,T_6,C_6_9,0.53,0.6,1,0,0,26.35449165360989
49,T_10,C_10_1,0.55,0.0,0,0,1,-22.17870638448549
27,T_6,C_6_2,0.49,0.6,0,0,0,-4.66779495958178
19,T_8,C_8_1,0.51,0.54,1,0,1,5.9239893793142215
6,T_7,C_7_8,0.59,0.54,0,0,0,-24.166908969829915
23,T_5,C_5_11,0.37,0.46,0,0,1,-24.00475127505518
22,T_6,C_6_4,0.54,0.61,0,0,0,-33.85539230069621
7,T_8,C_8_4,0.55,0.63,0,0,0,-28.922058967362847
44,T_7,C_7_8,0.7,0.59,0,0,1,-57.97797110455302
39,T_9,C_9_1,0.64,0.57,0,0,0,-40.902760527479
13,T_7,C_7_8,0.52,0.49,1,0,1,8.202928744605662
24,T_6,C_6_4,0.56,0.62,0,0,1,-2.844355600442256
30,T_8,C_8_1,0.57,0.6,1,0,1,37.863200738534175
46,T_7,C_7_8,0.61,0.52,0,0,1,-2.9417058558889533
16,T_5,C_5_9,0.49,0.58,0,0,1,-5.765573118173565
35,T_5,C_5_6,0.59,0.57,0,0,1,-22.18396691953584
3,T_8,C_8_3,0.47,0.56,1,0,1,23.21270415329097
33,T_7,C_7_8,0.58,0.54,0,0,0,-0.31318519162018
5,T_6,C_6_5,0.61,0.7,0,0,1,-9.402612186475142
28,T_8,C_8_4,0.52,0.59,1,0,1,0.8165987665004248
38,T_8,C_8_4,0.49,0.59,1,0,1,5.74285640430561
8,T_7,C_7_6,0.65,0.58,1,0,0,24.760916189979596
20,T_5,C_5_1,0.74,0.66,1,0,0,33.4390649539898
21,T_4,C_4_5,0.38,0.6,1,0,0,29.125404716517906
37,T_5,C_5_7,0.57,0.52,1,0,0,23.801559049218728
29,T_5,C_5_1,0.65,0.55,1,0,0,4.035908398436007
18,T_7,C_7_8,0.66,0.58,1,0,1,4.307175782644987
10,T_9,C_9_1,0.6,0.5,0,0,1,-16.04814898286085
43,T_5,C_5_7,0.58,0.59,0,0,1,-25.21305514661575
6,T_7,C_7_11,0.55,0.54,0,0,1,-6.41886549097999
9,T_7,C_7_8,0.66,0.57,0,0,1,-26.430157837278617
17,T_8,C_8_2,0.58,0.67,0,0,1,-36.06691242782178
39,T_9,C_9_3,0.64,0.57,1,0,1,45.59363271281347
45,T_6,C_6_9,0.6,0.68,1,0,0,27.84902502891996
48,T_9,C_9_17,0.64,0.58,1,0,1,36.842520733867374
0,T_7,C_7_11,0.63,0.54,1,0,1,18.755537004205273
1,T_7,C_7_8,0.64,0.54,1,0,1,28.617763160884873
34,T_8,C_8_4,0.55,0.65,1,0,0,3.4951615348686023
26,T_7,C_7_8,0.6,0.55,0,0,1,-2.017338465131397
25,T_6,C_6_4,0.54,0.64,0,0,1,-35.30497959883295
14,T_8,C_8_2,0.55,0.61,0,0,1,-31.96165874989411
47,T_6,C_6_4,0.6,0.65,0,0,1,-43.32976809231776
41,T_6,C_6_5,0.52,0.6,0,0,0,-44.79951232188733
11,T_9,C_9_17,0.68,0.59,0,0,1,-76.68883883405357
27,T_6,C_6_9,0.44,0.6,0,0,0,-48.68459275560091
33,T_7,C_7_11,0.55,0.54,0,0,0,-8.509198797145721
22,T_6,C_6_5,0.49,0.61,0,0,1,-17.39539282699648
31,T_8,C_8_3,0.55,0.64,0,0,0,-28.84466123650173
8,T_7,C_7_8,0.6,0.58,0,0,0,-2.853356888675658
4,T_6,C_6_4,0.58,0.63,0,0,0,-8.218244535410783
10,T_10,C_10_2,0.5,0.0,0,0,1,-11.185283820745987
32,T_7,C_7_8,0.61,0.52,0,0,1,-24.097841025182365
40,T_6,C_6_4,0.63,0.66,0,0,0,-14.144929005355841
39,T_10,C_10_4,0.57,0.0,1,0,0,11.33525965913689
20,T_5,C_5_7,0.68,0.66,1,0,1,22.34886510131375
42,T_8,C_8_2,0.56,0.6,1,0,0,8.717347673184662
48,T_10,C_10_4,0.58,0.0,1,0,0,9.07123014576958
29,T_5,C_5_5,0.58,0.55,1,0,0,15.774790539151297
37,T_5,C_5_2,0.56,0.52,1,0,0,6.2911586676256634
7,T_8,C_8_2,0.54,0.63,0,0,0,-5.233628771656298
19,T_9,C_9_12,0.54,0.45,1,0,1,17.37460897436996
24,T_7,C_7_8,0.62,0.54,0,0,0,-8.368916776846364
21,T_4,C_4_2,0.33,0.6,0,0,0,-1.130000520688724
11,T_10,C_10_2,0.59,0.0,0,0,0,-2.773783959754624
23,T_6,C_6_2,0.46,0.56,1,0,0,5.9286732676449265
39,T_10,C_10_2,0.55,0.0,0,0,1,-21.70449905928892
44,T_8,C_8_3,0.59,0.66,1,0,1,6.423421781994962
48,T_10,C_10_2,0.56,0.0,1,0,1,7.786408218901033
30,T_9,C_9_17,0.6,0.51,1,0,0,30.228743764570595
5,T_7,C_7_8,0.7,0.64,1,0,1,8.5349287002718
35,T_6,C_6_4,0.57,0.67,1,0,1,7.34815588949408
33,T_7,C_7_2,0.54,0.54,1,0,0,22.352442478593876
16,T_6,C_6_5,0.58,0.6,1,0,1,3.6937937098171068
13,T_8,C_8_2,0.49,0.57,0,0,0,-1.1079198764742442
46,T_8,C_8_3,0.52,0.62,1,0,1,28.240083090651652
45,T_6,C_6_2,0.58,0.68,1,0,1,53.533226968548625
11,T_10,C_10_4,0.59,0.0,1,0,1,34.73206220647976
3,T_9,C_9_1,0.56,0.48,1,0,1,44.49335646777402
8,T_7,C_7_11,0.58,0.58,1,0,1,29.1936200371651
28,T_9,C_9_1,0.59,0.5,0,0,0,-19.306219493723702
38,T_9,C_9_1,0.59,0.5,0,0,1,-12.55997544746985
19,T_10,C_10_1,0.45,0.0,0,0,0,-16.897415204072114
41,T_6,C_6_2,0.5,0.6,0,0,0,-13.91631792934023
43,T_6,C_6_5,0.59,0.59,0,0,1,-2.8518410436954618
27,T_6,C_6_8,0.42,0.6,0,0,1,-10.341005248827202
24,T_7,C_7_6,0.6,0.54,1,0,1,11.636147879840774
18,T_8,C_8_2,0.58,0.64,0,0,0,-23.843545266273637
9,T_8,C_8_4,0.57,0.67,0,0,0,-22.99280091989129
34,T_8,C_8_2,0.54,0.65,0,0,0,-13.425790610612957
29,T_5,C_5_7,0.55,0.55,0,0,1,-15.787221781019287
6,T_8,C_8_2,0.54,0.6,0,0,1,-6.007330203019737
37,T_5,C_5_1,0.53,0.52,0,0,0,-9.671145338015997
4,T_6,C_6_9,0.55,0.63,0,0,1,-12.088468172661656
25,T_7,C_7_8,0.64,0.51,0,0,1,-48.197352948635704
40,T_6,C_6_9,0.59,0.66,0,0,0,-38.71672340868414
17,T_9,C_9_12,0.67,0.62,0,0,1,-23.767723205077502
47,T_7,C_7_6,0.65,0.61,0,0,1,-16.882718402699204
30,T_9,C_9_1,0.58,0.51,0,0,1,-4.748498330147843
0,T_8,C_8_4,0.54,0.65,0,0,0,-6.443496083465792
19,T_10,C_10_4,0.42,0.0,1,0,0,4.801984600160115
1,T_8,C_8_2,0.54,0.65,1,0,1,5.7742068223823955
22,T_7,C_7_8,0.61,0.55,0,0,1,-27.135088102675727
31,T_8,C_8_2,0.55,0.64,0,0,0,-27.894935749788914
33,T_7,C_7_3,0.52,0.54,0,0,1,-20.84005034568759
26,T_8,C_8_4,0.55,0.65,0,0,1,-25.861221193590346
14,T_9,C_9_3,0.61,0.55,0,0,0,-7.53477617300166
3,T_10,C_10_4,0.48,0.0,1,0,1,25.24944802058181
42,T_8,C_8_4,0.53,0.6,1,0,0,11.348465015104011
38,T_10,C_10_1,0.5,0.0,1,0,1,2.8860476970042104
23,T_6,C_6_5,0.45,0.56,0,0,1,-6.362039561310245
7,T_8,C_8_1,0.53,0.63,0,0,1,-21.896344150696244
28,T_9,C_9_3,0.55,0.5,0,0,0,-15.873535027046781
20,T_6,C_6_9,0.66,0.69,0,0,1,-21.044878976315044
32,T_8,C_8_2,0.52,0.6,1,0,1,7.826000994134994
19,T_10,C_10_2,0.41,0.0,1,0,1,23.978554067575512
21,T_5,C_5_1,0.6,0.5,0,0,0,-5.953912598359935
17,T_10,C_10_2,0.62,0.0,0,0,1,-6.1867694585086355
30,T_10,C_10_1,0.51,0.0,1,0,0,10.335849757406926
41,T_6,C_6_8,0.42,0.6,1,0,1,12.539894968590758
44,T_9,C_9_17,0.66,0.58,1,0,1,6.316813469483088
16,T_7,C_7_11,0.6,0.51,0,0,0,-8.235070883935983
35,T_7,C_7_8,0.67,0.52,0,0,1,-0.023418089643467255
13,T_8,C_8_4,0.46,0.57,1,0,1,15.079435655897498
37,T_5,C_5_5,0.52,0.52,0,0,1,-6.531613025766576
45,T_7,C_7_2,0.68,0.6,0,0,0,-29.0083573526383
5,T_8,C_8_4,0.64,0.72,0,0,0,-28.080605463057708
46,T_9,C_9_12,0.62,0.53,1,0,1,2.5211686762443932
14,T_9,C_9_1,0.61,0.55,1,0,1,0.8949120233762677
30,T_10,C_10_2,0.51,0.0,0,0,1,-14.824275428479151
43,T_7,C_7_8,0.59,0.51,0,0,1,-23.85147929532621
27,T_7,C_7_8,0.6,0.51,1,0,0,9.224064422085075
40,T_6,C_6_5,0.58,0.66,0,0,1,-22.97251451520182
18,T_8,C_8_4,0.56,0.64,0,0,0,-23.90938767154399
9,T_8,C_8_2,0.57,0.67,0,0,1,-31.24958080339681
34,T_8,C_8_1,0.53,0.65,0,0,1,-24.584658798971702
28,T_9,C_9_15,0.5,0.5,1,0,1,2.1065707178156963
8,T_8,C_8_2,0.58,0.66,1,0,1,8.062371642769106
4,T_7,C_7_8,0.63,0.54,0,0,0,-17.63544282624871
44,T_10,C_10_4,0.58,0.0,0,0,1,-27.697961402762196
24,T_8,C_8_2,0.54,0.6,0,0,0,-11.676121185767666
29,T_6,C_6_9,0.55,0.57,0,0,0,-13.143058290607193
0,T_8,C_8_3,0.53,0.65,0,0,1,-1.2245877085980759
21,T_5,C_5_5,0.57,0.5,1,0,1,9.794744453089066
6,T_9,C_9_1,0.6,0.52,0,0,1,-29.915845340707396
31,T_8,C_8_4,0.54,0.64,0,0,1,-28.137482767607988
46,T_10,C_10_4,0.53,0.0,0,0,1,-37.18952955123369
16,T_7,C_7_8,0.57,0.51,0,0,1,-28.215260545385743
14,T_10,C_10_4,0.55,0.0,0,0,0,-36.72286288456703
25,T_8,C_8_3,0.51,0.57,0,0,1,-5.427793826767655
45,T_7,C_7_8,0.67,0.6,1,0,1,6.597206318236867
47,T_8,C_8_2,0.61,0.72,0,0,1,-25.845006460228092
42,T_8,C_8_1,0.52,0.6,0,0,0,-10.167850283071944
1,T_9,C_9_1,0.65,0.57,0,0,0,-21.283886168025152
27,T_7,C_7_11,0.53,0.51,1,0,0,1.39655620682929
23,T_7,C_7_8,0.56,0.46,0,0,0,-4.515349876501769
28,T_10,C_10_2,0.5,0.0,0,0,1,-17.592094062548277
26,T_9,C_9_1,0.65,0.5,1,0,1,3.1294337809175357
22,T_8,C_8_2,0.55,0.59,1,0,1,2.8877138506444178
14,T_10,C_10_1,0.52,0.0,0,0,1,-2.2144463201230344
20,T_7,C_7_6,0.69,0.65,0,0,0,-21.568529346984896
33,T_8,C_8_2,0.54,0.59,0,0,0,-1.6173800144585648
4,T_7,C_7_6,0.63,0.54,1,0,0,26.614125518985603
6,T_10,C_10_4,0.52,0.0,1,0,1,18.42544039330467
7,T_9,C_9_1,0.63,0.49,1,0,0,18.808732912445116
32,T_9,C_9_3,0.6,0.51,0,0,0,-10.868626524379028
41,T_7,C_7_8,0.6,0.55,0,0,0,-13.728869305454456
5,T_8,C_8_2,0.63,0.72,1,0,1,10.509920273090522
26,T_10,C_10_1,0.5,0.0,1,0,1,4.145472750393078
1,T_9,C_9_17,0.59,0.57,1,0,1,10.502466671082129
27,T_7,C_7_6,0.52,0.51,1,0,0,33.84174211674052
37,T_6,C_6_5,0.52,0.59,0,0,0,-7.560489975953776
29,T_6,C_6_2,0.53,0.57,0,0,1,-8.076007217333093
40,T_7,C_7_8,0.66,0.56,0,0,0,-18.352694878671855
18,T_8,C_8_1,0.55,0.64,0,0,0,-10.564642035478272
23,T_7,C_7_11,0.52,0.46,0,0,1,-4.626861867460684
13,T_9,C_9_1,0.57,0.46,0,0,0,-2.600470588057381
35,T_8,C_8_4,0.52,0.6,0,0,0,-24.355490668378607
24,T_8,C_8_4,0.53,0.6,1,0,0,22.406806385950574
20,T_7,C_7_2,0.67,0.65,1,0,1,24.62890140598492
43,T_8,C_8_3,0.51,0.62,1,0,0,13.447028477312902
4,T_7,C_7_3,0.56,0.54,1,0,0,19.887880556051776
9,T_9,C_9_1,0.67,0.56,0,0,1,-3.5921194439481905
7,T_9,C_9_3,0.54,0.49,1,0,1,2.789023413194643
32,T_9,C_9_5,0.55,0.51,0,0,1,-9.706810898612293
1,T_10,C_10_2,0.57,0.0,0,0,0,-18.73249583011912
41,T_7,C_7_11,0.58,0.55,0,0,0,-13.021879391762967
34,T_9,C_9_17,0.65,0.54,0,0,1,-20.80213053331547
8,T_9,C_9_1,0.66,0.5,1,0,1,16.376505715037837
27,T_7,C_7_2,0.51,0.51,1,0,1,6.508046300761682
1,T_10,C_10_1,0.55,0.0,1,0,0,11.345210887984083
21,T_6,C_6_9,0.5,0.55,1,0,0,4.377949069842227
0,T_9,C_9_1,0.65,0.52,0,0,0,-26.766613321281262
42,T_8,C_8_3,0.5,0.6,0,0,0,-30.17523053585792
31,T_9,C_9_12,0.64,0.56,0,0,0,-33.4448105585594
40,T_7,C_7_6,0.64,0.56,0,0,1,-9.001237503395327
1,T_10,C_10_4,0.53,0.0,1,0,0,9.589605961992351
13,T_9,C_9_17,0.51,0.46,1,0,1,8.86568305949799
9,T_10,C_10_4,0.56,0.0,1,0,1,15.639082428688585
25,T_9,C_9_3,0.57,0.53,1,0,1,21.72180197543078
16,T_8,C_8_3,0.51,0.64,1,0,0,17.871779036634067
7,T_10,C_10_4,0.49,0.0,1,0,1,11.499185605150473
32,T_10,C_10_4,0.51,0.0,1,0,0,19.347430225762004
47,T_9,C_9_1,0.72,0.58,1,0,1,21.194761217179504
4,T_7,C_7_2,0.55,0.54,1,0,0,4.034911969918871
34,T_10,C_10_4,0.54,0.0,0,0,0,-4.538920550435444
45,T_8,C_8_5,0.6,0.66,0,0,1,-0.49030551369151
1,T_10,C_10_5,0.44,0.0,1,0,0,8.53061025793087
33,T_8,C_8_1,0.52,0.59,1,0,1,2.453165373815546
8,T_10,C_10_2,0.5,0.0,0,0,1,-14.113015135126027
37,T_6,C_6_2,0.51,0.59,0,0,1,-6.774788144725117
41,T_7,C_7_6,0.57,0.55,1,0,1,0.8586582783924648
22,T_9,C_9_1,0.59,0.48,0,0,0,-3.1014742105703714
32,T_10,C_10_1,0.49,0.0,0,0,0,-0.8897624988586657
34,T_10,C_10_1,0.52,0.0,0,0,1,-5.315254363592459
0,T_9,C_9_17,0.63,0.52,0,0,0,-5.183157680062379
13,T_10,C_10_1,0.46,0.0,0,0,0,-0.05837952543697611
1,T_10,C_10_3,0.43,0.0,1,0,0,2.769148564450701
31,T_9,C_9_17,0.63,0.56,1,0,1,4.8113455374932315
25,T_10,C_10_4,0.53,0.0,0,0,0,-4.718132283955395
18,T_8,C_8_3,0.5,0.64,0,0,0,-34.8458495135267
29,T_7,C_7_8,0.57,0.54,0,0,1,-33.38482876198438
24,T_8,C_8_1,0.52,0.6,1,0,1,18.853523435646157
5,T_9,C_9_1,0.72,0.63,1,0,1,11.353523435646206
47,T_10,C_10_2,0.58,0.0,1,0,1,9.62507998659804
32,T_10,C_10_2,0.44,0.0,1,0,1,0.8259136170671564
35,T_8,C_8_3,0.52,0.6,1,0,0,19.252140067356315
4,T_7,C_7_11,0.53,0.54,1,0,1,24.7821900996816
13,T_10,C_10_2,0.41,0.0,1,0,0,14.968072478339487
43,T_8,C_8_2,0.51,0.62,0,0,1,-2.205828372906165
21,T_6,C_6_4,0.48,0.55,1,0,1,12.523599084320429
25,T_10,C_10_1,0.52,0.0,1,0,1,16.606133904753076
23,T_8,C_8_2,0.46,0.56,0,0,1,-4.9079437217529716
42,T_8,C_8_5,0.49,0.6,1,0,1,2.364878748547234
20,T_8,C_8_2,0.65,0.68,0,0,0,-19.717945042447774
22,T_9,C_9_12,0.58,0.48,0,0,0,-6.189873891808528
31,T_10,C_10_4,0.56,0.0,0,0,1,-16.847584348234925
13,T_10,C_10_4,0.41,0.0,0,0,0,-6.2671186781371695
0,T_9,C_9_3,0.57,0.52,0,0,0,-5.064565958936253
27,T_8,C_8_4,0.51,0.57,1,0,0,2.223900897749359
5,T_10,C_10_4,0.63,0.0,1,0,1,11.527555750509155
16,T_8,C_8_4,0.5,0.64,0,0,0,-6.905905058340915
13,T_10,C_10_5,0.38,0.0,1,0,1,1.35588513128795
40,T_8,C_8_3,0.56,0.65,0,0,1,-1.0361475136878937
37,T_7,C_7_8,0.59,0.53,1,0,0,2.9054712166673147
22,T_9,C_9_3,0.57,0.48,0,0,1,-8.894088254698321
45,T_9,C_9_17,0.66,0.6,0,0,0,-2.654221686142403
0,T_9,C_9_6,0.56,0.52,1,0,1,6.798252289928842
18,T_8,C_8_5,0.47,0.64,1,0,0,12.125434925729529
33,T_9,C_9_17,0.59,0.52,1,0,0,23.66694124788455
41,T_8,C_8_2,0.55,0.6,1,0,0,20.65861228643258
22,T_10,C_10_4,0.48,0.0,1,0,1,12.061672825838492
35,T_8,C_8_6,0.49,0.6,1,0,1,26.547136347506104
0,T_10,C_10_4,0.52,0.0,1,0,0,24.97006558502666
37,T_7,C_7_6,0.57,0.53,1,0,0,25.682078750139098
21,T_7,C_7_8,0.55,0.51,1,0,1,3.4396203602669964
29,T_8,C_8_2,0.54,0.59,0,0,1,-19.995713393638315
24,T_9,C_9_2,0.6,0.53,0,0,1,-19.280096955282154
45,T_9,C_9_1,0.66,0.6,1,0,0,11.715935993449282
0,T_10,C_10_2,0.5,0.0,1,0,1,9.653668113150658
33,T_9,C_9_1,0.58,0.52,0,0,1,-15.739494441239541
20,T_8,C_8_1,0.64,0.68,1,0,1,7.291452943157765
4,T_8,C_8_3,0.54,0.62,1,0,1,3.9588478093511164
43,T_9,C_9_17,0.62,0.48,0,0,1,-4.5406146863858154
27,T_8,C_8_2,0.5,0.57,1,0,1,0.29399230051373415
16,T_8,C_8_5,0.5,0.64,1,0,1,0.8575893550561013
23,T_9,C_9_1,0.56,0.48,0,0,0,-20.326952949719477
42,T_9,C_9_12,0.6,0.55,0,0,1,-31.030979065062247
24,T_10,C_10_1,0.53,0.0,0,0,0,-35.19800844482286
37,T_7,C_7_11,0.56,0.53,1,0,0,14.142346605545454
24,T_10,C_10_4,0.5,0.0,1,0,1,5.0885714833292575
33,T_10,C_10_4,0.52,0.0,1,0,0,3.907148343731232
43,T_10,C_10_4,0.48,0.0,1,0,0,10.932134764154913
45,T_9,C_9_3,0.63,0.6,1,0,0,19.870234012722207
33,T_10,C_10_2,0.51,0.0,1,0,0,7.715596219433115
43,T_10,C_10_2,0.47,0.0,1,0,0,12.936177157636864
40,T_9,C_9_17,0.65,0.56,1,0,1,6.734118652761451
18,T_8,C_8_6,0.45,0.64,1,0,1,0.8408358791969999
33,T_10,C_10_1,0.49,0.0,1,0,0,7.785106140303845
42,T_10,C_10_2,0.55,0.0,1,0,0,6.608765719309924
43,T_10,C_10_1,0.47,0.0,0,0,0,-10.901077848875982
33,T_10,C_10_3,0.41,0.0,1,0,0,8.757918107003038
23,T_9,C_9_3,0.49,0.48,1,0,0,9.634885842614985
43,T_10,C_10_3,0.38,0.0,1,0,0,10.016033861296963
42,T_10,C_10_1,0.54,0.0,1,0,1,5.947471903691255
41,T_8,C_8_4,0.53,0.6,1,0,0,2.3342032952770237
33,T_10,C_10_5,0.34,0.0,1,0,0,9.054268020196119
37,T_7,C_7_2,0.48,0.53,1,0,1,10.247717020972457
43,T_10,C_10_5,0.36,0.0,1,0,1,10.099901529291085
40,T_10,C_10_4,0.56,0.0,0,0,1,-3.595351702009026
45,T_9,C_9_2,0.61,0.6,1,0,1,13.44985820111262
35,T_9,C_9_1,0.6,0.56,0,0,0,-21.09865601919347
23,T_9,C_9_15,0.46,0.48,0,0,1,-8.428768740610568
29,T_9,C_9_1,0.59,0.49,1,0,0,0.9660551278557552
21,T_8,C_8_1,0.51,0.51,1,0,1,8.321618588383396
45,T_10,C_10_1,0.6,0.0,1,0,0,17.67906767734376
20,T_9,C_9_2,0.68,0.57,1,0,1,12.481559855698881
4,T_9,C_9_12,0.62,0.55,1,0,1,8.1849859798959
45,T_10,C_10_2,0.59,0.0,0,0,0,-0.06664751280536763
23,T_10,C_10_1,0.48,0.0,1,0,0,12.059593193603359
27,T_9,C_9_1,0.57,0.51,1,0,0,6.207107891625794
45,T_10,C_10_4,0.58,0.0,1,0,1,30.980491109156542
16,T_9,C_9_17,0.64,0.52,1,0,1,36.52405070295666
35,T_9,C_9_17,0.6,0.56,1,0,0,12.571944155241997
23,T_10,C_10_2,0.43,0.0,1,0,0,12.201415591440583
20,T_10,C_10_1,0.57,0.0,0,0,0,-46.034310527461926
29,T_9,C_9_3,0.56,0.49,0,0,1,-35.32551052746193
23,T_10,C_10_4,0.43,0.0,1,0,0,30.114630809767245
20,T_10,C_10_2,0.57,0.0,0,0,1,-0.24988484756528706
4,T_10,C_10_4,0.55,0.0,1,0,0,1.452616482929681
23,T_10,C_10_5,0.42,0.0,1,0,0,15.474113884218275
18,T_9,C_9_3,0.64,0.57,0,0,1,-24.450716728742222
41,T_8,C_8_1,0.5,0.6,1,0,0,0.24535241394025498
4,T_10,C_10_1,0.49,0.0,1,0,0,1.360392006965382
23,T_10,C_10_3,0.35,0.0,1,0,1,10.86331287791599
16,T_10,C_10_4,0.52,0.0,1,0,1,37.88029069563731
27,T_9,C_9_3,0.53,0.51,1,0,0,20.344919356916407
4,T_10,C_10_2,0.47,0.0,1,0,0,20.561780438570718
29,T_10,C_10_1,0.49,0.0,0,0,0,-1.7320149162626404
35,T_9,C_9_3,0.56,0.56,0,0,1,-0.9599796706480985
4,T_10,C_10_3,0.44,0.0,1,0,1,23.67576295622054
29,T_10,C_10_4,0.47,0.0,1,0,1,2.171788415640525
18,T_10,C_10_4,0.57,0.0,0,0,1,-16.458034793006508
37,T_8,C_8_2,0.53,0.6,0,0,0,-5.51400100208782
35,T_10,C_10_4,0.56,0.0,1,0,1,3.8727098636708286
27,T_9,C_9_17,0.53,0.51,1,0,1,13.507730960717208
21,T_9,C_9_3,0.51,0.46,0,0,0,-20.27918295947602
27,T_10,C_10_1,0.51,0.0,1,0,1,9.523802750378477
41,T_8,C_8_3,0.48,0.6,0,0,0,-8.363916825021304
21,T_9,C_9_17,0.5,0.46,1,0,0,1.4598377086036436
37,T_8,C_8_4,0.5,0.6,1,0,0,16.08780511299704
21,T_9,C_9_7,0.5,0.46,1,0,1,1.4642509594744286
21,T_10,C_10_4,0.46,0.0,0,0,0,-20.982293588944312
21,T_10,C_10_1,0.45,0.0,0,0,0,-2.5084961959713716
21,T_10,C_10_2,0.39,0.0,1,0,0,15.937652586847355
21,T_10,C_10_3,0.38,0.0,1,0,1,15.949272943945603
41,T_8,C_8_5,0.45,0.6,1,0,0,12.557841288090929
37,T_8,C_8_6,0.49,0.6,1,0,0,14.732434657466705
41,T_8,C_8_6,0.44,0.6,1,0,1,12.586949918602306
37,T_8,C_8_5,0.46,0.6,0,0,1,-4.651004223989092
41,T_9,C_9_1,0.6,0.5,0,0,0,-10.503370999473013
41,T_9,C_9_3,0.57,0.5,1,0,0,11.740291881891446
37,T_9,C_9_1,0.6,0.5,1,0,1,13.966577577137247
37,T_10,C_10_1,0.5,0.0,0,0,0,-9.309200733564989
37,T_10,C_10_2,0.49,0.0,1,0,1,11.039410112573341
41,T_9,C_9_17,0.55,0.5,0,0,0,10.18972326497418
41,T_9,C_9_5,0.52,0.5,1,0,1,14.194989606828438
41,T_10,C_10_4,0.5,0.0,0,0,1,-8.946411811728435
