student_number,topic,arm_pulled,pay-off,pay-off_next_topic,actual_decision,skip_decision,reward,confidence_score,expected_reward
0,T_1,C_1_15,0.8,0.79,0,0,1,-10.0,0.4617373298594149
2,T_1,C_1_15,0.79,0.79,0,0,0,-10.0,0.47202184526182833
1,T_1,C_1_15,0.8,0.79,0,0,1,-13.621766457095802,0.4924766380302397
6,T_1,C_1_15,0.8,0.79,0,0,1,-15.191626736536918,0.5027709142936203
19,T_1,C_1_15,0.79,0.79,0,0,0,-9.963083822365263,0.41527383173264953
5,T_1,C_1_15,0.82,0.81,0,0,0,-19.93813372256486,0.5185677458481427
18,T_1,C_1_15,0.8,0.8,0,0,0,-13.726556876257476,0.506685967725723
37,T_1,C_1_15,0.78,0.78,0,0,1,-15.03494010979041,0.45017176170260553
30,T_1,C_1_15,0.81,0.8,0,0,1,-9.344321347315361,0.4508044935991582
47,T_1,C_1_15,0.8,0.8,0,0,0,-19.256496996017955,0.5160559644068636
26,T_1,C_1_15,0.78,0.78,0,0,1,-19.608792405199594,0.43016705776016345
40,T_1,C_1_15,0.81,0.8,0,0,1,-8.054900189630732,0.5583243175412191
48,T_1,C_1_15,0.81,0.81,0,0,0,-18.971086759661155,0.5258821365610611
13,T_1,C_1_15,0.78,0.78,0,0,0,-15.275886503854872,0.4080755664972998
3,T_1,C_1_15,0.77,0.77,0,0,1,-13.793814790707462,0.443204051390397
7,T_1,C_1_15,0.79,0.78,0,0,0,-17.876257475059873,0.4500831753610404
22,T_1,C_1_15,0.79,0.79,1,0,1,33.43783076636772,0.46483749741341696
14,T_1,C_1_15,0.8,0.8,0,0,0,-12.969113595488338,0.5044683375611191
27,T_1,C_1_15,0.79,0.79,1,0,0,34.302507383283135,0.38816624597471217
24,T_1,C_1_15,0.79,0.79,0,0,0,-8.272898456046109,0.49524747944741443
31,T_1,C_1_15,0.8,0.8,0,0,0,-9.864531922181566,0.5101647199664034
28,T_1,C_1_15,0.78,0.78,0,0,0,-18.848595667201483,0.4291250860257056
4,T_1,C_1_15,0.8,0.79,1,0,1,37.80698499522344,0.49764145399574483
34,T_1,C_1_15,0.8,0.8,1,0,1,32.08360191064632,0.5073300473506124
41,T_1,C_1_15,0.78,0.78,0,0,0,-17.248994073575986,0.452691653770546
11,T_1,C_1_15,0.82,0.81,0,0,1,-13.239033914213438,0.5328814018208651
17,T_1,C_1_15,0.81,0.81,1,0,1,39.782109373332894,0.5677374501975918
35,T_1,C_1_15,0.8,0.79,1,0,0,23.619264551715332,0.47557022173172064
38,T_1,C_1_15,0.78,0.78,1,0,0,16.59305464696473,0.4042089751735997
29,T_1,C_1_15,0.78,0.78,1,0,0,28.80997006985031,0.44951413371448445
32,T_1,C_1_15,0.79,0.79,1,0,0,28.413049014748452,0.47439907794807534
49,T_1,C_1_15,0.81,0.81,1,0,1,36.3081313509201,0.5520532864314875
10,T_1,C_1_15,0.79,0.79,1,0,0,28.282959640369107,0.4407825379933403
25,T_1,C_1_15,0.79,0.79,1,0,0,27.904608101143687,0.4998843502747285
8,T_1,C_1_15,0.8,0.8,1,0,1,34.32069548942572,0.5000255449619446
23,T_1,C_1_15,0.77,0.77,1,0,0,19.41106291742969,0.38218808868447385
20,T_1,C_1_15,0.82,0.81,0,0,1,-6.376090697740319,0.5636114444833188
39,T_1,C_1_15,0.82,0.81,0,0,1,-15.452479586629211,0.532917087943709
36,T_1,C_1_15,0.79,0.79,0,0,1,-57.89599587652806,0.4389172943508566
16,T_1,C_1_15,0.8,0.8,0,0,0,-69.21809696671636,0.46125830905308407
45,T_1,C_1_15,0.81,0.81,0,0,0,-69.88013859208802,0.5486175783646943
44,T_1,C_1_15,0.81,0.81,0,0,1,-14.045733554883178,0.5623291938209678
9,T_1,C_1_15,0.8,0.8,0,0,0,-65.90293343847057,0.5287276796893957
46,T_1,C_1_15,0.8,0.79,0,0,1,-58.58380558911478,0.47148652021101733
33,T_1,C_1_15,0.79,0.79,0,0,0,-12.768248572560791,0.477984461914995
21,T_1,C_1_15,0.78,0.78,0,0,0,-48.10808705591359,0.40026530391027176
15,T_1,C_1_15,0.83,0.83,0,0,1,-8.676169364640002,0.623481885503003
42,T_1,C_1_15,0.79,0.79,0,0,0,-11.380129760679605,0.47391127931430765
43,T_1,C_1_15,0.79,0.79,0,0,0,-13.856592406944229,0.47388545938470894
12,T_1,C_1_15,0.78,0.77,0,0,1,-4.256195926616165,0.42352936457233814
2,T_1,C_1_14,0.81,0.79,1,0,0,23.366888335333535,0.4201492831123146
19,T_1,C_1_14,0.81,0.79,0,0,0,-16.356643633109954,0.5041455208866519
5,T_1,C_1_14,0.83,0.81,0,0,1,-38.29333233613052,0.5573094016143678
18,T_1,C_1_14,0.82,0.8,0,0,0,-39.16737813765723,0.5621037502440206
47,T_1,C_1_14,0.82,0.8,1,0,1,40.77481603456335,0.55890082874938
48,T_1,C_1_14,0.83,0.81,1,0,1,62.892911272658594,0.5336949612123179
13,T_1,C_1_14,0.8,0.78,0,0,0,-43.70951986612236,0.4816361225344392
7,T_1,C_1_14,0.81,0.78,0,0,0,-57.757003246939085,0.5176210352653265
24,T_1,C_1_14,0.82,0.79,0,0,1,-18.981596049411856,0.5169695365323208
27,T_1,C_1_14,0.81,0.79,1,0,0,29.553114485987212,0.44101243919515815
14,T_1,C_1_14,0.82,0.8,1,0,1,13.949188818896076,0.5434741867491966
31,T_1,C_1_14,0.82,0.8,1,0,0,12.539754856631923,0.519585861783364
41,T_1,C_1_14,0.81,0.78,1,0,0,21.084094479273432,0.5398816019650607
0,T_2,C_2_20,0.79,0.8,1,0,0,30.645415233990413,0.40955557420747113
28,T_1,C_1_14,0.81,0.78,1,0,1,34.13006708949874,0.5354553763890186
35,T_1,C_1_14,0.82,0.66,1,0,0,24.95059913456908,0.4538558749220547
30,T_2,C_2_20,0.8,0.81,0,0,1,-21.94871958476446,0.40066677084479924
6,T_2,C_2_20,0.79,0.8,0,0,0,-24.729001274905308,0.41666891522874266
38,T_1,C_1_14,0.8,0.64,1,0,1,2.033440039648683,0.466060661754789
1,T_2,C_2_20,0.79,0.8,0,0,0,-6.200362777252725,0.40584792960875876
37,T_2,C_2_20,0.78,0.79,1,0,1,35.30463032631284,0.3980657439364943
29,T_1,C_1_14,0.81,0.61,1,0,1,16.537776393728567,0.5253586727251545
40,T_2,C_2_20,0.8,0.81,0,0,0,-19.288583955647624,0.48189771769107637
10,T_1,C_1_14,0.81,0.57,1,0,1,23.716175492871812,0.5137043270809585
26,T_2,C_2_20,0.78,0.78,0,0,0,-5.412061240748498,0.37570756694549945
32,T_1,C_1_14,0.81,0.62,1,0,1,27.370381100348446,0.5372198364595071
25,T_1,C_1_14,0.81,0.6,1,0,0,5.414431296564931,0.45900218162272094
22,T_2,C_2_20,0.79,0.79,1,0,0,21.22374939618799,0.3960730467046004
23,T_1,C_1_14,0.8,0.55,1,0,0,50.77863902187296,0.44849155543855856
3,T_2,C_2_20,0.77,0.77,1,0,0,31.82049948698924,0.38809005396531254
16,T_1,C_1_14,0.82,0.58,1,0,0,37.205615766059005,0.4616128504244281
33,T_1,C_1_14,0.81,0.61,1,0,1,23.90354714242158,0.5355603415933011
4,T_2,C_2_20,0.79,0.8,1,0,1,31.762068406966936,0.4197740828618933
2,T_1,C_1_13,0.83,0.59,1,0,0,52.91484618474472,0.47254219849311685
21,T_1,C_1_14,0.8,0.57,0,0,0,-18.647646113468475,0.4392993898666463
43,T_1,C_1_14,0.82,0.6,1,0,1,0.6712078606535323,0.5008614154194224
9,T_1,C_1_14,0.82,0.62,0,0,1,-2.5681636735424194,0.5446311477075629
45,T_1,C_1_14,0.83,0.59,1,0,1,1.868065531633178,0.5120908984492407
34,T_2,C_2_20,0.8,0.81,0,0,0,-5.185492821882667,0.4301229853828976
19,T_1,C_1_13,0.83,0.59,0,0,0,-20.437172193937737,0.5003506223127089
11,T_2,C_2_20,0.66,0.82,1,0,0,2.1617238502204676,0.48986900373452796
18,T_1,C_1_13,0.84,0.59,0,0,0,-12.588046158979155,0.5224542447215803
13,T_1,C_1_13,0.82,0.56,0,0,1,-15.967990961187045,0.46378140130034795
0,T_2,C_2_19,0.77,0.8,0,0,0,-9.248468124453469,0.4168003557785497
42,T_1,C_1_14,0.82,0.6,0,0,1,-9.129904484646126,0.5232910375996915
7,T_1,C_1_13,0.83,0.61,1,0,1,24.295041401706435,0.5042645781704675
17,T_2,C_2_20,0.7,0.82,1,0,1,54.56613264868966,0.4548689875789945
49,T_2,C_2_20,0.64,0.82,1,0,0,10.46638783480446,0.4494974140703842
20,T_2,C_2_20,0.63,0.83,0,0,0,-21.23626541313697,0.5224100759268209
6,T_2,C_2_19,0.77,0.8,0,0,1,-17.188602957523628,0.3789243531656436
1,T_2,C_2_19,0.77,0.8,1,0,1,13.428876398390917,0.3736295318668216
31,T_1,C_1_13,0.84,0.52,0,0,1,-37.91875760494983,0.539568963718332
27,T_1,C_1_13,0.83,0.57,0,0,0,-22.735995559823447,0.48245365040590904
36,T_2,C_2_20,0.6,0.79,0,0,0,-17.999887960464893,0.3494082442918849
40,T_2,C_2_19,0.78,0.81,1,0,1,12.021764069495955,0.4356859543199757
41,T_1,C_1_13,0.83,0.52,1,0,0,35.59241815129758,0.4982331842373312
39,T_2,C_2_20,0.6,0.82,0,0,1,-6.845928806013957,0.459662264689054
26,T_2,C_2_19,0.75,0.78,1,0,0,12.441991266647255,0.38109922845607863
8,T_2,C_2_20,0.59,0.81,0,0,0,-49.04308334791695,0.4566676981621739
44,T_2,C_2_19,0.61,0.82,0,0,1,-33.59571492686433,0.46513034490769084
30,T_3,C_3_13,0.81,0.88,1,0,0,45.003710936135676,0.45028418404744963
35,T_1,C_1_13,0.84,0.52,1,0,1,11.717027031804705,0.47061337913028717
22,T_2,C_2_19,0.76,0.79,0,0,0,-9.072303890437594,0.41400246578331923
37,T_3,C_3_13,0.79,0.87,1,0,0,37.510498266452416,0.4367088073461421
3,T_2,C_2_19,0.73,0.77,1,0,0,34.83381520419664,0.3798789251631887
46,T_2,C_2_19,0.59,0.8,1,0,1,22.430749379129015,0.37683772275372973
12,T_2,C_2_19,0.57,0.69,0,0,1,-23.0940461121424,0.3705403758753337
15,T_2,C_2_19,0.63,0.76,0,0,1,-67.15160006897693,0.5559341599663512
47,T_2,C_2_19,0.63,0.65,1,0,0,32.731805875698775,0.4450299442791914
5,T_2,C_2_19,0.6,0.71,0,0,1,-12.802884574292548,0.4729807123039502
48,T_2,C_2_19,0.6,0.72,0,0,0,-22.923852316228015,0.40496766301587295
23,T_1,C_1_13,0.82,0.52,1,0,0,18.77328030025943,0.3885989954139018
34,T_2,C_2_19,0.77,0.66,0,0,1,-46.22736248864291,0.4367139185071958
14,T_2,C_2_20,0.52,0.72,0,0,1,-4.738357323348712,0.41314911264952225
11,T_2,C_2_19,0.79,0.69,1,0,1,3.269360824232032,0.4962543853046139
30,T_3,C_3_12,0.84,0.88,1,0,0,55.35645860045225,0.5932517848271939
4,T_3,C_3_13,0.68,0.88,1,0,1,28.98254604783897,0.4130426988076758
16,T_1,C_1_13,0.84,0.54,1,0,1,39.37648544177836,0.491392899120753
0,T_2,C_2_18,0.81,0.69,0,0,1,-2.412071914297732,0.5292102437380422
24,T_2,C_2_20,0.52,0.63,0,0,0,-30.27281159966431,0.40992918929278965
25,T_1,C_1_13,0.83,0.53,0,0,0,-46.90036715521987,0.46760053744110175
49,T_2,C_2_19,0.67,0.69,0,0,0,-10.82582600661123,0.4477615370119469
21,T_1,C_1_13,0.71,0.53,1,0,1,4.477403617928385,0.44714755357281816
37,T_3,C_3_12,0.83,0.87,1,0,1,5.826194892069861,0.47616817770949205
28,T_2,C_2_18,0.52,0.63,1,0,1,0.6533225516443348,0.48075323658755675
20,T_2,C_2_19,0.7,0.64,1,0,1,11.250541894689393,0.5303965590021398
2,T_1,C_1_12,0.83,0.52,0,0,1,-13.309048000040852,0.4659634906044857
19,T_1,C_1_12,0.83,0.52,1,0,0,34.86435107299695,0.5003552065436939
36,T_2,C_2_19,0.65,0.65,1,0,1,47.584315737307875,0.3339528292759998
17,T_3,C_3_13,0.67,0.89,1,0,0,0.8951466094101583,0.5307660920591254
1,T_3,C_3_12,0.63,0.88,0,0,0,-35.93811286052295,0.5241245511481134
8,T_2,C_2_19,0.64,0.65,0,0,0,-36.71784854334231,0.44747653678829924
29,T_2,C_2_18,0.51,0.64,0,0,0,-12.081895346596195,0.5019308157896578
18,T_1,C_1_12,0.84,0.53,0,0,0,-30.83855338915732,0.5480453036281189
26,T_2,C_2_18,0.8,0.63,0,0,0,-26.553090834091236,0.5285691512524907
6,T_3,C_3_13,0.65,0.88,0,0,0,-41.37777981002681,0.44483280615145554
38,T_2,C_2_18,0.52,0.65,0,0,0,-17.950393371784358,0.4567354620134165
22,T_2,C_2_18,0.81,0.62,1,0,1,5.830344821251299,0.5429679992969363
3,T_2,C_2_18,0.8,0.55,1,0,0,7.246134294935517,0.48671575815928814
30,T_3,C_3_11,0.84,0.88,1,0,0,26.34350271598813,0.4108576150046632
27,T_1,C_1_12,0.83,0.49,1,0,0,19.548489350700983,0.4450701728691766
10,T_2,C_2_18,0.53,0.6,1,0,1,8.017841364711517,0.5131587361397851
40,T_3,C_3_13,0.65,0.89,0,0,1,-0.6993215074425869,0.452633141171134
32,T_2,C_2_18,0.54,0.65,1,0,1,7.932902660683494,0.49664016224889107
41,T_1,C_1_12,0.83,0.46,1,0,1,5.186682655365379,0.487368771774155
47,T_2,C_2_18,0.69,0.57,1,0,1,14.43886415623797,0.5791100005562776
33,T_2,C_2_18,0.58,0.59,0,0,0,-6.79384502016446,0.5007758095303793
17,T_3,C_3_11,0.64,0.89,0,0,1,-32.8861323472798,0.47628216925936534
39,T_3,C_3_13,0.69,0.89,1,0,1,0.11163902534792136,0.5169987720172186
44,T_3,C_3_13,0.66,0.89,0,0,1,-45.490661964004545,0.5140524772224893
48,T_2,C_2_18,0.66,0.66,1,0,0,14.688507326087729,0.5143702128003023
12,T_3,C_3_13,0.62,0.87,0,0,0,-7.953515620772187,0.3464242972642959
46,T_3,C_3_13,0.62,0.88,0,0,1,-43.45177950966105,0.4255580733355414
15,T_3,C_3_13,0.68,0.9,0,0,1,-34.93169753751114,0.5818271774981012
1,T_3,C_3_11,0.66,0.88,0,0,1,-26.818967009661073,0.4104154452364522
45,T_2,C_2_20,0.49,0.63,0,0,0,-7.537525361031932,0.45950392373141435
43,T_2,C_2_20,0.46,0.6,0,0,0,-39.62843445194099,0.4211598283413509
24,T_2,C_2_19,0.56,0.57,0,0,1,-6.337525361031923,0.40844826664324213
14,T_3,C_3_13,0.66,0.88,0,0,1,-41.098303683055924,0.3809640801721119
34,T_3,C_3_13,0.59,0.88,1,0,1,23.657358406885553,0.47613568801508455
9,T_2,C_2_20,0.46,0.58,0,0,0,-43.53009520997145,0.41461233625186267
11,T_3,C_3_13,0.64,0.89,0,0,0,-51.95287346708966,0.5299393167912126
6,T_3,C_3_12,0.67,0.88,0,0,1,-32.92428461225044,0.5382979706372671
13,T_2,C_2_20,0.45,0.59,0,0,1,-1.4984225432849314,0.36814852177815
5,T_3,C_3_13,0.67,0.89,1,0,0,14.22742467522464,0.5054793689726922
23,T_1,C_1_12,0.82,0.46,1,0,1,11.093057750160057,0.38309884988587306
30,T_3,C_3_10,0.86,0.88,1,0,1,38.41038167857954,0.5535415088788938
4,T_4,C_4_5,0.88,0.82,0,0,0,-52.62107740921495,0.5083070569096226
7,T_2,C_2_18,0.47,0.5,0,0,1,-33.84371822733848,0.5184091116539287
0,T_3,C_3_13,0.66,0.88,0,0,0,-50.31107217922852,0.48868769091974884
49,T_2,C_2_18,0.71,0.55,0,0,0,-61.44136975659243,0.617497744523615
42,T_2,C_2_20,0.44,0.52,0,0,0,-10.168643221296737,0.41223819342058243
8,T_2,C_2_18,0.69,0.6,0,0,1,-2.4447485757607232,0.568493382070222
28,T_3,C_3_13,0.56,0.87,0,0,1,-41.22038374728635,0.4037142948564042
25,T_1,C_1_12,0.84,0.46,0,0,0,-12.497512653108675,0.4578066847767993
37,T_4,C_4_5,0.87,0.81,0,0,0,-2.8877773841078085,0.4490621723247122
31,T_2,C_2_20,0.44,0.53,0,0,1,-32.50434442082856,0.4491957943376085
20,T_3,C_3_13,0.62,0.89,1,0,1,4.918371206840096,0.514217188477291
29,T_2,C_2_17,0.54,0.56,1,0,0,10.20336561021928,0.43470791045889734
38,T_2,C_2_17,0.52,0.57,0,0,1,-14.864261914829713,0.42737528894147486
26,T_2,C_2_17,0.78,0.5,0,0,0,-26.582319836465146,0.42063779975687443
35,T_2,C_2_20,0.48,0.58,0,0,1,-35.17175765588593,0.3772164934161066
12,T_3,C_3_12,0.66,0.87,0,0,0,-16.080616258952354,0.514659523001038
36,T_3,C_3_13,0.59,0.88,0,0,0,-12.735641812615084,0.4233743679598245
3,T_2,C_2_17,0.77,0.44,0,0,1,-26.839637486710565,0.36971459950344254
19,T_1,C_1_11,0.83,0.52,0,0,0,-36.604044407429754,0.49046636612780753
11,T_3,C_3_12,0.68,0.82,1,0,1,29.042890353916505,0.5720269558150614
22,T_3,C_3_13,0.56,0.78,0,0,0,-41.98353662272521,0.386843924979283
33,T_2,C_2_17,0.55,0.47,1,0,1,2.0327380696525914,0.4340673965179038
48,T_2,C_2_17,0.64,0.58,1,0,1,37.37310511268965,0.49940292165053063
18,T_1,C_1_11,0.84,0.5,0,0,0,-15.490031362393033,0.5257505214412583
10,T_3,C_3_13,0.54,0.75,1,0,0,10.03279516754908,0.463075807571683
27,T_1,C_1_11,0.83,0.49,0,0,1,-11.098011306748798,0.47980453959065583
5,T_3,C_3_12,0.7,0.79,0,0,1,-6.156983505569363,0.599843013602388
32,T_3,C_3_13,0.57,0.75,1,0,0,20.030304283866727,0.3887638211624891
40,T_4,C_4_5,0.89,0.82,0,0,1,-51.13897400504991,0.5079446695831147
0,T_3,C_3_12,0.69,0.77,1,0,1,22.81146590063463,0.5540494630993751
44,T_4,C_4_5,0.89,0.83,0,0,1,-41.334563604772285,0.5317650129038045
43,T_2,C_2_17,0.5,0.54,0,0,1,-45.556879041013836,0.396553698318225
47,T_3,C_3_13,0.48,0.75,1,0,1,2.9057462001862024,0.49887974739762264
45,T_2,C_2_17,0.53,0.54,1,0,1,27.434080804192526,0.5086004278564276
39,T_4,C_4_5,0.89,0.83,0,0,0,-10.940291055103929,0.580370295669044
17,T_4,C_4_5,0.89,0.83,0,0,0,-0.11952053584096589,0.5470940929412783
16,T_2,C_2_20,0.49,0.56,1,0,1,23.944794764510185,0.3741070361911495
46,T_4,C_4_5,0.88,0.82,0,0,0,-32.205626170116496,0.49353486041256955
9,T_2,C_2_17,0.53,0.52,1,0,0,28.64027341720184,0.4568660273683811
15,T_4,C_4_5,0.9,0.85,1,0,1,38.27513332461362,0.6324913267664369
21,T_2,C_2_20,0.52,0.56,0,0,0,-38.544622977359374,0.29925134490881755
14,T_4,C_4_5,0.79,0.82,0,0,0,-6.709516815827342,0.47339154049034177
1,T_4,C_4_5,0.88,0.81,0,0,1,-8.128334467784041,0.47012155644894726
2,T_2,C_2_20,0.5,0.55,0,0,1,-8.301523476943068,0.3745793526118869
4,T_4,C_4_4,0.91,0.82,0,0,1,-23.300690837475933,0.49088857878815795
24,T_3,C_3_13,0.53,0.73,1,0,0,33.101176851817904,0.41837189445875544
12,T_3,C_3_11,0.68,0.74,1,0,1,9.504304501357405,0.37901307836677567
34,T_4,C_4_5,0.78,0.82,1,0,1,0.10363949720112409,0.5056859333749666
13,T_3,C_3_13,0.52,0.75,1,0,0,4.713614706900294,0.3987691160714778
49,T_2,C_2_17,0.81,0.51,0,0,0,-15.782239356117977,0.49175991983084866
42,T_2,C_2_17,0.51,0.43,0,0,0,-29.936168935593642,0.45786062987418147
22,T_3,C_3_12,0.65,0.72,0,0,1,-19.472592776653247,0.48494004637694177
36,T_3,C_3_12,0.62,0.76,0,0,0,-7.58573017333052,0.5061691269207804
6,T_4,C_4_5,0.79,0.82,0,0,1,-21.79333976803684,0.5110015042221844
37,T_4,C_4_4,0.9,0.81,0,0,0,-7.874713623897511,0.49525600348510707
7,T_3,C_3_13,0.47,0.75,1,0,0,39.526472858387066,0.4096759113824956
30,T_4,C_4_5,0.78,0.82,0,0,0,-19.45884326199456,0.5317854636191091
10,T_3,C_3_12,0.63,0.69,1,0,0,32.29792500360159,0.54226830408219
29,T_2,C_2_16,0.58,0.51,1,0,0,47.319109830245836,0.549146919364326
26,T_2,C_2_16,0.81,0.43,1,0,1,39.8500685030818,0.5505895854302699
41,T_2,C_2_20,0.43,0.44,1,0,0,28.617146692382242,0.4287299964402535
32,T_3,C_3_12,0.65,0.72,1,0,1,48.50603558127111,0.5147276639448546
8,T_3,C_3_13,0.58,0.74,0,0,0,-28.885878051102928,0.4647457987115804
31,T_3,C_3_13,0.45,0.73,0,0,1,-29.107827273052173,0.4560335141912003
38,T_3,C_3_13,0.48,0.71,1,0,0,22.895267920558126,0.4070890023253912
28,T_4,C_4_5,0.73,0.8,1,0,0,28.844572908293216,0.45087608663566003
20,T_4,C_4_5,0.77,0.84,0,0,0,-5.134089734196321,0.6024433683091508
25,T_1,C_1_11,0.83,0.45,0,0,1,-1.7880279761597908,0.48073305750232004
35,T_3,C_3_13,0.5,0.71,0,0,0,-17.18801130282378,0.4045908162173274
3,T_3,C_3_13,0.41,0.62,1,0,1,12.396840064562735,0.374733767961817
11,T_4,C_4_5,0.74,0.83,1,0,0,18.529929312976837,0.510321765582654
24,T_3,C_3_12,0.6,0.7,1,0,1,29.69794879349633,0.5389924947991933
48,T_3,C_3_13,0.56,0.75,1,0,1,17.480784975967545,0.5053109714713986
33,T_3,C_3_13,0.46,0.59,0,0,0,-5.733864130421816,0.46536088469806247
19,T_1,C_1_10,0.82,0.47,1,0,1,18.802977974841326,0.36738610316325193
13,T_3,C_3_12,0.61,0.71,1,0,0,31.576257327068042,0.5085801479358936
39,T_4,C_4_4,0.91,0.83,1,0,0,9.661277569983012,0.5580911776218304
23,T_2,C_2_20,0.45,0.46,1,0,0,4.732859921172203,0.31658730351547637
18,T_1,C_1_10,0.84,0.48,1,0,1,30.05848029878598,0.4866090465289972
17,T_4,C_4_4,0.91,0.83,0,0,0,-30.313698917085908,0.5773447516527302
36,T_3,C_3_11,0.66,0.7,0,0,0,-4.896426923542746,0.42735962083088636
7,T_3,C_3_12,0.56,0.61,1,0,0,16.566277781083805,0.5417135489159928
5,T_4,C_4_5,0.75,0.83,0,0,1,-32.429406630550965,0.5130787333632241
0,T_4,C_4_5,0.73,0.82,0,0,1,-24.171550063266494,0.454967167521134
46,T_4,C_4_4,0.91,0.82,0,0,1,-43.14495860476526,0.5310827801154362
9,T_2,C_2_16,0.56,0.49,0,0,0,-28.89032524457189,0.5950198878308111
43,T_3,C_3_13,0.53,0.7,0,0,0,-36.16268624376604,0.48214903081887944
14,T_4,C_4_4,0.91,0.82,1,0,1,7.053809904832187,0.5000584328833682
21,T_2,C_2_19,0.55,0.51,1,0,0,11.942810206683601,0.33588713740199205
47,T_4,C_4_4,0.71,0.82,1,0,1,12.875242079350343,0.5734597738103705
45,T_3,C_3_13,0.51,0.71,0,0,1,-17.500629251632795,0.5247510393741637
10,T_3,C_3_11,0.66,0.62,0,0,0,-15.6451412374636,0.44212396841200696
44,T_5,C_5_13,0.83,0.86,0,0,0,-19.453722031735303,0.4868145191474138
40,T_5,C_5_13,0.82,0.86,0,0,0,-34.266372151831334,0.4618836794493648
16,T_3,C_3_13,0.54,0.75,0,0,0,-14.36464212781214,0.47652345906214544
42,T_2,C_2_16,0.54,0.42,0,0,0,-21.46384212781213,0.5400768065495164
8,T_3,C_3_12,0.63,0.72,0,0,1,-21.753442127812104,0.5303844050991628
38,T_3,C_3_12,0.56,0.68,1,0,0,36.77385571391446,0.5027549258753198
49,T_2,C_2_16,0.83,0.48,0,0,0,-26.609438289860154,0.5966845886983541
2,T_3,C_3_13,0.51,0.67,0,0,0,-15.72445426430104,0.38426428930750933
37,T_4,C_4_3,0.91,0.81,1,0,1,41.297279382916045,0.4393247809053636
30,T_4,C_4_4,0.82,0.82,1,0,1,28.48977320348704,0.4797790313058802
35,T_3,C_3_12,0.6,0.67,1,0,0,33.896127444816095,0.5127225079039608
12,T_4,C_4_5,0.69,0.8,1,0,1,35.774505823194474,0.39820752777167184
15,T_5,C_5_13,0.85,0.88,0,0,0,-12.747563725345676,0.5752004631341171
29,T_2,C_2_15,0.58,0.45,1,0,1,2.73338865560671,0.49130694062389735
1,T_5,C_5_13,0.81,0.85,1,0,0,4.427039449257498,0.4481977874989099
4,T_5,C_5_13,0.82,0.85,0,0,1,-55.089608335946934,0.43982516078273637
33,T_3,C_3_12,0.54,0.61,0,0,0,-47.61964512158356,0.5503859604136245
41,T_2,C_2_19,0.44,0.42,0,0,0,-17.076791904392593,0.4343590971194605
22,T_4,C_4_5,0.64,0.81,0,0,1,-4.285026267021273,0.4860535022359564
27,T_2,C_2_20,0.47,0.45,0,0,0,-3.379246377868487,0.3440530594167844
13,T_3,C_3_11,0.67,0.67,1,0,1,37.19535874154783,0.3413627322252123
34,T_5,C_5_13,0.82,0.86,1,0,1,29.3931435516744,0.5072485188432413
28,T_4,C_4_4,0.77,0.8,1,0,0,29.485100413216095,0.5172018776216127
6,T_5,C_5_13,0.82,0.85,1,0,1,25.279891257730732,0.4352845909001073
20,T_4,C_4_4,0.82,0.84,0,0,1,-25.272521481072044,0.5338452682685987
36,T_3,C_3_10,0.77,0.67,0,0,0,-7.194445771292901,0.4946584556481074
7,T_3,C_3_11,0.65,0.59,1,0,0,17.72133716715937,0.4148458477253066
32,T_4,C_4_5,0.67,0.66,1,0,0,6.74193982113833,0.46340927399294896
26,T_3,C_3_10,0.4,0.62,1,0,1,15.270657366378277,0.4660101225837169
11,T_4,C_4_4,0.81,0.63,1,0,0,0.17045584625595733,0.5000347490743743
43,T_3,C_3_12,0.59,0.68,0,0,1,-28.198235098917408,0.5371213854789916
31,T_4,C_4_3,0.58,0.63,0,0,0,-40.493793322206734,0.5106408390813328
39,T_4,C_4_3,0.93,0.69,0,0,1,-17.257263580400735,0.5792410798483002
10,T_3,C_3_10,0.75,0.62,1,0,0,0.3666613609596814,0.5883551405938043
16,T_3,C_3_12,0.58,0.74,0,0,1,-0.06266434816245159,0.5963239397349519
23,T_2,C_2_19,0.52,0.43,1,0,0,2.8522946756467444,0.28048187809917263
3,T_4,C_4_5,0.58,0.6,0,0,1,-6.966099712505981,0.4438257356890889
24,T_4,C_4_5,0.62,0.61,1,0,1,1.2911099523419978,0.5131918757380847
48,T_4,C_4_5,0.74,0.66,1,0,0,14.879053256878292,0.5198990025498311
17,T_4,C_4_3,0.93,0.66,1,0,1,8.0967826503464,0.5804689195792041
2,T_3,C_3_12,0.61,0.68,1,0,0,4.523687782539248,0.5212540964910071
44,T_5,C_5_12,0.82,0.86,1,0,0,39.937414111506634,0.47472267236852933
38,T_3,C_3_11,0.61,0.67,1,0,0,50.146427320519834,0.4084839039744571
40,T_5,C_5_12,0.82,0.86,1,0,1,11.989299416773429,0.42911619693091685
9,T_2,C_2_15,0.56,0.48,1,0,0,28.585885917937087,0.5218474630762291
35,T_3,C_3_11,0.66,0.65,1,0,1,3.0040383219070534,0.46430816153944315
21,T_2,C_2_18,0.56,0.49,1,0,0,2.677131808874776,0.46838355251070884
33,T_3,C_3_11,0.62,0.56,1,0,0,24.96215203025195,0.46168238112454785
42,T_2,C_2_15,0.54,0.45,1,0,1,26.397772693320547,0.5683159005650231
15,T_5,C_5_12,0.84,0.88,1,0,1,6.73256601036085,0.560819190002272
5,T_5,C_5_13,0.65,0.87,1,0,0,49.61711329525454,0.5200588897732277
49,T_2,C_2_15,0.83,0.47,1,0,1,1.931027548822387,0.5758218581819587
1,T_5,C_5_12,0.81,0.85,1,0,0,6.8141044718993165,0.4529243370007098
46,T_5,C_5_13,0.62,0.86,0,0,0,-32.1333685915852,0.44623416588083786
45,T_4,C_4_5,0.71,0.63,0,0,0,-10.655856626301887,0.5262893813008227
25,T_2,C_2_20,0.45,0.5,1,0,0,3.417650264969177,0.3701353569236129
7,T_3,C_3_10,0.71,0.6,0,0,0,-15.458306856010896,0.5510324471876746
47,T_5,C_5_12,0.63,0.86,0,0,0,-22.084646825383007,0.4614214605027615
36,T_3,C_3_9,0.85,0.67,1,0,0,20.92231416098906,0.5294375768846443
14,T_5,C_5_12,0.61,0.86,1,0,1,1.0370989632846603,0.4576078340121339
0,T_5,C_5_13,0.61,0.85,0,0,1,-9.888703436562547,0.4895683384011613
8,T_4,C_4_5,0.71,0.65,0,0,1,-37.32252134015854,0.5149350634656858
10,T_3,C_3_9,0.85,0.61,1,0,0,33.62264140980292,0.5541405317462115
28,T_4,C_4_3,0.84,0.59,1,0,0,9.906310119400063,0.48452155310902556
41,T_2,C_2_18,0.48,0.42,1,0,0,5.3820974458993245,0.5147180239602227
29,T_3,C_3_13,0.45,0.63,1,0,1,29.566747901826343,0.37889568232591375
19,T_2,C_2_20,0.46,0.47,0,0,0,-19.04998279910669,0.3637010389830519
30,T_5,C_5_13,0.69,0.86,0,0,1,-26.35043803431156,0.43430083838396744
27,T_2,C_2_19,0.54,0.45,1,0,0,29.75207399756293,0.3817663771109667
37,T_5,C_5_12,0.6,0.85,0,0,1,-11.162274149637812,0.415732775419451
18,T_2,C_2_20,0.48,0.51,0,0,1,-3.2609084440232596,0.44591520086296743
11,T_4,C_4_3,0.88,0.55,1,0,1,19.76544630371366,0.5399226375660793
38,T_3,C_3_9,0.65,0.63,1,0,1,50.8395764096138,0.5066696849290232
2,T_3,C_3_11,0.65,0.66,1,0,0,14.19812406468189,0.44842994196858493
32,T_4,C_4_4,0.73,0.61,1,0,0,18.27754917814635,0.45479640878582134
12,T_5,C_5_13,0.59,0.84,1,0,0,8.90765507829763,0.4192695663534489
13,T_4,C_4_5,0.67,0.66,1,0,0,8.897614518116601,0.44317272370003447
31,T_4,C_4_2,0.63,0.56,1,0,0,9.062391540036487,0.406708481982911
33,T_3,C_3_10,0.65,0.55,1,0,0,14.341401645292713,0.570611751263145
44,T_5,C_5_11,0.84,0.86,1,0,1,21.832735481012342,0.5462860191771103
4,T_6,C_6_9,0.85,0.82,0,0,1,-31.296999269209195,0.5070296260124282
23,T_2,C_2_18,0.57,0.44,1,0,1,11.894276323836577,0.45808287557577904
48,T_4,C_4_4,0.76,0.63,0,0,0,-0.8914447406578505,0.5795982664772095
26,T_4,C_4_5,0.62,0.54,0,0,0,-2.6457648007630397,0.4288405826979678
22,T_5,C_5_13,0.58,0.85,1,0,1,14.169687649403912,0.40214987594867446
7,T_3,C_3_9,0.85,0.59,1,0,1,20.21296717134655,0.5590984409253908
20,T_5,C_5_13,0.65,0.87,0,0,1,-36.56235932599532,0.47196091434079734
6,T_6,C_6_9,0.85,0.82,0,0,0,-23.42099806945081,0.44211998772880656
16,T_4,C_4_5,0.68,0.65,0,0,1,-14.71805112869486,0.4661329613473403
1,T_5,C_5_11,0.83,0.85,0,0,0,-6.992341113747203,0.4573483440444579
9,T_2,C_2_14,0.58,0.48,0,0,1,-10.327916599546896,0.597085977853173
43,T_4,C_4_5,0.69,0.58,0,0,0,-38.20758775051846,0.463647546130112
36,T_3,C_3_8,0.84,0.63,1,0,1,15.024848721828256,0.4729412802195489
34,T_6,C_6_9,0.86,0.82,0,0,0,-33.12537549341834,0.5232107790258522
5,T_5,C_5_12,0.68,0.87,0,0,1,-7.050637077872761,0.494983902288268
21,T_2,C_2_17,0.58,0.5,0,0,0,-5.703234056409032,0.38350370521166444
39,T_5,C_5_13,0.57,0.87,0,0,0,-17.80112566632062,0.51442841629818
46,T_5,C_5_12,0.67,0.86,0,0,0,-48.77590489981037,0.45273185803068616
10,T_3,C_3_8,0.84,0.61,0,0,0,-28.904071814862572,0.4365968868746596
3,T_5,C_5_11,0.54,0.84,1,0,1,3.771222119421525,0.41139051286639244
47,T_5,C_5_11,0.68,0.86,1,0,1,6.206750531529842,0.48577548472608184
24,T_5,C_5_13,0.59,0.85,1,0,0,18.570299434089016,0.41892498212235296
45,T_4,C_4_4,0.74,0.6,1,0,0,23.865028461557436,0.5549457505807478
17,T_5,C_5_11,0.56,0.86,1,0,0,20.197144120269318,0.535859261675538
25,T_2,C_2_19,0.53,0.5,1,0,1,28.375185663295998,0.3121530524446522
42,T_3,C_3_13,0.41,0.56,0,0,1,-10.127813890007374,0.4676515942518753
35,T_4,C_4_5,0.64,0.52,0,0,0,-14.460113261283789,0.4144814805624569
2,T_3,C_3_10,0.69,0.65,0,0,1,-6.037472337342208,0.5257044301218542
49,T_3,C_3_13,0.48,0.64,0,0,0,-19.194973774560328,0.4980732358760154
28,T_4,C_4_2,0.94,0.56,1,0,1,2.6211604371929043,0.4054969054920503
40,T_6,C_6_9,0.86,0.83,0,0,1,-46.62441478404599,0.5274780929406647
19,T_2,C_2_19,0.52,0.47,1,0,0,5.865466156689558,0.4177470634609698
33,T_3,C_3_9,0.67,0.55,0,0,1,-12.335087781163889,0.5603855630496142
41,T_2,C_2_17,0.52,0.42,1,0,0,11.816872079621817,0.4116366337373571
15,T_6,C_6_9,0.88,0.85,1,0,1,23.65449147712365,0.6106411468101014
27,T_2,C_2_18,0.63,0.45,1,0,1,33.70739375486056,0.5417337175809678
12,T_5,C_5_12,0.62,0.66,1,0,0,13.91007010368049,0.334355001826248
14,T_6,C_6_9,0.86,0.82,1,0,0,15.242188349506176,0.49662579330327405
32,T_4,C_4_3,0.8,0.58,1,0,0,15.53187379208116,0.4804925920477867
8,T_5,C_5_13,0.63,0.71,0,0,0,-8.752690948226025,0.4319258275876592
29,T_4,C_4_5,0.62,0.58,1,0,1,20.427265160040182,0.48264977184826974
13,T_4,C_4_4,0.71,0.62,0,0,1,-13.34911997576287,0.44065002158461675
18,T_3,C_3_13,0.52,0.61,1,0,0,20.117745316402537,0.3982417443700172
31,T_4,C_4_1,0.68,0.49,1,0,0,9.12066289481249,0.6090829632265491
0,T_6,C_6_9,0.85,0.82,1,0,1,26.84468645234426,0.4922204561721723
38,T_4,C_4_5,0.61,0.57,1,0,0,36.45766021327719,0.42746384791567316
48,T_4,C_4_3,0.83,0.58,0,0,0,-3.679945640928598,0.584472962530312
26,T_4,C_4_4,0.67,0.5,1,0,0,20.293806473236288,0.4750682694552734
11,T_5,C_5_13,0.54,0.74,0,0,0,-13.538127459110429,0.48951018522382767
1,T_5,C_5_10,0.85,0.69,1,0,1,24.408632054631646,0.5259673092204336
30,T_6,C_6_9,0.77,0.83,0,0,0,-9.50272468229219,0.4699137531074938
10,T_3,C_3_7,0.86,0.6,1,0,0,44.82507717973088,0.5346040643123641
37,T_6,C_6_9,0.79,0.81,0,0,1,-3.2078161791848983,0.41604551235758835
43,T_4,C_4_4,0.75,0.57,0,0,0,-22.855786447631242,0.5004214471595855
39,T_5,C_5_12,0.61,0.68,0,0,1,-8.192978922305628,0.49235789993132717
46,T_5,C_5_11,0.7,0.66,1,0,1,12.37926382689309,0.45901309816401703
6,T_6,C_6_8,0.86,0.82,1,0,0,7.378540761094101,0.5081491069573878
23,T_3,C_3_13,0.44,0.63,0,0,0,-6.0592693108364,0.3353044003551088
34,T_6,C_6_8,0.86,0.82,1,0,1,47.36808846516122,0.5570531652873962
7,T_4,C_4_5,0.57,0.48,1,0,0,11.572655846168438,0.4845611148001301
24,T_5,C_5_12,0.62,0.66,1,0,1,50.30257370634192,0.4470129226633186
49,T_3,C_3_12,0.56,0.64,1,0,0,53.51423677329656,0.5861993814071665
44,T_6,C_6_9,0.7,0.83,1,0,1,54.63950675169829,0.5578196481887328
17,T_5,C_5_10,0.6,0.66,0,0,1,-11.949434501185433,0.6015187803891995
21,T_2,C_2_16,0.59,0.5,1,0,0,19.133023644447597,0.47849069278087075
4,T_7,C_7_14,0.82,0.87,1,0,0,20.59237160869998,0.5076464151225881
9,T_3,C_3_13,0.47,0.65,0,0,0,-9.817652650527226,0.4479085701315564
22,T_6,C_6_9,0.69,0.82,1,0,0,29.502338368309562,0.41630372439014207
45,T_4,C_4_3,0.84,0.56,1,0,1,14.55165225138597,0.5690778661506944
36,T_4,C_4_5,0.64,0.6,1,0,0,28.90660699476771,0.44247207497034136
16,T_5,C_5_13,0.6,0.66,1,0,1,5.41054400264177,0.5067768270996945
20,T_6,C_6_9,0.71,0.84,1,0,1,18.069813866636053,0.5120619136458175
18,T_3,C_3_12,0.57,0.63,0,0,1,-1.9033602416099331,0.5358388755662475
35,T_4,C_4_4,0.69,0.48,0,0,0,-8.337739699527198,0.4947470097191754
5,T_6,C_6_9,0.71,0.84,1,0,0,25.01837105966723,0.5984693045655045
12,T_5,C_5_11,0.65,0.64,1,0,0,17.724714609203946,0.3605925190684155
8,T_5,C_5_12,0.62,0.67,0,0,0,-30.54616251003378,0.4203031086000442
19,T_2,C_2_18,0.57,0.48,0,0,0,-5.856598883993295,0.5168967949366707
25,T_3,C_3_13,0.48,0.67,1,0,1,19.266550000047083,0.3899532341970612
42,T_4,C_4_5,0.55,0.5,0,0,0,-10.790406713174814,0.506675401271954
41,T_2,C_2_16,0.56,0.41,1,0,1,8.62556674319584,0.5553889432562213
2,T_4,C_4_5,0.63,0.55,0,0,0,-16.796968498487708,0.4355298885684444
32,T_4,C_4_2,0.88,0.57,0,0,1,-22.492003959480613,0.3713125733928311
47,T_6,C_6_8,0.68,0.83,0,0,1,-28.130330505586016,0.5606582037502542
10,T_3,C_3_6,0.86,0.6,0,0,1,-16.691294739622435,0.47878335340392786
14,T_6,C_6_8,0.86,0.82,0,0,0,-13.859084046662526,0.5055286063117888
3,T_6,C_6_8,0.66,0.8,1,0,1,10.473125645296467,0.4589575014777052
11,T_5,C_5_12,0.6,0.65,0,0,1,-0.5901024742843299,0.4717290455306985
40,T_7,C_7_14,0.83,0.88,0,0,0,-5.209909452458129,0.5196500816187226
27,T_3,C_3_13,0.45,0.66,1,0,0,8.781328494478384,0.402083926886327
23,T_3,C_3_12,0.55,0.63,0,0,0,-3.402438834445231,0.4227200169983969
31,T_4,C_4_5,0.77,0.44,1,0,0,3.2645466819470546,0.4920109577354784
28,T_5,C_5_13,0.54,0.58,1,0,0,4.007406778302066,0.38871080614887576
33,T_4,C_4_5,0.56,0.48,1,0,0,2.6606837339046425,0.5107046654767089
38,T_4,C_4_4,0.69,0.57,1,0,0,6.2709726697749115,0.5115549444470415
15,T_7,C_7_14,0.85,0.89,1,0,1,10.003883170127304,0.6099228410839495
26,T_4,C_4_3,0.78,0.48,0,0,1,-33.79642768104851,0.48016686322317426
48,T_4,C_4_2,0.92,0.56,0,0,0,-39.543084964651584,0.43268404906504165
49,T_3,C_3_11,0.6,0.65,0,0,0,-35.22007300124554,0.47903566902439276
30,T_6,C_6_8,0.86,0.7,0,0,1,-30.90321941563841,0.4733160826567119
9,T_3,C_3_12,0.53,0.64,1,0,1,29.376641390829448,0.529919616600339
4,T_7,C_7_13,0.83,0.87,1,0,1,68.26444926957262,0.556171529651591
29,T_5,C_5_13,0.54,0.59,1,0,1,47.87454744629069,0.402431375014808
43,T_4,C_4_3,0.84,0.52,1,0,0,39.72074839355993,0.43358879910227655
0,T_7,C_7_14,0.73,0.87,1,0,1,21.741534493564018,0.4930477430958601
13,T_5,C_5_13,0.57,0.62,1,0,1,4.519301009121893,0.38125599346551775
6,T_6,C_6_7,0.84,0.69,0,0,0,-20.162646387722738,0.3544718485788426
7,T_4,C_4_4,0.67,0.47,0,0,0,-10.218473324219621,0.49317076028498524
21,T_2,C_2_15,0.65,0.5,1,0,1,12.142176072122455,0.5169742438346341
37,T_7,C_7_14,0.73,0.87,0,0,0,-18.76311640698617,0.40814718121704185
1,T_6,C_6_9,0.63,0.67,1,0,1,24.647419736915325,0.5124484275453894
36,T_4,C_4_4,0.74,0.59,1,0,0,32.437902550346635,0.49489179386600657
22,T_6,C_6_8,0.72,0.65,1,0,0,31.537763854091494,0.45690719100480587
12,T_5,C_5_10,0.72,0.6,1,0,0,29.180056792500906,0.4974053560953194
8,T_5,C_5_11,0.68,0.64,0,0,0,-30.697193841151055,0.5276000232343445
34,T_7,C_7_14,0.68,0.87,1,0,0,30.767443508003986,0.5342566315860797
39,T_6,C_6_9,0.61,0.64,0,0,0,-26.320031211393278,0.5016370522746805
46,T_6,C_6_9,0.6,0.63,1,0,0,0.20522830417765903,0.4767798141091423
44,T_7,C_7_14,0.64,0.88,0,0,1,-12.040606739391446,0.5805176494219979
35,T_4,C_4_3,0.82,0.48,1,0,0,6.912464344114393,0.5245838215954832
27,T_3,C_3_12,0.52,0.62,0,0,1,-7.46026452954403,0.49166834048534813
23,T_3,C_3_11,0.62,0.62,0,0,0,-14.13640797401752,0.33850556105867735
40,T_7,C_7_13,0.83,0.88,0,0,1,-11.111597498483334,0.5737379059660367
5,T_6,C_6_8,0.75,0.66,0,0,0,-17.49615986926216,0.5883303912935791
19,T_2,C_2_17,0.55,0.47,0,0,0,-16.011789210515413,0.4054504251420742
24,T_6,C_6_9,0.57,0.63,0,0,1,-19.178341171974495,0.4557582020560309
17,T_6,C_6_9,0.62,0.62,0,0,1,-4.142138504439412,0.5987661661075205
18,T_4,C_4_5,0.62,0.54,0,0,0,-23.511464501688398,0.49756413853751286
42,T_4,C_4_4,0.67,0.48,1,0,1,20.268716544912888,0.5116808642044901
2,T_4,C_4_4,0.73,0.55,1,0,0,35.27562097370303,0.42831094968623096
14,T_6,C_6_7,0.85,0.62,1,0,0,34.15515968931271,0.3827210281650565
49,T_3,C_3_10,0.65,0.65,1,0,1,28.192171341129026,0.6694008012816526
45,T_5,C_5_13,0.54,0.64,1,0,1,13.416982855865125,0.5100595105490617
20,T_7,C_7_14,0.66,0.89,1,0,0,2.4834667489426145,0.5735525735448647
28,T_5,C_5_12,0.57,0.57,0,0,0,-10.452944003402314,0.43692423656117096
16,T_6,C_6_9,0.63,0.67,0,0,0,-10.748834414361207,0.48315878407530255
25,T_4,C_4_5,0.64,0.54,1,0,1,32.969319786645755,0.435764630134194
33,T_4,C_4_4,0.64,0.46,1,0,1,17.918259431268297,0.539914616587175
10,T_4,C_4_5,0.59,0.52,1,0,1,14.477550170057109,0.5021456697191888
31,T_4,C_4_4,1.0,0.43,1,0,1,36.49816429852284,0.49473291423770127
41,T_3,C_3_13,0.4,0.58,1,0,1,6.844712487176294,0.4096227934294419
37,T_7,C_7_13,0.75,0.87,1,0,1,23.092768022929587,0.4745177748829032
38,T_4,C_4_3,0.77,0.53,0,0,0,-12.122336669031085,0.4744541288438518
3,T_7,C_7_14,0.51,0.86,0,0,0,-15.517415343099852,0.41865039514562385
48,T_4,C_4_1,1.0,0.55,0,0,1,-23.721635901302733,0.5438546823554258
32,T_5,C_5_13,0.55,0.63,0,0,1,-33.69956777792737,0.39423415736433987
47,T_7,C_7_14,0.6,0.88,0,0,0,-0.920509148039379,0.45630780690342543
43,T_4,C_4_2,0.9,0.51,1,0,0,35.07126764989299,0.4165374554838754
11,T_6,C_6_9,0.64,0.61,1,0,1,12.737039560754658,0.5980988342559415
34,T_7,C_7_13,0.72,0.87,0,0,1,-7.266778175578594,0.5471115650893624
12,T_5,C_5_9,0.84,0.6,0,0,1,-20.852997819500786,0.4503396286685029
7,T_4,C_4_3,0.77,0.45,0,0,1,-31.267070891219294,0.5012553889991973
23,T_3,C_3_10,0.64,0.61,0,0,0,-8.822551270109738,0.34580332856092477
6,T_6,C_6_6,0.86,0.62,0,0,0,-30.276543151029824,0.38609158467247384
9,T_4,C_4_5,0.64,0.48,0,0,1,-0.4937093231774252,0.49599624913746004
8,T_5,C_5_10,0.73,0.64,0,0,1,-17.65665726097317,0.5233763411844097
36,T_4,C_4_3,0.82,0.58,1,0,0,15.578255191050307,0.4752194615184421
30,T_7,C_7_14,0.64,0.88,0,0,0,-11.074006794094787,0.5022556161119865
26,T_5,C_5_13,0.45,0.54,1,0,0,0.9773098838254981,0.42645678483523153
21,T_3,C_3_13,0.5,0.61,1,0,1,33.08085263869659,0.3214782765467964
22,T_6,C_6_7,0.75,0.57,1,0,1,7.526315794253996,0.35992295069759306
15,T_8,C_8_6,0.89,0.83,0,0,1,-43.172715339992905,0.6224066967027495
46,T_6,C_6_8,0.66,0.61,0,0,0,-18.99826443839913,0.4897524267204941
39,T_6,C_6_8,0.68,0.6,0,0,1,-36.72828458614928,0.5771723203424529
1,T_7,C_7_14,0.57,0.87,0,0,1,-17.822034276270625,0.43890569404408236
13,T_6,C_6_9,0.62,0.56,0,0,1,-1.9649207221024945,0.3521387240294519
35,T_4,C_4_2,0.89,0.47,1,0,0,18.409744157254003,0.3497070626066718
29,T_6,C_6_9,0.59,0.56,0,0,0,-1.9480071181347647,0.3882719150534981
4,T_8,C_8_6,0.87,0.81,0,0,0,-28.3588269995806,0.5406944964947519
20,T_7,C_7_13,0.73,0.89,0,0,1,-48.21759540654177,0.6151768052651956
5,T_6,C_6_7,0.79,0.63,0,0,0,-30.89196915571913,0.432871290011909
19,T_2,C_2_16,0.6,0.47,1,0,0,1.40447845038325,0.4861305287612364
27,T_4,C_4_5,0.62,0.57,1,0,0,20.16049449316393,0.42142629368603957
0,T_8,C_8_6,0.87,0.8,1,0,1,6.181884867495517,0.4622947306042891
18,T_4,C_4_4,0.71,0.53,0,0,0,-3.600576721230052,0.51564986365778
2,T_4,C_4_3,0.8,0.55,1,0,0,2.0830013829087886,0.4388156829869596
28,T_5,C_5_11,0.65,0.55,0,0,0,-14.422065817803258,0.4210154278573558
3,T_7,C_7_13,0.61,0.86,0,0,0,-2.7921883211321283,0.47258179108741283
14,T_6,C_6_6,0.86,0.62,0,0,1,-4.346187533777682,0.4412547474356201
17,T_7,C_7_14,0.58,0.88,1,0,0,27.07376801056151,0.5517481276600302
24,T_7,C_7_14,0.52,0.87,0,0,1,-2.5109369866175353,0.5032953921438046
40,T_8,C_8_6,0.88,0.81,0,0,0,-35.62941928825591,0.5290773560598347
47,T_7,C_7_13,0.7,0.75,0,0,0,-30.14364827568147,0.5409385139759502
49,T_4,C_4_5,0.66,0.47,0,0,0,-51.00797653511233,0.5300766736481786
16,T_6,C_6_8,0.69,0.61,0,0,0,-26.42558077071788,0.5448218796319928
44,T_8,C_8_6,0.88,0.82,0,0,1,-7.329621771631823,0.5532874326207
23,T_3,C_3_9,0.69,0.62,1,0,1,19.31257399556389,0.4664376783965697
38,T_4,C_4_2,0.85,0.52,0,0,0,-12.569081578309515,0.3518626172088152
42,T_5,C_5_13,0.48,0.55,1,0,0,5.522766867748832,0.4212590150443424
30,T_7,C_7_13,0.7,0.76,1,0,0,27.0426217377157,0.524388485920936
45,T_6,C_6_9,0.6,0.6,1,0,1,19.10348175569754,0.5760472261019253
41,T_4,C_4_5,0.56,0.46,1,0,0,20.715833923897314,0.46607797922375643
43,T_4,C_4_1,1.0,0.51,1,0,1,27.66392853624949,0.5062947170675548
10,T_5,C_5_13,0.51,0.53,0,0,0,-8.282760126333795,0.45218450377980507
25,T_5,C_5_13,0.54,0.61,1,0,1,18.473521938867627,0.43767989553505987
26,T_5,C_5_12,0.49,0.52,1,0,0,24.71311489958362,0.3947393172999356
31,T_5,C_5_13,0.41,0.53,1,0,0,21.594426374993475,0.4478990747567439
33,T_5,C_5_13,0.46,0.48,1,0,1,24.01268218145205,0.44945477198096917
6,T_6,C_6_5,0.9,0.58,1,0,1,4.427394360574148,0.5581923880958708
36,T_4,C_4_2,0.9,0.57,1,0,0,49.88799995638057,0.31985665770710725
48,T_5,C_5_13,0.54,0.57,1,0,1,31.566532363981203,0.5133337217088448
11,T_7,C_7_14,0.61,0.73,1,0,0,28.466141229691754,0.5917921554472277
46,T_6,C_6_7,0.69,0.58,1,0,0,10.936094387007618,0.3415492752333458
32,T_6,C_6_9,0.61,0.57,0,0,0,-34.47913855334111,0.4392700185727616
37,T_8,C_8_6,0.87,0.8,0,0,0,-24.181806087498565,0.45644315385477274
35,T_4,C_4_1,1.0,0.46,0,0,1,-13.78948338092736,0.5844190343315017
3,T_7,C_7_12,0.79,0.68,1,0,0,5.004361788053478,0.3955094748426067
7,T_5,C_5_13,0.44,0.44,1,0,0,23.033980201621695,0.4519001300801479
21,T_4,C_4_5,0.62,0.55,1,0,0,8.635739052764048,0.45319841281304885
17,T_7,C_7_13,0.66,0.7,1,0,1,31.31172192777352,0.6065879717780129
28,T_5,C_5_10,0.7,0.54,1,0,1,35.38723764783659,0.5085213068380718
34,T_8,C_8_6,0.76,0.81,0,0,1,-8.917540071363268,0.5229528438926114
27,T_4,C_4_4,0.71,0.53,1,0,1,6.182200861279176,0.40213930667268194
29,T_6,C_6_8,0.65,0.54,0,0,0,-4.820389812295913,0.45426609656055594
12,T_6,C_6_9,0.58,0.56,0,0,0,-3.848239553228554,0.45844193758597807
47,T_7,C_7_12,0.82,0.7,1,0,0,4.897226768014978,0.51496338873305
9,T_5,C_5_13,0.46,0.53,0,0,0,-2.927902765663797,0.47207374375869965
19,T_2,C_2_15,0.66,0.47,1,0,1,15.10661548322223,0.516672063727645
8,T_6,C_6_9,0.64,0.57,0,0,0,-8.471296548047155,0.4236918558422391
5,T_6,C_6_6,0.8,0.6,1,0,0,14.1562941255279,0.5092487982164233
22,T_7,C_7_14,0.57,0.7,1,0,1,22.65791601430264,0.45395965452161513
18,T_4,C_4_3,0.79,0.52,1,0,1,33.17892441766395,0.5704625721426626
2,T_4,C_4_2,0.87,0.53,1,0,0,19.254554669764783,0.313283637858058
39,T_7,C_7_14,0.58,0.7,1,0,0,25.2151028324261,0.5481148547590105
4,T_8,C_8_5,0.89,0.81,1,0,0,38.79988684274201,0.5204547178338921
13,T_7,C_7_14,0.54,0.76,1,0,1,19.921573493192483,0.40189698382316263
30,T_7,C_7_12,0.82,0.76,1,0,1,44.16819293942558,0.44073207030578876
42,T_5,C_5_12,0.55,0.55,1,0,1,44.0838400740038,0.4832660508611277
1,T_8,C_8_6,0.75,0.8,1,0,0,8.103397284091933,0.5223906088379443
49,T_4,C_4_4,0.69,0.45,0,0,1,-15.849523470749823,0.5154470615080189
15,T_9,C_9_19,0.83,0.9,0,0,1,-9.848238123706093,0.6707355735558049
16,T_6,C_6_7,0.72,0.6,0,0,1,-7.961473506785342,0.36510551060678986
10,T_5,C_5_12,0.55,0.54,0,0,0,-28.90998093265005,0.4327572492317934
20,T_8,C_8_6,0.75,0.82,0,0,0,-40.477929650598746,0.5593001285592814
38,T_4,C_4_1,1.0,0.48,0,0,1,-21.16767324034239,0.5117267572969193
40,T_8,C_8_5,0.89,0.81,0,0,1,-48.66111196124584,0.5461470124794824
26,T_5,C_5_11,0.54,0.5,1,0,0,0.8233084658933034,0.4021527431247386
31,T_5,C_5_12,0.51,0.51,1,0,1,25.88243391632353,0.4562845997342094
11,T_7,C_7_13,0.69,0.7,1,0,0,27.42512994495101,0.6139287020060202
41,T_4,C_4_4,0.64,0.45,1,0,0,31.83253735235845,0.47045839552155466
0,T_9,C_9_19,0.8,0.87,1,0,1,24.709931988373757,0.5098573165084548
14,T_7,C_7_14,0.6,0.71,1,0,1,23.563699549037874,0.46008953447045003
23,T_4,C_4_5,0.61,0.51,1,0,0,32.35602361197656,0.3614430594072
3,T_7,C_7_11,0.84,0.7,1,0,1,6.741618721036298,0.4905198512986093
36,T_4,C_4_1,1.0,0.54,1,0,1,42.757184798370645,0.5499871483032472
45,T_7,C_7_14,0.58,0.73,1,0,1,36.34041224436813,0.5429843767835679
7,T_5,C_5_12,0.47,0.42,1,0,0,33.02338556075952,0.414087443625177
47,T_7,C_7_11,0.85,0.67,0,0,0,-19.37188581079603,0.5798401751086173
24,T_8,C_8_6,0.71,0.8,0,0,0,-31.88780106143257,0.5316227647150563
46,T_6,C_6_6,0.73,0.53,0,0,0,-12.235930420975984,0.3841494885483169
44,T_9,C_9_19,0.82,0.88,0,0,1,-1.5431701142455054,0.5808123517400652
21,T_4,C_4_4,0.73,0.53,0,0,1,-24.41158146255924,0.4165746446586046
32,T_6,C_6_8,0.67,0.56,0,0,0,-36.35398652585035,0.4789046562209677
9,T_5,C_5_12,0.52,0.53,0,0,0,-5.373718798730385,0.4771375276522044
43,T_5,C_5_13,0.5,0.56,0,0,1,-2.9666391527126468,0.4602029170371811
39,T_7,C_7_13,0.65,0.69,1,0,0,28.611582917593456,0.5835949822322255
6,T_7,C_7_14,0.54,0.69,0,0,0,-19.59681151072106,0.39376183959861394
25,T_6,C_6_9,0.6,0.59,0,0,1,-33.33043871475135,0.49649997219703695
15,T_10,C_10_5,0.9,0.0,0,0,1,-10.651146017634954,0.5162981959186558
12,T_6,C_6_8,0.62,0.53,1,0,1,6.46905536688358,0.45516565150655514
29,T_6,C_6_7,0.69,0.54,0,0,0,-1.7316998250610318,0.3506361560074209
33,T_6,C_6_9,0.48,0.48,1,0,1,6.193410307097597,0.4499352909199791
37,T_8,C_8_5,0.88,0.68,0,0,0,-26.257670129230284,0.4541657080027272
35,T_5,C_5_13,0.43,0.54,0,0,1,-30.055940813850622,0.4564650515438064
48,T_6,C_6_9,0.54,0.59,0,0,0,-36.10111019904507,0.5312853452208506
8,T_6,C_6_8,0.69,0.57,0,0,0,-29.839504176460327,0.4956038334324622
5,T_6,C_6_5,0.84,0.57,0,0,0,-28.835165020613427,0.6580805215944399
2,T_4,C_4_1,1.0,0.53,1,0,0,4.572536227351815,0.5209292071284752
19,T_3,C_3_13,0.47,0.6,1,0,1,19.90341342321981,0.3978007799150344
10,T_5,C_5_11,0.62,0.54,1,0,1,22.2767717721879,0.5011565916638212
11,T_7,C_7_12,0.72,0.69,0,0,1,-22.92989567621736,0.48903440286475486
28,T_6,C_6_9,0.53,0.56,1,0,0,2.7282293237826494,0.39808481604750123
0,T_10,C_10_5,0.87,0.0,0,0,1,-15.889115694955642,0.43815628193683637
17,T_8,C_8_6,0.69,0.65,1,0,1,8.868674783703682,0.611063717122551
27,T_5,C_5_13,0.52,0.64,1,0,0,21.310970479274456,0.3755906357633596
34,T_9,C_9_19,0.63,0.87,1,0,1,19.724893063841982,0.5161371725074859
26,T_5,C_5_10,0.61,0.49,1,0,1,27.184340308015873,0.5395242852297495
4,T_8,C_8_4,0.91,0.66,1,0,0,24.346233209634836,0.5227779286812685
47,T_7,C_7_10,0.85,0.64,1,0,0,9.239979901605903,0.5590876507639098
44,T_10,C_10_5,0.79,0.0,0,0,1,-27.624987032652992,0.4975534431894933
7,T_5,C_5_11,0.56,0.42,0,0,1,-13.633677672701417,0.44414141138318675
22,T_8,C_8_6,0.66,0.63,0,0,1,-2.1462082279874117,0.4972004707803793
18,T_5,C_5_13,0.51,0.54,0,0,1,-14.184888101006827,0.4224944106046171
41,T_4,C_4_3,0.73,0.45,1,0,1,10.641012615685046,0.4728108946235232
23,T_4,C_4_4,0.65,0.51,1,0,0,8.224229930338417,0.4469470084108482
1,T_8,C_8_5,0.81,0.65,1,0,1,21.888928635792062,0.5292451699536395
6,T_7,C_7_13,0.59,0.69,1,0,1,36.6424418779832,0.49756436775356844
42,T_6,C_6_9,0.55,0.48,1,0,1,57.55024885766072,0.4997444267110537
39,T_7,C_7_12,0.67,0.69,1,0,0,59.72031688487165,0.49703854154475124
20,T_8,C_8_5,0.81,0.67,1,0,0,67.6182760685451,0.5592395624691335
16,T_7,C_7_14,0.54,0.73,1,0,1,54.49087965543438,0.4597229881100785
9,T_5,C_5_11,0.57,0.52,1,0,0,26.856923994284635,0.44726385667146396
49,T_5,C_5_13,0.44,0.55,0,0,1,-18.244550232889424,0.5225822616695537
13,T_8,C_8_6,0.66,0.68,1,0,0,9.345967080800644,0.4130886786734167
30,T_8,C_8_6,0.69,0.72,1,0,1,18.120658438825345,0.5282785025378329
46,T_6,C_6_5,0.81,0.5,0,0,1,-0.9297779170707656,0.5787729231778667
38,T_5,C_5_13,0.48,0.51,1,0,1,15.236574868075065,0.4158446952892556
40,T_9,C_9_19,0.66,0.8,0,0,1,-3.2767439723860345,0.5269984106832671
32,T_6,C_6_7,0.7,0.56,1,0,1,10.61023391459182,0.40208261550767627
31,T_6,C_6_9,0.51,0.44,0,0,0,-21.827459970034575,0.5456544807309927
24,T_8,C_8_5,0.77,0.63,0,0,0,-25.227777438710895,0.48424303323351836
34,T_10,C_10_5,0.74,0.0,0,0,0,-24.451926212675808,0.47084341973335686
29,T_6,C_6_6,0.72,0.54,1,0,0,4.212520956743754,0.3968271003064632
36,T_5,C_5_13,0.53,0.63,1,0,0,13.516682523451193,0.3890796061181892
3,T_8,C_8_4,0.56,0.6,0,0,0,-14.391661196954947,0.47583701958058433
45,T_8,C_8_6,0.69,0.64,0,0,1,-29.13820755825988,0.5565683628770275
14,T_8,C_8_6,0.7,0.64,0,0,1,-31.34236403747748,0.5264027072606174
21,T_5,C_5_13,0.52,0.54,1,0,1,13.403268739398335,0.3864270292779405
47,T_7,C_7_9,0.83,0.64,0,0,1,-9.048083001796236,0.38261565828671057
8,T_6,C_6_7,0.72,0.54,0,0,0,-14.002961050576694,0.4065382118891905
27,T_5,C_5_12,0.6,0.63,1,0,0,10.524929810141705,0.40025929740273425
48,T_6,C_6_8,0.58,0.55,1,0,0,17.367708603560388,0.5896589867525963
5,T_6,C_6_4,0.92,0.57,1,0,0,30.601712259867508,0.5580291556263345
43,T_6,C_6_9,0.57,0.51,0,0,0,-3.1408224086190977,0.4537469368443293
25,T_7,C_7_14,0.58,0.69,0,0,0,-4.40040816089342,0.4666840692267557
12,T_7,C_7_14,0.53,0.67,0,0,0,-8.513692713955642,0.4377460266211435
33,T_7,C_7_14,0.44,0.66,0,0,0,-11.2001697857384,0.4516022539411406
28,T_6,C_6_8,0.56,0.54,1,0,0,0.10644830776490366,0.44862523094676254
37,T_8,C_8_4,0.9,0.65,0,0,1,-15.068205446339345,0.5786735904242255
39,T_7,C_7_11,0.7,0.7,1,0,0,13.020542441465588,0.6188774118445624
35,T_6,C_6_9,0.53,0.54,1,0,1,10.76948119222357,0.5480031270774468
34,T_10,C_10_4,0.91,0.0,1,0,1,2.894006364864735,0.5053065786647779
19,T_4,C_4_5,0.6,0.48,1,0,1,3.818656901199736,0.4935062812449883
40,T_10,C_10_5,0.75,0.0,0,0,1,-21.44129131015066,0.4816479572995144
2,T_5,C_5_13,0.53,0.61,0,0,1,-29.579046084945965,0.40173383273338886
9,T_5,C_5_10,0.64,0.51,0,0,0,-16.024234207419397,0.5887968124753836
10,T_6,C_6_9,0.54,0.54,0,0,0,-2.144593893337696,0.4272284166655405
23,T_4,C_4_3,0.75,0.47,1,0,1,16.070147894791265,0.4072077779343287
4,T_8,C_8_3,0.92,0.62,1,0,0,15.327977770249836,0.48342552216395795
11,T_8,C_8_6,0.69,0.62,1,0,0,30.066730231570997,0.5425164357196057
17,T_9,C_9_18,0.62,0.74,1,0,1,26.1359218721912,0.5654846714590024
26,T_6,C_6_9,0.48,0.51,1,0,1,13.132696612191811,0.43837369916272095
36,T_5,C_5_12,0.59,0.63,1,0,1,2.7042963725273133,0.46079063830710765
20,T_8,C_8_4,0.83,0.66,1,0,1,15.85528498846506,0.5937186086055043
22,T_9,C_9_19,0.62,0.74,0,0,0,-8.271367996756833,0.5337339619198648
7,T_6,C_6_4,0.41,0.45,0,0,1,-6.676158415918518,0.5219152702538876
42,T_7,C_7_14,0.48,0.62,0,0,1,-13.617491190226275,0.4930267301565343
41,T_5,C_5_13,0.44,0.45,1,0,0,2.8708223386512506,0.41320496260190875
18,T_6,C_6_9,0.52,0.57,1,0,1,1.5366920338096186,0.4963880828699289
25,T_7,C_7_13,0.63,0.66,0,0,1,-34.51770127162972,0.5109317342293328
31,T_6,C_6_8,0.6,0.42,0,0,1,-16.86737252088253,0.5266458235442842
13,T_8,C_8_5,0.71,0.67,1,0,0,13.31140258148965,0.41791960001757766
29,T_6,C_6_5,0.78,0.53,1,0,0,17.511889170026656,0.4954274699357654
12,T_7,C_7_13,0.56,0.68,0,0,0,-5.090238320081184,0.475090689635812
27,T_5,C_5_11,0.64,0.62,1,0,1,1.6405803064604587,0.4396028998095562
6,T_8,C_8_6,0.69,0.66,1,0,1,8.412145470145319,0.5122022876980887
46,T_7,C_7_14,0.49,0.69,1,0,0,26.750415454620153,0.4422544718822815
33,T_7,C_7_13,0.5,0.67,0,0,1,-0.6349343868272648,0.5051310707057461
16,T_8,C_8_6,0.71,0.64,0,0,1,-20.126328424476707,0.48119314655837025
39,T_7,C_7_10,0.72,0.71,0,0,1,-6.341847257400564,0.569755644549683
1,T_9,C_9_19,0.64,0.75,0,0,1,-18.422231783927682,0.5394222763349978
49,T_6,C_6_9,0.54,0.5,0,0,0,-26.993235943167136,0.5568582596070099
24,T_8,C_8_4,0.81,0.58,0,0,1,-13.876183061408383,0.5508249686831892
8,T_6,C_6_6,0.74,0.54,1,0,0,29.639403148602916,0.34179524560047514
32,T_7,C_7_14,0.54,0.65,1,0,1,27.762324763804784,0.46638629685593624
30,T_9,C_9_19,0.69,0.79,0,0,1,-1.0554930854673792,0.5246474722001506
38,T_6,C_6_9,0.52,0.56,0,0,1,-13.054645419870255,0.4110406598654021
5,T_6,C_6_3,0.93,0.56,0,0,0,-0.6005701910427241,0.5538939461928567
48,T_6,C_6_7,0.63,0.53,0,0,1,-45.531286910274986,0.4030156252983819
3,T_8,C_8_3,0.6,0.53,0,0,0,-18.99876426522042,0.4470338483613854
43,T_6,C_6_8,0.63,0.51,1,0,1,10.851006352633004,0.5163441664569874
17,T_10,C_10_5,0.73,0.0,0,0,0,-2.2618778081235433,0.4690948649714032
9,T_5,C_5_9,0.79,0.52,1,0,1,11.364599733247612,0.5250284325712897
28,T_6,C_6_7,0.63,0.53,1,0,0,22.760293516158477,0.32017682679910053
22,T_9,C_9_18,0.7,0.74,1,0,1,2.5905850631981453,0.4813254225499522
21,T_6,C_6_9,0.55,0.53,0,0,0,-6.840849977255024,0.4018031019546622
14,T_9,C_9_19,0.58,0.75,0,0,0,-2.278754627049011,0.5269900390214702
45,T_9,C_9_19,0.64,0.74,0,0,0,-31.294845060868234,0.5482972527299321
10,T_6,C_6_8,0.58,0.52,0,0,1,-14.933973380110174,0.48921146467309173
47,T_8,C_8_6,0.64,0.57,0,0,0,-25.535728150802484,0.524472548475342
41,T_5,C_5_12,0.52,0.46,0,0,1,-16.63423950239198,0.40432117997106515
12,T_7,C_7_12,0.6,0.65,0,0,1,-24.995529824972653,0.38243038760872805
35,T_7,C_7_14,0.5,0.66,0,0,1,-36.26825709769992,0.45272544272105464
46,T_7,C_7_13,0.59,0.68,1,0,1,8.656727782098708,0.5180248142292903
1,T_10,C_10_5,0.75,0.0,0,0,0,-6.536427819994124,0.38110192346067207
17,T_10,C_10_4,0.83,0.0,1,0,0,24.071343703105462,0.5442457335499109
19,T_5,C_5_13,0.48,0.56,0,0,1,-0.4916622315558872,0.373303638891486
11,T_8,C_8_5,0.76,0.6,0,0,0,-10.124839801649355,0.601535630943553
37,T_9,C_9_19,0.58,0.75,0,0,0,-13.661497294424953,0.5317972519958432
4,T_8,C_8_2,0.96,0.57,1,0,1,5.8836922099482445,0.5589536173597877
30,T_10,C_10_5,0.77,0.0,1,0,1,12.634712618111493,0.43883471832762955
29,T_6,C_6_4,0.79,0.53,0,0,1,-4.198912030188525,0.46535281080950597
26,T_7,C_7_14,0.51,0.6,0,0,1,-1.4487279951517724,0.4058575544502536
2,T_6,C_6_9,0.6,0.5,0,0,0,-35.28081161596971,0.4972796126264494
23,T_5,C_5_13,0.47,0.6,0,0,0,-27.490644017449902,0.33240578068105037
36,T_6,C_6_9,0.63,0.57,0,0,1,-10.063098617534521,0.5012387535223046
7,T_7,C_7_14,0.45,0.6,0,0,0,-17.64325914529254,0.43505718088491874
1,T_10,C_10_4,0.84,0.0,0,0,1,-0.8658828402722989,0.4682693892180881
17,T_10,C_10_3,0.93,0.0,1,0,1,35.054824311952046,0.495525418238455
22,T_10,C_10_5,0.72,0.0,1,0,0,36.770186630792644,0.3635284123365242
18,T_7,C_7_14,0.56,0.69,1,0,0,31.289606920647685,0.45874052366019397
14,T_9,C_9_18,0.65,0.74,1,0,1,35.87163590615495,0.46453246930090686
45,T_9,C_9_18,0.69,0.71,0,0,0,-9.785212633653963,0.5363790656629802
13,T_8,C_8_4,0.76,0.61,0,0,1,-10.062153537477812,0.4526675511606279
31,T_7,C_7_14,0.41,0.56,1,0,1,43.148280097885234,0.5250971731676104
20,T_9,C_9_19,0.6,0.76,1,0,1,30.97351157936672,0.6284035804316299
49,T_6,C_6_8,0.63,0.48,1,0,1,32.44920602381116,0.5911423331443908
8,T_6,C_6_5,0.79,0.51,0,0,0,-14.15001537462794,0.5483646448654728
42,T_8,C_8_6,0.61,0.53,0,0,0,-19.520899256777028,0.5343047495928911
5,T_6,C_6_2,0.96,0.56,0,0,1,-6.857443965878696,0.5849298345535476
25,T_8,C_8_6,0.66,0.54,0,0,0,-17.73417940879785,0.5162305741799895
27,T_6,C_6_9,0.63,0.57,0,0,1,-9.525976427819506,0.4553983763404178
37,T_9,C_9_18,0.66,0.7,0,0,1,-25.9915228081248,0.46422374808071687
22,T_10,C_10_4,0.8,0.0,1,0,0,18.77764634388842,0.5044942326011055
6,T_9,C_9_19,0.61,0.75,0,0,1,-18.02928482500149,0.5054782067169958
21,T_6,C_6_8,0.62,0.52,0,0,0,4.166828563782895,0.4104475752171555
28,T_6,C_6_6,0.66,0.5,0,0,0,-18.693845422359367,0.374882777830186
3,T_8,C_8_2,0.65,0.55,1,0,0,11.99977919524102,0.4913951613763909
16,T_9,C_9_19,0.61,0.74,1,0,1,2.418837748627931,0.445307455787457
33,T_8,C_8_6,0.63,0.57,0,0,0,-18.229610288653,0.507363913033204
48,T_7,C_7_14,0.53,0.7,0,0,0,-20.97387634369891,0.4898443511629432
38,T_7,C_7_14,0.55,0.68,0,0,0,-21.38901823008468,0.3628900833977054
24,T_9,C_9_17,0.54,0.67,0,0,0,-25.784433702864042,0.6231201134678915
39,T_8,C_8_6,0.7,0.59,0,0,1,-20.066571179601645,0.5581359066119558
43,T_7,C_7_14,0.5,0.63,0,0,1,-19.114108407551235,0.45941849607127977
7,T_7,C_7_13,0.49,0.61,1,0,0,12.067756297841242,0.49195367929729533
23,T_5,C_5_12,0.5,0.59,0,0,0,-1.4301050103701858,0.3676039540340986
14,T_10,C_10_5,0.69,0.0,1,0,1,39.133186993223745,0.39189407661149817
32,T_8,C_8_6,0.65,0.56,1,0,0,3.315318346736026,0.44911811933605006
10,T_7,C_7_14,0.51,0.67,0,0,1,-7.093346695288222,0.48148454715778666
47,T_8,C_8_5,0.72,0.55,1,0,1,12.411790291013151,0.5704471264711034
45,T_9,C_9_17,0.84,0.72,0,0,1,-7.36503619300515,0.7122896574779929
9,T_6,C_6_9,0.52,0.47,1,0,1,13.93347978873003,0.509731363068042
18,T_7,C_7_13,0.6,0.68,1,0,1,7.680625907451476,0.5567243738287192
20,T_10,C_10_5,0.73,0.0,1,0,1,8.200603076401277,0.48750745582473987
22,T_10,C_10_3,0.86,0.0,0,0,0,-8.233680205646797,0.38066210739345996
11,T_8,C_8_4,0.8,0.55,0,0,1,-8.817895278835724,0.6838245559717459
37,T_10,C_10_5,0.7,0.0,1,0,0,21.215624964645915,0.3415851278576189
2,T_6,C_6_8,0.69,0.51,1,0,0,10.664488601009534,0.47841516863329236
19,T_6,C_6_9,0.54,0.53,1,0,0,15.33267041919138,0.3668102214581371
6,T_10,C_10_5,0.75,0.0,1,0,1,36.84470322596441,0.36495690353362287
41,T_6,C_6_9,0.47,0.43,1,0,1,0.6049729252502756,0.43424144264285264
46,T_8,C_8_6,0.69,0.58,1,0,1,2.554490792521996,0.5462947781448952
12,T_8,C_8_6,0.66,0.54,0,0,1,-0.36512609942295704,0.4353672020672581
35,T_8,C_8_6,0.66,0.54,0,0,1,-1.837348321645175,0.5082004844614456
29,T_7,C_7_14,0.48,0.62,1,0,1,16.67607243853801,0.4278911624295061
16,T_10,C_10_5,0.73,0.0,0,0,0,-8.229598253773476,0.426359624021181
36,T_7,C_7_14,0.56,0.64,1,0,1,3.3250320089362226,0.43902573074544016
4,T_9,C_9_19,0.55,0.7,0,0,1,-1.7672869380363192,0.4967094654938965
8,T_6,C_6_4,0.84,0.51,1,0,1,4.3502936159489956,0.5107445700573636
24,T_9,C_9_16,0.54,0.67,0,0,0,-8.144331330466507,0.49927741896144023
48,T_7,C_7_13,0.61,0.65,0,0,1,-14.450373114769143,0.5331628907579775
26,T_8,C_8_6,0.61,0.49,0,0,0,-27.22756821822297,0.44853036930133516
38,T_7,C_7_13,0.58,0.65,0,0,0,-37.850837179911935,0.4250087948726406
7,T_7,C_7_12,0.51,0.6,0,0,0,-27.480167845138958,0.44125185773544817
22,T_10,C_10_2,0.95,0.0,1,0,1,7.759942988975097,0.3931584544779093
37,T_10,C_10_4,0.76,0.0,1,0,1,20.42802449998826,0.44951169214223285
28,T_6,C_6_5,0.72,0.47,1,0,1,14.739357347591648,0.5294059994267
21,T_6,C_6_7,0.69,0.49,0,0,0,-12.858689315114855,0.3136254164610633
42,T_8,C_8_5,0.64,0.51,0,0,0,-37.17805004542036,0.513263725560557
25,T_8,C_8_5,0.75,0.53,0,0,0,-36.703597490675875,0.4970970294918224
45,T_10,C_10_5,0.7,0.0,0,0,1,-41.22296863048497,0.47872360540374653
13,T_9,C_9_19,0.55,0.68,0,0,1,-28.86081253840184,0.4745182895928258
23,T_5,C_5_11,0.54,0.59,0,0,1,-22.942964143667844,0.33670357109997884
49,T_7,C_7_14,0.48,0.62,0,0,0,-40.27067699222566,0.5772654304288296
5,T_7,C_7_14,0.5,0.69,0,0,1,-40.46293276359904,0.4978955108596618
31,T_8,C_8_6,0.55,0.51,0,0,0,-28.124928279294092,0.5346578280555178
27,T_7,C_7_14,0.57,0.64,0,0,0,-32.891744422791916,0.46846795054551005
16,T_10,C_10_4,0.81,0.0,0,0,0,-10.8921511738552,0.47226711071466315
3,T_8,C_8_6,0.65,0.46,0,0,1,-1.804079269834105,0.44708252072446314
33,T_8,C_8_5,0.72,0.51,0,0,1,-14.869488653864135,0.5241187781413627
4,T_10,C_10_5,0.7,0.0,0,0,0,-6.670399195521812,0.4639110376395484
39,T_9,C_9_19,0.56,0.72,1,0,0,8.529719482685548,0.5690326278797941
24,T_9,C_9_15,0.56,0.64,0,0,1,-17.22575432816034,0.5745761372630114
32,T_8,C_8_5,0.71,0.55,0,0,0,-13.342516442684193,0.4550618623583338
38,T_7,C_7_12,0.62,0.63,1,0,0,5.301287805367339,0.3914376846704158
2,T_6,C_6_7,0.75,0.51,1,0,0,5.863372062573555,0.42022651436895564
43,T_8,C_8_6,0.63,0.55,1,0,0,3.258050554813096,0.458960493536833
7,T_7,C_7_11,0.55,0.59,1,0,0,11.231344041959312,0.5288895462244392
19,T_6,C_6_8,0.63,0.51,1,0,1,7.391366190353557,0.411938867980695
9,T_7,C_7_14,0.46,0.6,1,0,1,10.075751572413346,0.43343467890673976
16,T_10,C_10_3,0.87,0.0,1,0,1,1.9013415429148228,0.43924836518848287
4,T_10,C_10_4,0.76,0.0,1,0,1,18.7362213872755,0.5008530652252741
47,T_9,C_9_19,0.5,0.64,1,0,0,5.820152916817188,0.5644310523132683
13,T_10,C_10_5,0.68,0.0,1,0,1,1.1612582298234049,0.33975449272311875
10,T_8,C_8_6,0.65,0.5,0,0,0,-24.442303975441728,0.5108944511852139
18,T_8,C_8_6,0.65,0.55,1,0,1,35.38700422553393,0.5120737390072326
41,T_7,C_7_14,0.43,0.54,1,0,0,28.723457970027354,0.43935079768926705
49,T_7,C_7_13,0.53,0.62,1,0,1,6.4101310706562895,0.598866874097618
11,T_9,C_9_19,0.54,0.69,1,0,0,2.9989161173852583,0.6118141120390144
27,T_7,C_7_13,0.56,0.62,0,0,1,-21.368714025973354,0.4836195735516692
24,T_10,C_10_5,0.64,0.0,0,0,1,-14.919903434708669,0.3997204618820902
39,T_9,C_9_18,0.66,0.7,0,0,1,-14.009815715410369,0.5509214618826375
26,T_8,C_8_5,0.68,0.46,0,0,0,-11.25168855348883,0.4805419649323404
8,T_7,C_7_14,0.5,0.6,0,0,0,-20.2473073924811,0.4391870497720417
35,T_9,C_9_19,0.53,0.65,1,0,1,17.46625082606251,0.47109033570225056
46,T_9,C_9_19,0.54,0.65,1,0,0,12.939704575378384,0.4898302687794811
38,T_7,C_7_11,0.66,0.62,0,0,0,-19.134169983122362,0.48281479561839225
29,T_8,C_8_6,0.6,0.49,0,0,0,-19.084935847454954,0.4795833358405358
21,T_6,C_6_6,0.7,0.47,1,0,0,11.463730903756083,0.3654833769926292
12,T_9,C_9_19,0.55,0.69,0,0,1,-0.5376733094811534,0.44415581480849675
7,T_7,C_7_10,0.59,0.58,0,0,0,-7.9722069196178715,0.5041468029240501
47,T_9,C_9_18,0.6,0.64,0,0,1,-12.245132683809995,0.5490172179834205
42,T_8,C_8_4,0.73,0.48,0,0,1,-19.118737538192526,0.6122575329837192
25,T_8,C_8_4,0.79,0.53,0,0,1,-16.040263423751135,0.5576899699933158
48,T_8,C_8_6,0.65,0.53,0,0,0,-12.959609472797434,0.5302167933549218
28,T_7,C_7_14,0.48,0.57,0,0,1,-11.120372415576723,0.3652973709875174
36,T_8,C_8_6,0.63,0.55,0,0,1,-2.955036980767062,0.5232060159890012
11,T_9,C_9_18,0.63,0.69,1,0,0,5.570357084488155,0.5261730913400939
31,T_8,C_8_5,0.61,0.44,0,0,1,-8.709195359094167,0.5464933574204052
41,T_7,C_7_13,0.47,0.53,1,0,1,17.066555060101443,0.5008001289820673
2,T_6,C_6_6,0.78,0.48,0,0,1,-20.333655253771113,0.4137953745259577
39,T_10,C_10_5,0.7,0.0,0,0,0,-3.900973386235769,0.4692580748483721
35,T_10,C_10_5,0.65,0.0,0,0,0,-0.009701467707497358,0.41653555478942056
8,T_7,C_7_13,0.59,0.59,0,0,1,-16.91603606435064,0.5154987496841084
46,T_9,C_9_18,0.63,0.65,1,0,0,24.06792997863001,0.4758039569679553
23,T_6,C_6_9,0.59,0.51,0,0,0,-31.35175259979718,0.37602054595340373
12,T_10,C_10_5,0.69,0.0,0,0,0,-14.353913593854406,0.40436037855307905
38,T_7,C_7_10,0.67,0.59,0,0,0,-24.83905675971073,0.5136232899590734
47,T_10,C_10_5,0.64,0.0,1,0,1,4.017255221554489,0.41058646837575086
39,T_10,C_10_4,0.76,0.0,1,0,1,14.651164508811526,0.6221540210749676
32,T_8,C_8_4,0.76,0.54,0,0,1,-1.8553149728299765,0.5468684814128032
33,T_9,C_9_19,0.44,0.59,1,0,0,3.65278437922189,0.5078238790413496
7,T_7,C_7_9,0.68,0.55,1,0,0,5.250624377170433,0.34104175776934664
35,T_10,C_10_4,0.78,0.0,1,0,0,6.938697771665822,0.47002378184574106
43,T_8,C_8_5,0.71,0.53,0,0,1,-6.563723154544334,0.5333578439120679
5,T_8,C_8_6,0.68,0.53,1,0,0,7.3985206426508805,0.5420616536939062
19,T_7,C_7_14,0.48,0.59,0,0,0,-9.990907620563785,0.4936920461150309
3,T_9,C_9_19,0.43,0.59,1,0,0,2.540327532103875,0.46208387913704085
12,T_10,C_10_4,0.76,0.0,1,0,0,19.86461825753526,0.39458546522916516
11,T_9,C_9_17,0.68,0.67,1,0,1,9.897435056972762,0.6622906826777096
10,T_8,C_8_5,0.69,0.48,0,0,0,-34.74476797691842,0.5213988589055535
21,T_6,C_6_5,0.75,0.47,1,0,0,17.248711801581216,0.4579862758969536
46,T_9,C_9_17,0.71,0.63,1,0,1,17.645383835934464,0.5706038274478663
35,T_10,C_10_3,0.83,0.0,1,0,0,15.9357140523236,0.37687264841794793
9,T_8,C_8_6,0.6,0.46,0,0,0,-9.933516407122475,0.5476982757585882
26,T_8,C_8_4,0.76,0.44,1,0,0,15.621461655759777,0.5841803467492079
38,T_7,C_7_9,0.71,0.58,1,0,0,17.9101107842612,0.2944871938823117
18,T_9,C_9_19,0.54,0.73,1,0,1,26.95507866434688,0.5394396192770232
29,T_8,C_8_5,0.62,0.49,1,0,1,14.809472968804933,0.44337707999475234
12,T_10,C_10_3,0.82,0.0,1,0,1,17.007439795985256,0.3614086860343477
49,T_8,C_8_6,0.6,0.5,0,0,0,-17.850415501394163,0.5696841147944777
33,T_9,C_9_18,0.51,0.59,1,0,1,17.464560904599974,0.49337404621295305
7,T_7,C_7_8,0.88,0.54,0,0,1,-1.586853281577758,0.5875610595063717
48,T_8,C_8_5,0.75,0.51,1,0,0,0.2700607600666487,0.5796213866202172
27,T_8,C_8_6,0.61,0.54,0,0,0,-3.5900213709407183,0.468980084267671
35,T_10,C_10_2,0.92,0.0,1,0,1,18.509393214616047,0.399168670122288
3,T_9,C_9_18,0.52,0.56,1,0,0,11.416482115344193,0.45250194107931146
19,T_7,C_7_13,0.58,0.6,0,0,1,-25.199554672716655,0.49184785747719445
11,T_10,C_10_5,0.67,0.0,0,0,1,-22.030315715824692,0.5146483558876298
23,T_6,C_6_8,0.64,0.51,0,0,0,-18.34227431761609,0.39157495334851944
42,T_9,C_9_19,0.45,0.64,1,0,0,5.1169653353525995,0.5528700336178668
2,T_7,C_7_14,0.47,0.61,1,0,1,6.750422667358688,0.5143100699741985
46,T_10,C_10_5,0.63,0.0,1,0,0,18.60180270982158,0.38687267603131037
36,T_9,C_9_19,0.55,0.7,1,0,1,4.515965251284726,0.5017357411979547
28,T_8,C_8_6,0.56,0.45,0,0,1,-5.87518945278908,0.4621253676447295
25,T_9,C_9_19,0.52,0.66,0,0,0,-4.797776939533547,0.44817533812287635
18,T_10,C_10_5,0.73,0.0,1,0,0,1.9779388611027438,0.41219239163906574
31,T_9,C_9_19,0.43,0.6,0,0,1,-17.003874977770487,0.5543675587941428
38,T_7,C_7_8,0.88,0.57,1,0,1,1.7941677158795786,0.5457201173448596
41,T_8,C_8_6,0.53,0.45,0,0,0,-4.9204961274237,0.44419156107898133
33,T_10,C_10_5,0.59,0.0,0,0,1,-5.434322861595879,0.40388457828878044
46,T_10,C_10_4,0.75,0.0,1,0,0,16.8519284576307,0.4952153288334928
8,T_8,C_8_6,0.59,0.52,0,0,0,-26.484253569768676,0.4830664960862714
21,T_6,C_6_4,0.8,0.46,1,0,0,0.7959575120254403,0.5075925196874331
3,T_9,C_9_17,0.58,0.56,1,0,0,12.816903706207372,0.5632714449350884
5,T_8,C_8_5,0.72,0.52,1,0,0,29.945595689329714,0.6054289841368232
18,T_10,C_10_4,0.79,0.0,0,0,0,-0.15151852816773292,0.5133233564469655
42,T_9,C_9_18,0.52,0.62,0,0,0,-23.085166893225285,0.4682408403759723
32,T_9,C_9_19,0.5,0.67,1,0,1,6.198847717433864,0.5067171817708036
46,T_10,C_10_3,0.81,0.0,1,0,1,20.01430513068311,0.3718749005859312
36,T_10,C_10_5,0.68,0.0,0,0,0,-0.41471695133590103,0.3681073762788888
43,T_9,C_9_19,0.49,0.66,1,0,1,23.744897183330693,0.5061517196030396
10,T_8,C_8_4,0.78,0.45,1,0,1,32.171591997056055,0.5904560283367489
25,T_9,C_9_18,0.57,0.65,1,0,1,31.366240475545005,0.43556171276959244
9,T_8,C_8_5,0.69,0.44,1,0,0,42.35627195508334,0.5410420312880405
26,T_8,C_8_3,0.83,0.44,1,0,0,33.50974282041573,0.4591671229077793
18,T_10,C_10_3,0.83,0.0,1,0,0,43.481950476419925,0.4494303748193844
31,T_10,C_10_5,0.58,0.0,1,0,1,7.845013086862633,0.46869143723853446
36,T_10,C_10_4,0.76,0.0,1,0,1,4.4152109448708305,0.3965642726268914
49,T_8,C_8_5,0.67,0.46,0,0,0,-13.512943387348015,0.6083722537904723
48,T_8,C_8_4,0.8,0.49,1,0,0,27.393366484542206,0.5693763011688302
3,T_9,C_9_16,0.64,0.55,1,0,0,11.611093436993821,0.43480566254785785
32,T_10,C_10_5,0.67,0.0,1,0,0,11.037280187124216,0.42106099915092315
18,T_10,C_10_2,0.91,0.0,1,0,0,26.50259056792754,0.4222473043987893
23,T_6,C_6_7,0.67,0.52,0,0,0,-11.894034383184943,0.32993733429417893
42,T_9,C_9_17,0.56,0.58,0,0,0,-21.689133444707323,0.607640389878976
29,T_9,C_9_19,0.46,0.63,0,0,1,-2.9750889926796784,0.49874340017067764
27,T_8,C_8_5,0.67,0.52,0,0,1,-3.407621670289565,0.44603060804235806
43,T_10,C_10_5,0.66,0.0,1,0,0,5.626828160527788,0.4180972045925736
32,T_10,C_10_4,0.73,0.0,1,0,1,12.209920906413544,0.49132550407281966
25,T_10,C_10_5,0.64,0.0,1,0,0,23.96177152097863,0.39664831594240696
18,T_10,C_10_1,1.0,0.0,1,0,0,28.263226822433953,0.4746960871972621
7,T_8,C_8_6,0.53,0.41,1,0,0,29.334885468858975,0.4886500673362213
21,T_6,C_6_3,0.85,0.46,1,0,0,4.376732886973803,0.4464435822457523
19,T_8,C_8_6,0.57,0.51,0,0,1,-25.02783142837886,0.47974256194444054
43,T_10,C_10_4,0.74,0.0,1,0,0,13.827331309392967,0.4855027591345871
41,T_8,C_8_5,0.6,0.44,0,0,1,-9.880991078378099,0.474065367864266
25,T_10,C_10_4,0.73,0.0,1,0,1,6.681134642408683,0.4836591072088445
3,T_9,C_9_15,0.69,0.52,0,0,1,-4.021092183070293,0.5125461464637769
28,T_9,C_9_19,0.43,0.61,1,0,1,15.338434146093288,0.505780829792105
29,T_10,C_10_5,0.64,0.0,1,0,0,23.92996095677706,0.33671081426487126
8,T_8,C_8_5,0.71,0.52,1,0,1,4.40073177933273,0.49996032299644205
42,T_9,C_9_16,0.62,0.6,1,0,1,5.088611317811754,0.5261315307406769
2,T_8,C_8_6,0.59,0.51,1,0,0,3.5022617831685032,0.5076458566478437
43,T_10,C_10_3,0.83,0.0,1,0,0,14.462238536696132,0.3700228427456853
5,T_8,C_8_4,0.77,0.51,0,0,1,-11.352920123418105,0.648381143085505
38,T_8,C_8_6,0.57,0.46,0,0,1,-6.509729351259036,0.4658038031813525
29,T_10,C_10_4,0.76,0.0,1,0,1,8.5716536548927,0.45870559067220756
23,T_6,C_6_6,0.71,0.52,1,0,1,5.746568786295969,0.3298212426574106
9,T_8,C_8_4,0.75,0.44,1,0,1,29.149860967365953,0.6204608793332496
43,T_10,C_10_2,0.92,0.0,1,0,0,11.50080355519805,0.4078362999773285
26,T_8,C_8_2,0.89,0.44,0,0,1,-25.279203617197954,0.46325568414153495
3,T_10,C_10_5,0.54,0.0,0,0,1,-15.557580607439327,0.38637710686801235
28,T_10,C_10_5,0.62,0.0,0,0,0,-21.011612451301705,0.3072849025089036
48,T_8,C_8_3,0.84,0.49,0,0,1,-22.067056316078475,0.5546782367094776
49,T_8,C_8_4,0.74,0.46,0,0,0,-26.398068932673436,0.6353745850773672
43,T_10,C_10_1,1.0,0.0,0,0,0,-1.9278648357778039,0.4566927486131469
10,T_9,C_9_19,0.45,0.63,0,0,1,-8.918131229220473,0.5082548103905216
42,T_10,C_10_5,0.6,0.0,0,0,1,-28.89995301663454,0.421351748417206
28,T_10,C_10_4,0.73,0.0,1,0,1,1.4600078550475262,0.4647126938216326
21,T_6,C_6_2,0.92,0.46,0,0,0,-2.3502706429015685,0.5513577415255333
27,T_9,C_9_19,0.52,0.67,0,0,0,-19.0164141168224,0.5142592262622798
7,T_8,C_8_5,0.57,0.41,1,0,1,3.204391594549387,0.5004056733066684
10,T_10,C_10_5,0.63,0.0,1,0,0,18.837609891607034,0.377946646824592
10,T_10,C_10_4,0.73,0.0,1,0,1,21.68057404510691,0.49992132182253524
19,T_9,C_9_19,0.51,0.68,1,0,1,3.266113759974548,0.5155280316371581
2,T_8,C_8_5,0.64,0.5,0,0,0,-3.5544739373311796,0.47299393185393385
27,T_9,C_9_18,0.56,0.66,0,0,1,-11.872378311695387,0.3905784037135856
41,T_9,C_9_19,0.44,0.63,0,0,0,-17.6378920451643,0.5215541078856094
8,T_9,C_9_19,0.51,0.71,0,0,1,-13.340333550759388,0.5713968382146031
19,T_10,C_10_5,0.68,0.0,0,0,1,-9.51045303442063,0.3762024932255479
21,T_6,C_6_1,1.0,0.46,1,0,1,2.5788870671021735,0.2872717757941828
23,T_7,C_7_14,0.52,0.55,0,0,0,-15.678473338989194,0.3185016019150513
5,T_9,C_9_19,0.49,0.69,0,0,1,-10.27898095320238,0.579689406283073
38,T_9,C_9_19,0.45,0.58,0,0,1,-11.058168770461284,0.44890371740575924
49,T_8,C_8_3,0.81,0.46,1,0,0,2.789039351366153,0.5270454127079767
27,T_10,C_10_5,0.66,0.0,1,0,0,13.823311262044992,0.3765924595960739
8,T_10,C_10_5,0.71,0.0,1,0,0,14.026752557591633,0.37857287720378974
9,T_9,C_9_19,0.44,0.59,1,0,0,20.52776470334056,0.536870275120764
41,T_9,C_9_18,0.5,0.63,1,0,0,2.6052150994955596,0.46479188445636876
27,T_10,C_10_4,0.79,0.0,1,0,1,14.539964720132842,0.36952807971223356
26,T_9,C_9_19,0.42,0.59,1,0,0,12.977329347626082,0.5123600696220001
8,T_10,C_10_4,0.77,0.0,1,0,0,14.356647118497339,0.48470178041451306
48,T_9,C_9_19,0.47,0.64,1,0,0,11.18760194212516,0.5062482438401816
5,T_10,C_10_5,0.67,0.0,1,0,0,24.195177699700928,0.4691025626657694
38,T_10,C_10_5,0.57,0.0,1,0,1,16.298208002731208,0.3040315239063105
23,T_7,C_7_13,0.57,0.55,1,0,0,8.569474412529383,0.40504801710379623
8,T_10,C_10_3,0.83,0.0,1,0,0,14.851912726492804,0.41647562985199926
5,T_10,C_10_4,0.76,0.0,1,0,1,25.78873160636714,0.53917009203164
9,T_9,C_9_18,0.54,0.59,1,0,0,25.165758757958848,0.5064223487050259
8,T_10,C_10_2,0.9,0.0,1,0,1,15.515859361580636,0.42284746992830213
41,T_9,C_9_17,0.54,0.6,0,0,1,-16.118566853831524,0.582022993748391
26,T_9,C_9_18,0.52,0.57,1,0,1,16.938082910828854,0.42957336169426225
7,T_9,C_9_19,0.39,0.55,0,0,0,-6.7471498829744085,0.49499275141442634
48,T_9,C_9_18,0.54,0.63,0,0,0,-10.545661861576933,0.4983443534258758
2,T_8,C_8_4,0.74,0.48,1,0,1,15.41387941284875,0.5051969179868655
23,T_7,C_7_12,0.63,0.55,1,0,1,10.38090605669004,0.35211349595553665
9,T_9,C_9_17,0.61,0.59,1,0,1,7.210897161146246,0.6338080043620579
41,T_10,C_10_5,0.61,0.0,0,0,0,-11.609333184371993,0.40173903467801886
26,T_10,C_10_5,0.57,0.0,1,0,0,2.357116490139746,0.34459613428664476
7,T_9,C_9_18,0.48,0.55,0,0,1,-24.187295473150527,0.4673914520042619
48,T_9,C_9_17,0.63,0.63,0,0,0,-33.402510688365766,0.6515398402545146
49,T_8,C_8_2,0.89,0.44,0,0,1,-2.3289641553394915,0.5660652172815117
41,T_10,C_10_4,0.68,0.0,0,0,0,-10.94077005829093,0.4764292850758245
26,T_10,C_10_4,0.69,0.0,1,0,0,1.2157119808295498,0.44853041128680904
21,T_7,C_7_14,0.46,0.63,0,0,0,-15.863748289035527,0.44672139917701387
41,T_10,C_10_3,0.76,0.0,1,0,1,8.670909779887246,0.39095227991239084
26,T_10,C_10_3,0.78,0.0,1,0,0,16.978113576782206,0.4004260062392473
9,T_10,C_10_5,0.58,0.0,1,0,1,19.46140534735577,0.36796428423748484
26,T_10,C_10_2,0.88,0.0,0,0,0,-9.567164846097986,0.3757666189380634
7,T_10,C_10_5,0.55,0.0,0,0,1,-9.386477937188067,0.3670257641973822
26,T_10,C_10_1,1.0,0.0,1,0,0,11.505077228744323,0.42704650944616906
48,T_9,C_9_16,0.68,0.63,1,0,1,4.7772165322269,0.5939095567089584
21,T_7,C_7_13,0.54,0.63,0,0,0,-22.374528714479712,0.47175605401855336
48,T_10,C_10_5,0.64,0.0,0,0,0,-3.035889748592126,0.45258410205247346
48,T_10,C_10_4,0.74,0.0,1,0,0,25.94805341846921,0.5455138416379826
48,T_10,C_10_3,0.82,0.0,1,0,0,26.226140877605054,0.49473800722265615
48,T_10,C_10_2,0.9,0.0,1,0,0,26.50395259310269,0.4702682317141801
21,T_7,C_7_12,0.6,0.63,1,0,1,16.089475647143338,0.3548288674964343
2,T_9,C_9_19,0.48,0.63,1,0,0,14.287789975353554,0.4458251474183812
48,T_10,C_10_1,1.0,0.0,1,0,1,26.85185567459091,0.5705901637545985
23,T_8,C_8_6,0.55,0.45,1,0,1,4.078578162036624,0.40809232098510073
49,T_9,C_9_19,0.43,0.63,0,0,1,-11.970609130051239,0.5637566258133567
2,T_9,C_9_18,0.53,0.63,0,0,1,-13.531439990585364,0.43103160863309614
49,T_10,C_10_5,0.63,0.0,0,0,0,-8.011965963773568,0.4734768028766015
2,T_10,C_10_5,0.63,0.0,0,0,0,-9.096946200927723,0.44706543713732255
49,T_10,C_10_4,0.72,0.0,1,0,1,20.975534402205053,0.569920741155935
2,T_10,C_10_4,0.74,0.0,1,0,0,12.539028485297685,0.4351599969839792
2,T_10,C_10_3,0.83,0.0,1,0,0,11.797025347927459,0.34183566800410314
2,T_10,C_10_2,0.9,0.0,1,0,1,11.690970684919769,0.3739839670899773
21,T_8,C_8_6,0.63,0.46,0,0,1,-0.8058257665341575,0.4997276478785224
23,T_9,C_9_19,0.45,0.6,0,0,0,-13.77829756792789,0.45300828316377495
23,T_9,C_9_18,0.55,0.6,1,0,0,2.7844309277900567,0.3530000581474854
23,T_9,C_9_17,0.64,0.6,1,0,0,2.453305907940411,0.5166372375887412
23,T_9,C_9_16,0.66,0.6,1,0,1,2.3840600670680008,0.4150241708672896
23,T_10,C_10_5,0.6,0.0,0,0,0,-10.60895064275686,0.2654519558719101
23,T_10,C_10_4,0.7,0.0,1,0,1,4.89561822330513,0.3467785349237848
21,T_9,C_9_19,0.46,0.62,0,0,1,-18.084396880380808,0.42080231604480667
21,T_10,C_10_5,0.62,0.0,0,0,0,-14.488332077275548,0.36173592324763965
21,T_10,C_10_4,0.73,0.0,1,0,0,3.0988106416677663,0.41491481868068536
21,T_10,C_10_3,0.82,0.0,1,0,1,2.706899477986992,0.35937498609965424
