student_number,topic,arm_pulled,pay-off,pay-off_next_topic,actual_decision,skip_decision,reward,confidence_score,expected_reward
1,T_1,C_1_1,0.06,0.04,0,0,1,-10.0,0.4215030904333028
2,T_1,C_1_1,0.06,0.04,0,0,0,-10.0,0.4107391406083707
4,T_1,C_1_1,0.06,0.04,1,0,1,25.644710578842307,0.4818371618575129
0,T_1,C_1_1,0.06,0.04,1,0,0,22.115768463073852,0.40296084696257883
3,T_1,C_1_1,0.06,0.04,1,0,1,17.42914171656686,0.401746443811983
5,T_1,C_1_1,0.07,0.05,1,0,0,24.566866267465066,0.4870414292118921
7,T_1,C_1_1,0.06,0.04,0,0,1,-18.17050843477552,0.4075636677376472
28,T_1,C_1_1,0.06,0.04,0,0,0,-16.006001954217194,0.37539001507861525
9,T_1,C_1_1,0.06,0.04,0,0,0,-15.870408733878211,0.41897136757740244
44,T_1,C_1_1,0.06,0.05,0,0,0,-10.978085702970937,0.47828382850438494
23,T_1,C_1_1,0.06,0.04,1,0,1,4.191598986202253,0.32311468897789486
31,T_1,C_1_1,0.06,0.04,1,0,0,2.2690567816342266,0.496363668329878
46,T_1,C_1_1,0.06,0.04,0,0,1,-11.287050467620986,0.4480871402440224
8,T_1,C_1_1,0.06,0.04,0,0,1,-14.556166654314136,0.456105535563537
11,T_1,C_1_1,0.07,0.05,1,0,1,14.819205738933132,0.5127872069504169
27,T_1,C_1_1,0.06,0.04,1,0,1,8.083356682329356,0.4268990796722566
45,T_1,C_1_1,0.07,0.05,1,0,0,40.58961375434662,0.4371375160412556
41,T_1,C_1_1,0.06,0.04,1,0,1,26.91769370803079,0.4305655372608548
24,T_1,C_1_1,0.06,0.04,1,0,1,21.5767297107391,0.44335887220443576
14,T_1,C_1_1,0.06,0.04,1,0,0,30.332923962473497,0.4509539410046668
25,T_1,C_1_1,0.06,0.04,1,0,0,6.5391660169867585,0.36797932380676585
47,T_1,C_1_1,0.06,0.04,0,0,1,-6.731936267025159,0.4521178266263487
34,T_1,C_1_1,0.06,0.04,1,0,0,28.213994329173193,0.45215823649313025
32,T_1,C_1_1,0.06,0.04,1,0,0,3.951356095041014,0.41612809460605515
38,T_1,C_1_1,0.06,0.04,1,0,0,6.5013066390568355,0.3299707396279174
10,T_1,C_1_1,0.06,0.04,1,0,0,5.6734134639826586,0.4033354205995312
30,T_1,C_1_1,0.06,0.04,0,0,0,-6.775646872318042,0.48205700033758797
39,T_1,C_1_1,0.07,0.05,1,0,0,6.279743829956935,0.47794634840232375
12,T_1,C_1_1,0.06,0.04,1,0,1,1.4623321958764848,0.4063801018592972
42,T_1,C_1_1,0.06,0.04,1,0,0,6.322015990342887,0.4641060527383325
33,T_1,C_1_1,0.06,0.04,1,0,1,2.3437551207776703,0.42459364627127866
29,T_1,C_1_1,0.06,0.04,0,0,1,-4.79162037329347,0.3847622600454912
20,T_1,C_1_1,0.07,0.05,0,0,0,-4.10288519542786,0.5205737855702786
35,T_1,C_1_1,0.06,0.04,1,0,1,14.097707689947633,0.4150268710269127
6,T_1,C_1_1,0.06,0.04,0,0,1,-43.12148138956807,0.40942534435135525
17,T_1,C_1_1,0.07,0.05,0,0,0,-37.28981572564483,0.48889693618813146
21,T_1,C_1_1,0.06,0.04,0,0,1,-35.48606819112807,0.39609721309766
26,T_1,C_1_1,0.06,0.04,0,0,0,-23.079756554047197,0.39295504773332585
15,T_1,C_1_1,0.07,0.05,0,0,1,-40.087646100398274,0.5430153302492207
16,T_1,C_1_1,0.06,0.04,0,0,0,-23.05806030158172,0.3675621420516061
40,T_1,C_1_1,0.06,0.04,0,0,0,-39.5815011329047,0.47531492220697513
43,T_1,C_1_1,0.06,0.04,0,0,1,-29.288829532350952,0.41423266181250246
18,T_1,C_1_1,0.06,0.04,0,0,1,-30.74445083412609,0.44665890392564084
49,T_1,C_1_1,0.07,0.05,0,0,0,-31.78685714576317,0.47045372983639283
13,T_1,C_1_1,0.06,0.04,0,0,1,-27.493957737479153,0.36176077828856334
37,T_1,C_1_1,0.06,0.04,0,0,0,-25.731630321305584,0.39358276948546944
22,T_1,C_1_1,0.06,0.04,0,0,0,-39.07529344699475,0.4463781142541192
48,T_1,C_1_1,0.06,0.05,0,0,1,-24.70127769896326,0.4025545736311657
36,T_1,C_1_1,0.06,0.04,1,0,1,17.143254040985173,0.40679404842369526
19,T_1,C_1_1,0.06,0.04,0,0,0,-33.32837946640298,0.43851472769572286
2,T_1,C_1_2,0.07,0.04,1,0,0,37.32107025395064,0.48304899610376595
5,T_1,C_1_2,0.07,0.05,1,0,1,5.371529392726313,0.5976695484677669
0,T_1,C_1_2,0.07,0.04,1,0,0,47.970852471931934,0.540971664880727
9,T_1,C_1_2,0.07,0.04,0,0,0,-15.613721913162525,0.5239833217386767
31,T_1,C_1_2,0.07,0.04,0,0,1,-44.365340234466274,0.5381835179376568
44,T_1,C_1_2,0.07,0.05,1,0,0,42.446918719837925,0.590533235023537
28,T_1,C_1_2,0.07,0.04,0,0,1,-26.350790750741286,0.4841469723489037
45,T_1,C_1_2,0.07,0.05,1,0,1,1.4429091423685207,0.5727605059375745
14,T_1,C_1_2,0.07,0.04,0,0,1,-23.84469729093325,0.533107527638516
25,T_1,C_1_2,0.07,0.04,0,0,0,-30.76224132628673,0.497631719985401
34,T_1,C_1_2,0.07,0.04,0,0,1,-55.037308220724725,0.5449514578317342
1,T_2,C_2_1,0.04,0.08,0,0,1,-51.39330444357647,0.4156062271684592
38,T_1,C_1_2,0.07,0.04,0,0,1,-56.021255340649176,0.46371676395713857
32,T_1,C_1_2,0.07,0.04,0,0,1,-7.834497630456225,0.5377192826461064
30,T_1,C_1_2,0.07,0.04,0,0,1,-56.18585448497225,0.5165051976985373
10,T_1,C_1_2,0.07,0.04,0,0,1,-19.478974183369992,0.5212694281161345
39,T_1,C_1_2,0.07,0.93,0,0,1,-33.74558919851933,0.6143369482171668
4,T_2,C_2_1,0.04,0.08,0,0,1,-39.553565239039976,0.423984590662706
42,T_1,C_1_2,0.07,0.94,0,0,0,-24.888218016326565,0.5308549272402365
17,T_1,C_1_2,0.07,0.94,0,0,1,-20.87787967046191,0.5573372062860639
3,T_2,C_2_1,0.04,0.08,0,0,0,-30.121777254158715,0.3750945200402024
7,T_2,C_2_1,0.04,0.08,0,0,0,-40.670043420981585,0.37772375888674153
20,T_1,C_1_2,0.07,0.95,1,0,1,17.026955499783647,0.6073201244546317
41,T_2,C_2_1,0.04,0.08,0,0,0,-9.072038949361483,0.4057184404606409
40,T_1,C_1_2,0.07,0.93,0,0,0,-10.207174084496614,0.5309150761321376
46,T_2,C_2_1,0.04,0.08,0,0,0,-31.486764019258953,0.4109015066248156
26,T_1,C_1_2,0.07,0.88,0,0,1,-7.639606516929049,0.49150111674034164
27,T_2,C_2_1,0.04,0.08,1,0,0,32.74369670942005,0.3912732323450932
23,T_2,C_2_1,0.04,0.08,1,0,0,2.322182858653427,0.31192987749339607
11,T_2,C_2_1,0.05,0.08,1,0,0,67.24230136058284,0.49915223325020275
37,T_1,C_1_2,0.07,0.9,1,0,1,39.04323159314099,0.4703709986669242
49,T_1,C_1_2,0.07,0.9,1,0,0,12.803452912411329,0.5759027200723895
16,T_1,C_1_2,0.07,0.87,0,0,0,-7.663089838518048,0.5176992875425525
24,T_2,C_2_1,0.04,0.08,0,0,1,-3.132420693536636,0.38927484859565287
8,T_2,C_2_1,0.04,0.08,0,0,0,-15.849892812495728,0.44681690798087653
22,T_1,C_1_2,0.07,0.73,0,0,1,-11.573466141118105,0.5049122278807587
2,T_1,C_1_3,0.08,0.9,1,0,0,18.553268363969746,0.453842860841413
9,T_1,C_1_3,0.08,0.86,0,0,0,-13.159928951639909,0.6177665294358312
12,T_2,C_2_1,0.04,0.08,1,0,1,0.04763562400584043,0.3945611144724762
47,T_2,C_2_1,0.04,0.08,0,0,1,-20.4482496110896,0.44313358229567623
19,T_1,C_1_2,0.9,0.84,1,0,0,19.169257474998965,0.4849689245800557
44,T_1,C_1_3,0.08,0.88,1,0,1,25.288398639370804,0.5877112891658671
0,T_1,C_1_3,0.08,0.37,1,0,0,57.48158498189868,0.5157367471876173
21,T_2,C_2_1,0.93,0.08,0,0,0,-11.066289088243945,0.3204650668383677
6,T_2,C_2_1,0.94,0.08,0,0,0,-8.01784936473588,0.376137396290129
29,T_2,C_2_1,0.93,0.08,1,0,0,24.70120930359152,0.3366887726110468
33,T_2,C_2_1,0.94,0.08,1,0,0,41.526620638143626,0.38900703596246755
35,T_2,C_2_1,0.93,0.08,1,0,0,39.594907845071916,0.409557095055656
15,T_2,C_2_1,0.93,0.08,1,0,0,45.2725314569131,0.5133547350714549
25,T_1,C_1_3,0.08,0.92,1,0,0,32.27678963412434,0.5195148229117756
3,T_2,C_2_2,0.06,0.08,1,0,1,15.017226792594286,0.5117600524068262
43,T_2,C_2_1,0.92,0.08,1,0,1,50.58826504396042,0.4236655079983632
18,T_2,C_2_1,0.83,0.08,1,0,1,18.764949925563315,0.3956217357755203
1,T_3,C_3_1,0.08,0.21,1,0,1,19.186191853034764,0.5941672389013497
7,T_2,C_2_2,0.06,0.08,1,0,0,12.669321510262776,0.5189213747697864
41,T_2,C_2_2,0.06,0.08,0,0,1,-15.426195233085298,0.5364329224258351
13,T_2,C_2_1,0.72,0.08,0,0,0,-33.872629406913916,0.33635364440889404
4,T_3,C_3_1,0.08,0.21,0,0,1,-37.18903919839171,0.5688835315740646
27,T_2,C_2_2,0.06,0.96,0,0,0,-41.4345208886436,0.4304709519328239
11,T_2,C_2_2,0.06,0.96,0,0,0,-4.039739263619003,0.6169453725930385
23,T_2,C_2_2,0.06,0.96,0,0,0,-27.408736833435626,0.45372272034326555
48,T_2,C_2_1,0.85,0.96,1,0,0,1.3778816114106647,0.3733675243667741
36,T_2,C_2_1,0.94,0.96,0,0,0,-11.417778424755706,0.3605551139797034
46,T_2,C_2_2,0.06,0.96,0,0,1,-30.52105741613162,0.5255726163751253
42,T_1,C_1_3,0.08,0.71,0,0,1,-19.78820543057207,0.5486044790046228
5,T_2,C_2_1,0.78,0.97,1,0,1,13.149008755256993,0.4726382693508888
8,T_2,C_2_2,0.06,0.97,1,0,1,4.800426599744156,0.5863663298537688
40,T_1,C_1_3,0.08,0.54,1,0,0,11.7170012760797,0.5412960696350159
28,T_2,C_2_1,0.67,0.97,1,0,0,15.725087529448983,0.34981860578181456
45,T_2,C_2_1,0.94,0.97,1,0,0,40.223707832508225,0.4081187697493906
21,T_2,C_2_2,0.06,0.97,1,0,0,9.99403848487643,0.4242143845046758
29,T_2,C_2_2,0.06,0.97,1,0,1,13.712537144393865,0.5087620536146145
33,T_2,C_2_2,0.06,0.97,1,0,1,12.22872426937791,0.5312534404273312
16,T_1,C_1_3,0.08,0.52,1,0,0,24.984081412235042,0.4887901068675591
31,T_2,C_2_1,0.87,0.97,1,0,0,27.362224365126657,0.4681686499197349
47,T_3,C_3_1,0.97,0.21,1,0,1,17.14274156898285,0.6335154933237139
6,T_2,C_2_2,0.06,0.97,0,0,0,-2.0257400163363735,0.5549583728059744
49,T_1,C_1_3,0.08,0.52,1,0,1,38.36308055203368,0.6042827666060868
24,T_3,C_3_1,0.97,0.21,1,0,1,35.190020783969466,0.6146119627812034
14,T_2,C_2_1,0.86,0.97,1,0,0,17.92864701055288,0.4222284199100176
34,T_2,C_2_1,0.92,0.97,0,0,1,-1.7719648699141786,0.4336404732211274
32,T_2,C_2_1,0.65,0.97,0,0,0,-11.97436787434432,0.3754137952390818
38,T_2,C_2_1,0.66,0.97,1,0,0,16.628749411269027,0.30639127038572417
2,T_1,C_1_4,0.08,0.52,1,0,0,35.11896293440067,0.4395297475306038
15,T_2,C_2_2,0.06,0.97,1,0,0,18.12785973155372,0.7135522477613366
30,T_2,C_2_2,0.69,0.97,1,0,0,10.614702752510622,0.4509185754484865
12,T_3,C_3_1,0.97,0.22,1,0,1,26.134702752510606,0.5666271208617378
9,T_1,C_1_4,0.08,0.6,1,0,1,5.620924974732848,0.587182399737781
35,T_2,C_2_2,0.06,0.97,0,0,0,-19.79363511999778,0.5585467245212016
19,T_1,C_1_3,0.93,0.92,0,0,0,-12.554848850515056,0.4535983401520054
39,T_2,C_2_2,0.88,0.97,0,0,0,-17.82257934696896,0.6031206978513239
13,T_2,C_2_2,0.94,0.97,0,0,1,-12.79952970157889,0.4595372365545869
17,T_2,C_2_2,0.69,0.97,0,0,1,-24.81726019803279,0.6134328870352638
7,T_2,C_2_3,0.05,0.97,0,0,1,-26.972660042220884,0.3985205374457387
10,T_2,C_2_2,0.93,0.97,1,0,1,36.775455908872004,0.49204460643307757
27,T_2,C_2_3,0.05,0.97,1,0,0,10.367328700391433,0.3284675858787438
0,T_1,C_1_4,0.08,0.53,1,0,1,37.523045877653075,0.5136691107684974
11,T_2,C_2_3,0.05,0.97,1,0,0,33.45273886236224,0.4355859691111563
48,T_2,C_2_2,0.9,0.97,1,0,1,41.38836496465501,0.5677848836323938
3,T_3,C_3_1,0.97,0.22,1,0,1,15.731454414499247,0.5738110410531931
20,T_2,C_2_2,0.64,0.97,1,0,1,17.956266199222934,0.6111081927017689
23,T_2,C_2_3,0.05,0.97,1,0,0,8.72270743925572,0.2521797026132224
36,T_2,C_2_2,0.45,0.97,0,0,0,-14.824437295859369,0.4536163704000792
25,T_1,C_1_4,0.08,0.4,1,0,0,2.194894865827809,0.5050134079560682
18,T_3,C_3_1,0.97,0.21,0,0,1,-28.24974485297711,0.6439325900947401
41,T_3,C_3_1,0.97,0.22,0,0,1,-18.66714379849556,0.6126245551819882
26,T_2,C_2_2,0.4,0.97,1,0,1,20.250035270493214,0.5290635988313412
1,T_4,C_4_1,0.21,0.08,0,0,0,-21.06521058232685,0.48870843627110344
43,T_3,C_3_1,0.97,0.21,1,0,1,35.76627758831586,0.5845953739411318
4,T_4,C_4_1,0.21,0.08,1,0,1,9.143482122918387,0.5236314343471185
28,T_2,C_2_2,0.92,0.97,1,0,1,30.967878235900233,0.5052480027170765
22,T_2,C_2_2,0.63,0.97,0,0,0,-7.207418113662546,0.5601746821389193
21,T_2,C_2_3,0.05,0.97,0,0,0,-7.786560949810643,0.363471371402486
37,T_2,C_2_2,0.68,0.97,0,0,1,-43.76926012836135,0.5280448671367466
5,T_3,C_3_1,0.97,0.21,0,0,0,-43.46030854434404,0.6441664871445135
31,T_2,C_2_2,0.92,0.97,0,0,1,-9.73517765429168,0.5851595481515292
45,T_2,C_2_2,0.8,0.97,0,0,1,-18.289278875932176,0.5787738503973946
46,T_3,C_3_1,0.97,0.21,0,0,0,-59.39276227826709,0.5264811042786606
44,T_2,C_2_2,0.65,0.97,1,0,0,18.840416837681474,0.644997930138641
8,T_3,C_3_1,0.97,0.21,0,0,1,-32.77407490599369,0.6234615510026913
6,T_2,C_2_3,0.05,0.97,0,0,0,-18.625379253819787,0.3564538669165279
14,T_2,C_2_2,0.91,0.97,1,0,1,22.21339339110774,0.6100891993473248
33,T_3,C_3_1,0.97,0.21,1,0,1,2.967249242734929,0.5751971397420489
40,T_1,C_1_4,0.08,0.54,1,0,0,27.033107128350178,0.5433156347052652
32,T_2,C_2_2,0.93,0.97,0,0,0,-9.070430739034524,0.5513952277735693
47,T_4,C_4_1,0.21,0.08,0,0,1,-50.617441861344034,0.5495534299270345
29,T_3,C_3_1,0.97,0.22,0,0,1,-42.8447538751729,0.6033346318327788
38,T_2,C_2_2,0.83,0.97,0,0,0,-19.24319812754974,0.4479172117243073
15,T_2,C_2_3,0.05,0.97,0,0,1,-22.101452232994845,0.5534399197162008
30,T_2,C_2_1,0.91,0.97,0,0,0,-4.613722892215122,0.4141197873225983
16,T_1,C_1_4,0.08,0.47,0,0,0,-19.51644605068236,0.5421151671754717
24,T_4,C_4_1,0.21,0.08,1,0,0,8.684553592037654,0.4905556927118798
34,T_3,C_3_1,0.97,0.98,0,0,1,-21.848150124152575,0.6113552750170073
35,T_2,C_2_3,0.05,0.97,1,0,1,44.242564286085184,0.3788076885052969
27,T_2,C_2_4,0.06,0.96,1,0,1,8.635040135015403,0.4267511679770554
39,T_2,C_2_1,0.65,0.96,0,0,1,-18.09394785812352,0.43380290492254286
2,T_1,C_1_5,0.09,0.6,1,0,0,38.334410420971366,0.4360758410761162
42,T_2,C_2_3,0.47,0.96,1,0,1,31.652883064724964,0.3750044147056809
12,T_4,C_4_1,0.22,0.08,1,0,1,0.44773438771999197,0.48148181421912245
11,T_2,C_2_4,0.06,0.96,1,0,0,2.785339815286413,0.5471700279640126
13,T_3,C_3_1,0.97,0.97,1,0,1,1.88270878287197,0.5829812279210935
5,T_3,C_3_2,0.08,0.98,1,0,1,11.873339106551706,0.5833997064118945
23,T_2,C_2_4,0.06,0.97,1,0,1,20.655281184916262,0.44226673447111187
19,T_1,C_1_4,0.93,0.68,1,0,1,12.738756483042327,0.413601365998108
36,T_2,C_2_3,0.76,0.96,1,0,0,22.45936977094692,0.34933844995707564
7,T_3,C_3_1,0.97,0.99,0,0,1,-4.531863178791729,0.5824099689504336
17,T_3,C_3_1,0.96,0.98,1,0,0,25.063374916446364,0.6275604531976638
46,T_3,C_3_2,0.08,0.99,1,0,1,24.34846499325875,0.519981217674615
10,T_3,C_3_1,0.96,0.99,1,0,0,19.425940316120666,0.5642747284151972
48,T_3,C_3_1,0.95,0.99,1,0,0,3.6995802701969556,0.6326277398459126
20,T_3,C_3_1,0.97,0.99,0,0,1,-1.5248840590844708,0.6909950788961746
1,T_4,C_4_2,0.23,0.08,1,0,0,11.28544616953534,0.41040849743751207
3,T_4,C_4_1,0.98,0.08,0,0,0,-49.62778838461631,0.46971397854628816
49,T_2,C_2_2,0.4,0.96,0,0,1,-34.0844951879958,0.6376852593205878
22,T_2,C_2_3,0.64,0.96,0,0,1,-39.439469892886194,0.33931396278838744
21,T_2,C_2_4,0.06,0.96,0,0,0,-28.94621525544944,0.4431053034455966
43,T_4,C_4_1,0.97,0.08,0,0,1,-35.30343303796815,0.49363061390689333
18,T_4,C_4_1,0.98,0.08,0,0,1,-72.50292798746312,0.5187606468486998
41,T_4,C_4_1,0.98,0.08,0,0,0,-61.81103215784651,0.5130152950755695
26,T_3,C_3_1,0.96,0.98,0,0,0,-17.247189934666242,0.5933385604688893
9,T_2,C_2_2,0.44,0.96,0,0,1,-11.082780392511836,0.6132073222784047
44,T_2,C_2_1,0.38,0.57,0,0,0,-4.066607123167787,0.4522070933218498
25,T_1,C_1_5,0.09,0.34,0,0,0,-3.1518257561482868,0.4694232232084109
28,T_3,C_3_1,0.96,0.98,0,0,0,-49.82603011125717,0.5748146199424705
45,T_3,C_3_1,0.97,0.98,1,0,0,12.853804080306563,0.6610800193303707
6,T_2,C_2_4,0.06,0.56,0,0,1,-46.42942067607521,0.5546782721707755
37,T_3,C_3_1,0.97,0.96,0,0,1,-22.25579797156771,0.5971307689686994
32,T_2,C_2_3,0.8,0.58,1,0,0,7.147750762236141,0.34295458683728863
4,T_5,C_5_1,0.08,0.1,1,0,1,6.416084095569489,0.5367513930160883
31,T_3,C_3_1,0.96,0.98,1,0,0,25.276084095569495,0.6021876382093307
8,T_4,C_4_1,0.98,0.08,0,0,0,-30.47055850987215,0.5116540857666423
30,T_2,C_2_3,0.83,0.63,0,0,0,-26.841820968343903,0.3984701495411832
38,T_2,C_2_3,0.88,0.69,1,0,1,10.152184640378817,0.35699811372811807
14,T_3,C_3_2,0.6,0.98,1,0,1,1.1845229488365296,0.5226048494232175
33,T_4,C_4_1,0.99,0.08,1,0,0,11.112383645353951,0.5062711980659169
0,T_2,C_2_2,0.49,0.65,0,0,1,-6.602841664165842,0.5535983213221349
24,T_4,C_4_2,0.23,0.08,0,0,1,-15.237648557728237,0.39179296878717335
17,T_3,C_3_2,0.96,0.98,0,0,1,-11.640794253092466,0.6391410986161659
48,T_3,C_3_2,0.97,0.99,1,0,0,13.246874254075077,0.5958202389773186
40,T_1,C_1_5,0.09,0.49,1,0,0,17.918503699898075,0.4344016380539018
10,T_3,C_3_2,0.97,0.98,0,0,1,-21.44994679422834,0.5512157159097805
29,T_4,C_4_1,0.98,0.08,0,0,1,-6.694984716682873,0.47095944400740297
15,T_3,C_3_2,0.72,0.99,0,0,1,-1.1702322414353326,0.6964049533783594
47,T_5,C_5_1,0.08,0.1,1,0,1,21.061209518885665,0.5644728489094074
34,T_4,C_4_1,0.99,0.08,1,0,1,46.31552304896343,0.535347460667372
16,T_1,C_1_5,0.09,0.46,1,0,1,45.06120206130912,0.5020434837259382
27,T_3,C_3_2,0.59,0.96,1,0,0,50.19606303705091,0.5166845209540765
39,T_3,C_3_2,0.71,0.99,1,0,1,12.502806458103576,0.6156668759420472
11,T_2,C_2_5,0.07,0.71,1,0,1,55.32681961599829,0.6142269861592309
42,T_3,C_3_2,0.68,0.98,1,0,0,44.03631651575192,0.5592147085514253
35,T_3,C_3_2,0.75,0.99,1,0,0,40.673201761653544,0.509443767954064
36,T_2,C_2_4,0.95,0.81,1,0,0,82.92229414763116,0.49387303741086197
2,T_1,C_1_6,0.1,0.39,1,0,0,87.70468589810804,0.4358444807420303
26,T_3,C_3_2,0.97,0.98,1,0,0,10.925700066000308,0.4960254522753965
5,T_4,C_4_1,0.99,0.96,0,0,0,-36.40281080141562,0.5990373057201799
13,T_4,C_4_1,0.98,0.96,1,0,0,13.52050452471483,0.41962235940077497
23,T_3,C_3_2,0.6,0.91,1,0,0,8.1458106471638,0.42816911462547513
28,T_3,C_3_2,0.97,0.95,0,0,0,-32.73781421550557,0.4699704316828664
3,T_4,C_4_2,0.15,0.97,0,0,0,-28.645644558083042,0.3599173601193183
45,T_3,C_3_2,0.97,0.99,0,0,0,-13.686427592340822,0.6465668108481814
1,T_4,C_4_3,0.33,0.96,0,0,0,-14.723314319123705,0.44913273727920267
12,T_5,C_5_1,0.08,0.09,1,0,1,17.873421593392237,0.5103971995158284
21,T_2,C_2_5,0.07,0.57,1,0,0,21.646534111335974,0.47163658774299166
31,T_3,C_3_2,0.97,0.6,1,0,1,10.937480727544601,0.5719199184599456
46,T_4,C_4_1,0.99,0.96,0,0,0,-18.709330527786193,0.5275970522331747
7,T_4,C_4_1,0.99,0.96,0,0,0,-40.074494488609645,0.5188254796260112
20,T_4,C_4_1,0.98,0.97,0,0,0,-62.948378831682774,0.5609648655127863
41,T_4,C_4_2,0.16,0.97,0,0,0,-54.58643551184471,0.37595722831176137
44,T_2,C_2_3,0.73,0.7,0,0,1,-28.49406689425894,0.44163343068162236
49,T_3,C_3_2,0.73,0.6,0,0,1,-14.219955946224614,0.6380253597291375
22,T_3,C_3_2,0.65,0.53,0,0,0,-21.815363695704498,0.5210554249210916
48,T_3,C_3_3,0.09,0.68,0,0,1,-62.4170742575339,0.5295553923532195
9,T_3,C_3_2,0.71,0.62,1,0,0,1.3032433463136428,0.5491716548571766
8,T_4,C_4_2,0.16,0.97,0,0,0,-3.7385909256091097,0.4407914905153509
32,T_2,C_2_4,0.92,0.74,1,0,1,30.3901299110763,0.5173385827488504
30,T_2,C_2_4,0.93,0.56,1,0,1,32.306173629193694,0.4930033179044513
27,T_3,C_3_1,0.94,0.61,1,0,0,58.18107338861628,0.5578104458156113
43,T_5,C_5_1,0.96,0.1,1,0,0,30.164232971615487,0.5285601507484146
6,T_3,C_3_2,0.54,0.67,1,0,0,1.4509463840455306,0.5297977550524413
25,T_1,C_1_6,0.1,0.47,1,0,0,28.237559034165603,0.4641521241804728
42,T_3,C_3_1,0.93,0.43,1,0,1,51.6143590341656,0.5888667560827521
18,T_5,C_5_1,0.96,0.1,1,0,0,13.879959034165605,0.5257532973803329
19,T_2,C_2_4,0.44,0.61,1,0,0,35.31068389427754,0.41199701248521586
33,T_4,C_4_2,0.16,0.97,1,0,0,16.638359034165624,0.42132028167925606
35,T_3,C_3_1,0.83,0.88,1,0,1,35.5555561447424,0.5664955997203833
37,T_4,C_4_2,0.61,0.97,1,0,0,31.221956783210075,0.3687143091072153
38,T_3,C_3_1,0.42,0.58,1,0,0,18.981110569698913,0.545709310142626
26,T_3,C_3_3,0.08,0.72,1,0,0,0.16349996546412093,0.4396390556318973
14,T_4,C_4_1,0.6,0.97,0,0,1,-33.58004109062657,0.5540084762770039
23,T_3,C_3_1,0.96,0.55,0,0,1,-11.020517281102787,0.5569545414195229
0,T_3,C_3_1,0.57,0.94,0,0,1,-15.441152201737705,0.604734359922124
28,T_3,C_3_3,0.08,0.45,0,0,1,-22.687183947769434,0.4546374642575325
45,T_3,C_3_3,0.09,0.64,0,0,1,-12.648295058880556,0.5639609983179655
4,T_6,C_6_1,0.1,0.07,1,0,0,17.737425502790654,0.37819774717513066
17,T_4,C_4_1,0.58,0.97,1,0,1,73.48896643907857,0.5463345471982846
24,T_5,C_5_1,0.97,0.1,0,0,1,-12.781267488328334,0.53466630674912
10,T_4,C_4_1,0.54,0.97,0,0,0,-7.105655807191781,0.5163824355623666
15,T_4,C_4_1,0.57,0.97,0,0,0,-3.111256607910838,0.6620211981103217
36,T_2,C_2_5,0.95,0.77,1,0,0,42.819121692593384,0.5375147266224405
40,T_1,C_1_6,0.1,0.36,1,0,0,15.030145314640627,0.49007872264983354
11,T_3,C_3_2,0.53,0.65,0,0,1,-7.2919248514509345,0.6261793857362536
22,T_3,C_3_1,0.55,0.51,0,0,1,-15.981932719271512,0.584525248613915
13,T_4,C_4_2,0.99,0.95,1,0,1,11.139759950789685,0.3150440944364614
5,T_4,C_4_2,0.98,0.97,0,0,1,-47.04566206624242,0.4347937910673573
39,T_4,C_4_1,0.54,0.96,0,0,0,-33.38240478850833,0.5958678047986599
9,T_3,C_3_3,0.66,0.7,1,0,1,7.400766240097868,0.5472234731856411
29,T_5,C_5_1,0.97,0.09,1,0,0,4.048269784935745,0.5075301190790396
3,T_4,C_4_3,0.33,0.95,0,0,0,-30.45428000481519,0.38700042636771603
27,T_3,C_3_3,0.96,0.52,1,0,0,34.8124001845019,0.4320161827830841
21,T_2,C_2_6,0.08,0.47,1,0,0,3.7974074139263045,0.4361637143199498
1,T_4,C_4_4,0.52,0.94,1,0,0,23.542121587771213,0.5107851301489538
34,T_5,C_5_1,0.97,0.1,0,0,1,-6.066108476905953,0.6029815700421521
20,T_4,C_4_2,0.99,0.95,1,0,1,5.741553759216019,0.48698933509227693
6,T_3,C_3_3,0.57,0.9,0,0,0,-1.9707214557956956,0.5018716618411698
46,T_4,C_4_2,0.97,0.96,0,0,0,-22.70103024352077,0.42561901576356553
47,T_6,C_6_1,0.1,0.07,0,0,0,-38.635849837709706,0.463379975340928
7,T_4,C_4_2,0.98,0.96,0,0,0,-41.34863541850159,0.3534791254417693
41,T_4,C_4_3,0.23,0.93,0,0,0,-29.04777805295212,0.38490241164620753
2,T_1,C_1_7,0.1,0.41,0,0,0,-7.885440140024317,0.3895472002753586
8,T_4,C_4_3,0.22,0.95,1,0,1,2.6462486243402084,0.41945254132348986
43,T_5,C_5_2,0.09,0.07,0,0,1,-14.108786443526267,0.50954618457885
38,T_3,C_3_3,0.76,0.68,1,0,0,7.740284540197936,0.4475280690200958
26,T_3,C_3_4,0.12,0.79,1,0,0,5.879151879220436,0.6144534393750904
31,T_4,C_4_1,0.68,0.95,1,0,0,21.85355063794813,0.5548222135591934
18,T_5,C_5_2,0.09,0.06,0,0,1,-32.13439238707622,0.5680323461340405
49,T_4,C_4_1,0.65,0.96,0,0,0,-35.81030145592878,0.5724923158001997
44,T_3,C_3_3,0.49,0.78,0,0,0,-20.115019166678984,0.548614563473531
12,T_6,C_6_1,0.09,0.07,0,0,0,-35.1722019999352,0.3439992543661393
48,T_4,C_4_1,0.77,0.94,0,0,0,-28.319696443668718,0.49717816979783935
19,T_2,C_2_2,0.39,0.47,1,0,1,38.123774186516656,0.46443276619230933
32,T_3,C_3_1,0.56,0.54,1,0,1,9.995683939581125,0.6318327938673353
33,T_4,C_4_3,0.22,0.93,1,0,0,25.60876086265806,0.46652960638123997
30,T_3,C_3_3,0.54,0.84,1,0,1,24.0995300934273,0.4829658060224992
16,T_2,C_2_4,0.35,0.59,0,0,0,-28.928109041631213,0.5234371213477048
37,T_4,C_4_1,0.94,0.87,0,0,0,-18.316555648952377,0.4598060406978123
27,T_3,C_3_4,0.12,0.69,1,0,0,36.59058526296916,0.5961608579720876
42,T_4,C_4_2,0.38,0.95,1,0,1,60.048432559918126,0.4157883311611975
25,T_1,C_1_7,0.1,0.36,0,0,1,-0.5430153724817668,0.43940768419579035
35,T_4,C_4_1,0.91,0.61,0,0,0,-42.8419009036013,0.5093597899736876
4,T_6,C_6_2,0.14,0.07,0,0,0,-9.706889461953688,0.544038413448972
10,T_4,C_4_2,0.97,0.65,1,0,0,32.213611435704024,0.3604266043807469
36,T_2,C_2_6,0.07,0.47,1,0,0,19.013154118630844,0.5205732955961722
23,T_4,C_4_1,0.79,0.75,1,0,1,5.789602444530135,0.3937436572517119
6,T_3,C_3_1,0.97,0.49,1,0,1,17.49226404148832,0.5888618377254824
15,T_4,C_4_2,0.98,0.73,1,0,0,7.051199402705048,0.530241652215296
29,T_5,C_5_2,0.09,0.05,1,0,1,10.836750733503536,0.4957200348044958
45,T_4,C_4_1,0.63,0.68,1,0,0,48.54175610754861,0.49273014745373306
0,T_4,C_4_1,0.96,0.74,1,0,0,51.96044911666715,0.5296339920616975
28,T_4,C_4_1,0.78,0.86,1,0,0,63.030649659997536,0.47792248010724236
39,T_4,C_4_2,0.98,0.74,1,0,0,77.41532340810072,0.4671984983952644
14,T_5,C_5_1,0.94,0.05,1,0,1,3.3135162622875063,0.5519333659062943
3,T_4,C_4_4,0.53,0.69,0,0,1,-16.53058612503731,0.43140218182633006
38,T_3,C_3_2,0.47,0.48,1,0,0,10.526146098865873,0.47518611133366184
21,T_2,C_2_7,0.07,0.48,1,0,0,5.811320077685864,0.3992182014097066
1,T_4,C_4_5,1.0,0.7,0,0,0,-43.270111889957505,0.4349858523132924
26,T_3,C_3_5,0.13,0.47,0,0,1,-39.80072413485547,0.589416405417451
11,T_4,C_4_1,0.57,0.71,1,0,1,14.597155724885761,0.589573071948758
44,T_3,C_3_2,0.54,0.44,1,0,1,20.4169303342941,0.6294960777513552
40,T_1,C_1_7,0.11,0.35,0,0,0,-1.8183637833529414,0.44712244259002154
22,T_4,C_4_1,0.62,0.72,0,0,1,-15.367394189092398,0.538321008192385
17,T_5,C_5_1,0.96,0.05,0,0,1,-23.116452214714123,0.5952566985893465
47,T_6,C_6_2,0.13,0.07,1,0,1,7.124629719053673,0.592645988034173
9,T_4,C_4_1,0.68,0.72,1,0,1,26.346601126126664,0.5191232409613098
46,T_4,C_4_3,0.25,0.65,1,0,0,30.145698191589442,0.4982014634871522
41,T_4,C_4_4,0.39,0.76,1,0,0,9.381552810762132,0.45800851617467475
7,T_4,C_4_3,0.22,0.68,0,0,0,-4.095228292853345,0.4029401959289916
24,T_6,C_6_1,0.06,0.07,0,0,0,-1.1843440402586793,0.4455156799246297
13,T_5,C_5_2,0.72,0.06,0,0,1,-16.646616139815116,0.46540552585239436
5,T_5,C_5_2,0.71,0.05,0,0,1,-1.510573327897499,0.5753065810749767
31,T_4,C_4_2,0.7,0.69,0,0,0,-1.5669607400589634,0.4538335397765886
27,T_3,C_3_5,0.13,0.75,0,0,0,-1.0202142927889515,0.5283396896068958
49,T_4,C_4_2,0.76,0.69,1,0,1,8.429800408933772,0.4439672132880351
48,T_4,C_4_2,1.29,0.75,1,0,0,20.56145363159632,0.415086815651976
12,T_6,C_6_2,0.14,0.07,0,0,1,-19.660603000296362,0.49944587437754934
2,T_1,C_1_8,0.11,0.34,0,0,1,-0.4728235666152947,0.32964082841866327
20,T_5,C_5_2,0.71,0.05,0,0,1,-16.049574684350024,0.6283214274690794
34,T_6,C_6_2,0.05,0.07,0,0,0,-2.296376721111063,0.5854605790035974
33,T_4,C_4_4,0.37,0.74,0,0,0,-5.409340747577729,0.47219045339917937
37,T_4,C_4_3,0.99,0.79,0,0,0,-28.498546931168498,0.3820444493817949
43,T_6,C_6_1,0.05,0.07,0,0,0,-14.966484691413953,0.39191057563928067
16,T_2,C_2_2,0.4,0.54,0,0,1,-1.070962140169068,0.5046285577777554
8,T_5,C_5_2,0.73,0.97,0,0,1,-43.699195695231886,0.4901231058133487
32,T_4,C_4_2,0.56,0.8,0,0,0,-6.886511261821156,0.3736843096136511
35,T_4,C_4_2,7.72,0.64,0,0,1,-20.129495013667604,0.3760007278191185
19,T_3,C_3_1,0.49,0.38,1,0,0,29.759206496685838,0.5570878795844398
38,T_3,C_3_4,0.05,0.4,1,0,1,43.68466775129839,0.600020380387738
36,T_2,C_2_7,0.07,0.63,1,0,1,34.186151108062674,0.4703952173407693
18,T_6,C_6_1,0.05,0.07,1,0,0,18.889172478733272,0.4467921417583196
15,T_4,C_4_3,0.96,0.73,1,0,1,16.868960367420406,0.562440758732178
30,T_4,C_4_2,0.7,0.68,1,0,1,3.961743872575064,0.40624949359153256
10,T_4,C_4_3,0.92,0.72,0,0,0,-3.007265979380106,0.4267258648319282
4,T_6,C_6_3,0.14,0.07,0,0,0,-15.965323374523596,0.425683322583141
45,T_4,C_4_2,1.01,0.72,1,0,1,3.6817902144536587,0.42784614676014887
0,T_4,C_4_2,1.71,0.74,1,0,0,15.425361118200911,0.3731116220655668
28,T_4,C_4_2,0.53,0.81,1,0,0,21.869932668371973,0.34074633977872165
39,T_4,C_4_3,0.71,0.73,1,0,0,13.279011972535645,0.5224951248810727
42,T_5,C_5_2,0.71,0.95,0,0,1,-1.8033734312260528,0.5693918252534897
6,T_4,C_4_4,0.53,0.75,1,0,1,32.15971649113335,0.43466717293353907
21,T_2,C_2_8,0.08,0.39,0,0,0,-1.5690104268990712,0.4925767983227982
27,T_3,C_3_6,0.12,0.7,0,0,1,-0.7457541240658285,0.4253116469832526
23,T_5,C_5_2,0.79,0.98,0,0,0,-64.75731692016977,0.4229486148654865
46,T_4,C_4_4,1.0,0.63,0,0,0,-45.10842091689334,0.4950866606365859
29,T_6,C_6_2,0.97,0.07,0,0,0,-43.58121374135596,0.5017313982449032
41,T_4,C_4_5,1.0,0.76,0,0,1,-36.971350996876154,0.3924147753775288
26,T_4,C_4_1,0.5,0.72,0,0,0,-21.77845812134147,0.5122572339085442
7,T_4,C_4_4,1.0,0.7,1,0,0,1.3464801021771127,0.4625388615054344
44,T_4,C_4_1,0.4,0.71,1,0,1,43.18662762434254,0.5528744907959018
3,T_5,C_5_2,0.71,0.97,1,0,1,10.21048879570917,0.49121167393656817
31,T_4,C_4_4,0.64,0.66,1,0,1,56.71094399804391,0.5571624341537076
24,T_6,C_6_2,0.96,0.07,0,0,0,-10.115454709392992,0.526067820322484
19,T_3,C_3_2,0.39,0.42,1,0,0,33.18014730935253,0.5444059063161704
40,T_1,C_1_8,0.11,0.3,1,0,1,63.96996275706267,0.4054271924629766
14,T_6,C_6_2,0.95,0.07,0,0,1,-2.014517434699398,0.5093559675938033
25,T_2,C_2_3,0.39,0.4,1,0,0,23.332995182459914,0.3941284966804433
1,T_5,C_5_2,0.7,0.97,0,0,0,-22.169019460031336,0.504817074815166
11,T_5,C_5_2,0.69,0.96,0,0,0,-13.141201110270089,0.643191685869036
48,T_4,C_4_5,-0.0,0.77,1,0,1,60.713129273064496,0.44939914938178577
17,T_6,C_6_2,0.97,0.07,1,0,0,2.843876399501251,0.5943946221373999
37,T_4,C_4_4,0.99,0.7,0,0,1,-1.3132023672324582,0.4497467326276369
34,T_6,C_6_3,0.04,0.07,1,0,0,28.106453299912467,0.4905293976983044
47,T_7,C_7_1,0.07,0.16,1,0,1,26.818074533771863,0.5656557985431228
33,T_4,C_4_5,1.0,0.76,1,0,1,28.486502975172023,0.42869833252020983
22,T_5,C_5_2,0.69,0.94,1,0,0,25.855979513361035,0.5170244186221394
32,T_4,C_4_1,0.59,0.78,0,0,1,-18.687166877617017,0.4790349140403848
9,T_5,C_5_2,0.69,0.96,0,0,1,-15.209107748932208,0.5054754862519326
43,T_6,C_6_2,0.97,0.07,0,0,1,-2.622445847574137,0.5588920608458111
13,T_6,C_6_2,0.97,0.07,0,0,1,-34.18038756349014,0.5036389462503099
49,T_5,C_5_2,0.67,0.96,1,0,0,20.2033091215805,0.5924900819109755
12,T_7,C_7_1,0.07,0.15,0,0,0,-5.387729285247365,0.4049964345217568
18,T_6,C_6_2,0.97,0.07,0,0,1,-35.36453242662238,0.539321861627105
5,T_6,C_6_2,0.97,0.07,0,0,1,-42.07881814090812,0.5988483536197559
10,T_4,C_4_4,0.99,0.69,1,0,0,0.6532938317881394,0.49031780923993257
20,T_6,C_6_2,0.96,0.07,0,0,0,-27.259410213634162,0.6154295950790368
16,T_3,C_3_6,0.37,0.61,0,0,0,-1.6525968708378573,0.4556675811583446
4,T_6,C_6_4,0.18,0.07,1,0,0,5.008865158970535,0.5211032341492755
39,T_4,C_4_4,0.99,0.79,1,0,1,37.71250991482071,0.54740226223381
28,T_4,C_4_4,0.35,0.75,1,0,1,18.943006368721434,0.4230095089343271
23,T_5,C_5_1,0.9,0.97,0,0,0,-25.77401490787433,0.39006476111463295
19,T_3,C_3_6,0.56,0.43,0,0,1,-0.9780225590244145,0.3987200638163511
0,T_4,C_4_4,0.76,0.61,1,0,0,12.273308665200613,0.5228746268334928
38,T_4,C_4_2,0.45,0.68,1,0,0,18.666089981548847,0.293201743803294
36,T_3,C_3_6,0.51,0.55,0,0,1,-19.137612954713862,0.4221365490099397
21,T_2,C_2_9,0.08,0.39,1,0,1,21.838567692124222,0.40594362912733123
8,T_6,C_6_2,0.97,0.96,0,0,0,-37.64990728342034,0.5568485457798278
35,T_5,C_5_2,0.58,0.97,1,0,0,22.975350699096598,0.5205890750174332
7,T_4,C_4_5,1.0,0.69,0,0,0,-13.082769247664334,0.39832184086180766
29,T_6,C_6_1,0.05,0.95,1,0,0,7.600329343884995,0.4097707647629465
26,T_4,C_4_5,0.46,0.49,0,0,0,-17.197300771784434,0.40078901506348286
46,T_4,C_4_5,1.0,0.56,1,0,0,7.303146245293413,0.4573114714736762
1,T_5,C_5_1,0.96,0.98,0,0,0,-21.09015222343743,0.5009532260421548
15,T_5,C_5_2,0.73,0.96,1,0,1,51.3344845209063,0.6559375975522804
30,T_5,C_5_2,0.72,0.29,1,0,0,24.375819392636412,0.5334838118113413
45,T_5,C_5_2,0.59,0.96,0,0,1,-18.241544530965427,0.592408365468005
24,T_6,C_6_3,0.09,0.94,1,0,1,10.81736149989016,0.47269876800943156
11,T_5,C_5_1,0.96,0.97,0,0,0,-25.603395863363772,0.5984769057647583
27,T_4,C_4_2,0.59,0.79,0,0,0,-18.390511409960077,0.3097576369759205
6,T_5,C_5_2,0.77,0.97,1,0,0,12.452326986786158,0.49028586612664793
2,T_2,C_2_7,0.38,0.39,1,0,0,24.98761963428601,0.44656022511198235
25,T_2,C_2_7,0.36,0.34,1,0,0,34.04775949442587,0.4794966970586402
22,T_5,C_5_1,0.96,0.97,1,0,1,21.505801452467843,0.5195493527221231
12,T_7,C_7_2,0.08,0.15,1,0,1,7.080696508494967,0.4353212485171915
42,T_6,C_6_2,0.94,0.94,0,0,1,-16.056105216282422,0.5308096994688438
17,T_6,C_6_1,0.05,0.94,0,0,0,-12.027317015570544,0.521454749680487
16,T_3,C_3_5,0.41,0.74,0,0,1,-16.764930414035312,0.6285237518851248
34,T_6,C_6_4,0.05,0.93,1,0,0,19.42457578820084,0.5592796569921512
49,T_5,C_5_1,0.97,0.95,1,0,1,17.935377181929034,0.648051187730734
41,T_5,C_5_2,0.74,0.98,1,0,0,23.494748451328178,0.5307995009691906
31,T_5,C_5_1,0.67,0.97,1,0,1,36.285744665586066,0.5471627846512523
44,T_5,C_5_1,0.58,0.97,1,0,0,52.791217936569595,0.610046491075146
3,T_6,C_6_2,0.98,0.94,1,0,0,23.876252745744956,0.5148122848686983
14,T_7,C_7_1,0.93,0.16,1,0,0,12.150101230647033,0.4544260643060367
23,T_5,C_5_3,0.09,0.66,0,0,1,-19.80968120921088,0.45858894518010956
48,T_5,C_5_2,0.8,0.82,1,0,1,18.273894686265617,0.5718458400827824
10,T_4,C_4_5,1.0,0.54,1,0,0,40.636023228076276,0.41206001178952356
20,T_6,C_6_1,0.05,0.94,1,0,0,28.343554909169207,0.46927665864275964
4,T_6,C_6_5,0.22,0.93,1,0,0,30.671228023414507,0.5638438975178317
37,T_5,C_5_2,0.61,0.61,0,0,1,-7.881463370706657,0.498601819262587
35,T_5,C_5_1,0.97,0.89,0,0,1,-16.544599177113575,0.5347545709884858
43,T_7,C_7_1,0.94,0.16,1,0,1,0.2838866762268002,0.5361033667659392
32,T_5,C_5_2,0.75,0.7,0,0,1,-25.809024541942474,0.5736469910895952
33,T_5,C_5_2,0.77,0.75,0,0,0,-0.3128098137938098,0.5294068589772065
0,T_4,C_4_5,1.04,0.75,0,0,0,-7.850102781499455,0.44945154524663816
13,T_7,C_7_1,0.94,0.15,0,0,0,-16.881030616550962,0.48130245965939145
38,T_4,C_4_5,0.75,0.71,0,0,0,-44.253886626520355,0.3738700344475483
18,T_7,C_7_1,0.94,0.16,0,0,1,-72.17902398915771,0.47776865302475036
30,T_5,C_5_1,0.96,0.56,1,0,0,12.52827074200539,0.5055790334850103
9,T_6,C_6_2,0.98,0.65,1,0,1,16.828955673512223,0.5463623239273245
40,T_2,C_2_9,0.41,0.36,1,0,0,28.88443512556701,0.48862000333969424
5,T_7,C_7_1,0.94,0.16,0,0,1,-1.6224141895015034,0.5308626167679413
8,T_6,C_6_1,0.06,0.67,1,0,1,37.302243344745115,0.4567749376290767
1,T_5,C_5_3,0.09,0.68,1,0,1,30.872939902741592,0.5542899774848773
47,T_8,C_8_1,0.16,0.06,1,0,1,18.928381381181023,0.5141434823834237
19,T_4,C_4_4,0.33,0.61,1,0,0,43.63748473504827,0.4617400584859023
11,T_5,C_5_3,0.09,0.72,1,0,0,12.448875653985116,0.6016659568373556
29,T_6,C_6_3,0.09,0.67,1,0,0,4.55708284027575,0.4683026141284217
26,T_4,C_4_4,0.43,0.6,0,0,0,-4.2565242093094575,0.46896685507363683
36,T_4,C_4_2,0.59,0.68,0,0,1,-12.130071714435907,0.34643978647820217
6,T_5,C_5_1,0.94,0.63,0,0,0,-4.061506112651996,0.4885300193782611
28,T_5,C_5_2,0.76,0.71,0,0,1,-33.150848698725966,0.47553471561902827
21,T_3,C_3_6,0.37,0.42,1,0,0,9.070569570035403,0.33086705225517354
39,T_5,C_5_2,0.65,0.67,0,0,1,-7.539396755985672,0.608154859472323
27,T_4,C_4_1,0.44,0.64,0,0,0,-5.585018146958723,0.485295990469354
14,T_7,C_7_2,0.96,0.16,0,0,0,-2.235958057696749,0.5452246565275901
2,T_2,C_2_9,0.51,0.43,1,0,1,26.354085123353464,0.4275728574221157
25,T_2,C_2_9,0.49,0.37,1,0,0,23.50876626310923,0.457228154614786
44,T_5,C_5_2,0.94,0.66,1,0,0,37.42411851611851,0.6433991164171942
41,T_5,C_5_1,0.92,0.72,1,0,1,17.438724064614497,0.5030538287397744
24,T_7,C_7_2,0.72,0.16,1,0,1,28.578778191813434,0.5063587992764507
7,T_5,C_5_2,0.57,0.62,1,0,0,32.93331134472278,0.48698004331545774
15,T_6,C_6_2,0.53,0.67,0,0,0,-38.42396683191622,0.6623668606414116
46,T_5,C_5_1,0.52,0.58,0,0,1,-9.783429405045943,0.5147342696768766
17,T_6,C_6_3,0.96,0.67,0,0,1,-34.397724752315035,0.538323921645549
34,T_6,C_6_1,0.05,0.69,0,0,0,-13.794218346381093,0.41154963159786484
45,T_6,C_6_2,0.58,0.67,1,0,0,23.019603225380614,0.6123259409002757
13,T_7,C_7_2,0.96,0.98,1,0,0,24.533735123092605,0.4391805139534911
33,T_5,C_5_3,0.65,0.82,1,0,1,18.849754260761184,0.48236651136242736
3,T_6,C_6_3,0.95,0.66,0,0,1,-3.2388958399775643,0.3926562689503613
16,T_4,C_4_5,0.59,0.49,0,0,0,-20.84522780985821,0.42026791741808567
20,T_6,C_6_3,0.97,0.68,0,0,1,-39.51256516733638,0.5215293617744
42,T_7,C_7_2,0.65,0.98,0,0,1,-31.56085490576698,0.5551670340677768
4,T_6,C_6_6,0.24,0.55,1,0,0,9.32695396410869,0.4205553516678614
22,T_6,C_6_2,0.52,0.54,1,0,0,6.5450070408181205,0.4933233471355223
0,T_4,C_4_3,1.0,0.49,0,0,1,-4.170814009382039,0.4321849357202741
30,T_5,C_5_3,0.96,0.67,0,0,1,-6.45586073835394,0.47543306445651545
38,T_4,C_4_4,0.5,0.59,1,0,0,12.22485458380267,0.4161076407987056
12,T_8,C_8_1,0.15,0.06,1,0,0,12.780854583802675,0.41112998772533055
49,T_6,C_6_2,0.51,0.62,1,0,1,46.72618791713599,0.5863551524443938
21,T_3,C_3_5,0.39,0.46,1,0,0,3.855654158000795,0.588495752761403
10,T_5,C_5_3,0.45,0.67,1,0,0,42.18285461912228,0.4810584952384853
40,T_2,C_2_2,0.37,0.35,1,0,1,21.855279868291714,0.634852002325112
11,T_5,C_5_4,0.09,0.59,1,0,1,28.30910046629832,0.5055389309630943
14,T_7,C_7_3,0.09,0.98,1,0,1,9.28488819430164,0.5430040713243103
48,T_6,C_6_2,1.37,0.7,1,0,1,11.488469096158354,0.6073388258497564
23,T_6,C_6_2,0.7,0.55,0,0,0,-7.414050797740816,0.43226548470421167
6,T_5,C_5_3,0.97,0.48,1,0,0,0.8127396531875775,0.4917309839366134
31,T_6,C_6_2,0.71,0.5,1,0,0,9.74510039589311,0.546892424599353
26,T_4,C_4_2,0.47,0.51,0,0,1,-19.548375705939737,0.3273815080587906
19,T_4,C_4_2,0.31,0.48,1,0,0,3.8508597559781386,0.35749960340305686
37,T_6,C_6_2,0.64,0.54,0,0,1,-3.34422777791631,0.5016876525803979
35,T_6,C_6_2,1.04,0.57,0,0,1,-12.758857159352107,0.5140605905391175
29,T_6,C_6_4,0.11,0.47,1,0,1,7.56259498586248,0.5429175402652794
32,T_6,C_6_2,0.81,0.5,0,0,1,-17.222161233822852,0.526932177621992
9,T_7,C_7_1,0.57,0.98,0,0,0,-37.78373385928312,0.5375815779597597
44,T_5,C_5_3,0.93,0.58,0,0,1,-35.589271103844794,0.6040299826529314
13,T_7,C_7_3,0.09,0.98,1,0,1,5.525492934176274,0.42016937440166024
7,T_5,C_5_1,0.53,0.53,0,0,1,-0.9315186905075503,0.5388188545085413
27,T_4,C_4_3,24.45,0.47,0,0,1,-488.12296605892914,0.33183128013366775
43,T_8,C_8_1,0.16,0.06,1,0,0,11.802120392416537,0.4688159702815159
8,T_7,C_7_1,0.52,0.98,0,0,0,-7.635135165126061,0.5562076235070951
25,T_2,C_2_2,0.47,0.33,1,0,1,42.01179828674904,0.565949683690904
1,T_6,C_6_2,0.68,0.52,1,0,0,37.375076975273615,0.5386514004830238
15,T_6,C_6_3,1.68,0.58,1,0,1,11.220017123641211,0.628801944554468
18,T_8,C_8_1,0.98,0.06,0,0,1,-39.00337322998043,0.4437796371361912
5,T_8,C_8_1,0.98,0.06,0,0,0,-34.76007695790723,0.5072084422645731
21,T_3,C_3_3,0.42,0.47,1,0,0,4.774259209522532,0.4304385389675277
47,T_9,C_9_1,0.06,0.2,0,0,1,-29.899475025486097,0.6621698381526208
45,T_6,C_6_4,-0.0,0.49,0,0,0,-28.74346980355401,0.6079436671742572
36,T_5,C_5_3,0.65,0.53,0,0,1,-46.700388863606214,0.505655989446583
34,T_6,C_6_5,0.12,0.51,1,0,0,15.471865917629554,0.5983240739019773
2,T_3,C_3_6,0.39,0.37,1,0,1,1.8469474570946618,0.4243803817116083
16,T_4,C_4_2,0.71,0.43,1,0,1,14.86196857868645,0.3625897805339309
39,T_6,C_6_2,0.58,0.61,0,0,1,-9.348146696368914,0.6031347806389574
28,T_6,C_6_2,0.63,0.64,0,0,1,-30.359857821938178,0.48638199476418836
4,T_6,C_6_7,0.3,0.58,0,0,0,-17.26877128973257,0.4855196500029698
10,T_5,C_5_2,0.53,0.41,1,0,0,18.35388375661863,0.5250338910756425
6,T_5,C_5_4,0.96,0.39,1,0,0,1.8607300160018232,0.4406438623275979
38,T_4,C_4_3,0.0,0.4,1,0,0,7.532158587430402,0.3656965774667568
22,T_6,C_6_3,0.68,0.69,1,0,1,34.383780067831886,0.41766816355838476
41,T_6,C_6_2,0.54,0.62,0,0,0,-22.77381631836436,0.530689348074357
17,T_7,C_7_3,0.54,0.97,0,0,1,-1.080560806042735,0.6046250125406861
9,T_7,C_7_3,0.7,0.98,1,0,1,23.22768482744587,0.5387633162749785
3,T_7,C_7_3,0.6,0.97,0,0,1,-7.618842899129129,0.486380729868696
24,T_8,C_8_1,0.98,0.95,1,0,0,14.802302730980799,0.490718704944758
20,T_7,C_7_3,0.64,0.98,1,0,1,14.458411328265864,0.5881488027028541
46,T_6,C_6_3,0.44,0.59,1,0,0,15.694780294457015,0.43375598419877437
23,T_6,C_6_3,0.8,0.67,0,0,1,-25.7137394974234,0.3591694526216911
8,T_7,C_7_3,0.76,0.98,0,0,1,-22.48306824569223,0.48292514164447253
33,T_6,C_6_2,0.53,0.6,0,0,1,-12.245157220547163,0.5522285693203497
19,T_4,C_4_1,0.32,0.45,0,0,1,-12.295447355943663,0.4981181450926785
12,T_8,C_8_2,0.21,0.95,0,0,1,-23.262565344338242,0.4698106663414524
21,T_3,C_3_4,0.37,0.42,1,0,1,4.64099046347291,0.6086460901276773
31,T_6,C_6_3,0.86,0.61,0,0,1,-7.062355739873376,0.42009565408171895
49,T_7,C_7_3,0.65,0.96,1,0,1,13.316022638504993,0.5786558144909945
40,T_3,C_3_1,0.34,0.38,1,0,1,39.30132468678907,0.624953068388261
0,T_5,C_5_4,0.48,0.64,1,0,1,39.4549236585114,0.4021947210477436
30,T_6,C_6_3,0.65,0.58,1,0,1,25.87743671423626,0.4516261955397489
47,T_10,C_10_1,0.2,0.0,1,0,0,35.91276105591898,0.5544810125283878
42,T_8,C_8_1,0.98,0.95,1,0,1,16.211908904215722,0.4664066617697048
48,T_7,C_7_3,0.58,0.97,1,0,0,3.2655752684180452,0.5803696043372519
37,T_7,C_7_3,0.66,0.97,0,0,1,-13.211042284432681,0.45826898397744
35,T_7,C_7_3,0.58,0.88,0,0,0,-13.569623930188946,0.5467218775914482
11,T_6,C_6_3,0.55,0.61,0,0,1,-22.754094775560088,0.4582422399886309
26,T_5,C_5_4,0.43,0.49,0,0,0,-13.131248572624461,0.39430956138899464
32,T_7,C_7_3,0.62,0.97,0,0,1,-52.549312667851744,0.5201856527469678
1,T_6,C_6_3,0.65,0.63,0,0,0,-38.625794503415825,0.45282389560592756
29,T_7,C_7_3,0.66,0.66,0,0,1,-42.26405067537251,0.4642499591247141
14,T_8,C_8_1,0.97,0.95,0,0,0,-53.943831469636315,0.4669382001939437
45,T_6,C_6_3,1.95,0.6,0,0,0,-69.05950963892832,0.5435914167104718
10,T_5,C_5_1,0.49,0.48,0,0,1,-17.852525511944144,0.5424822033052134
25,T_3,C_3_6,0.36,0.34,0,0,1,-29.245541384960006,0.4246396676563403
6,T_5,C_5_5,0.12,0.41,1,0,0,7.42026959445614,0.5660299970433949
47,T_10,C_10_2,0.25,0.0,1,0,1,3.922170735140526,0.4756161680759036
44,T_6,C_6_3,0.57,0.63,0,0,0,-12.169739832887103,0.4677348120611461
43,T_8,C_8_2,0.21,0.95,1,0,1,16.086936261122737,0.5104496644717954
34,T_6,C_6_6,0.15,0.61,1,0,1,8.098976818790701,0.39601210464518455
4,T_6,C_6_8,0.49,0.54,1,0,1,21.796738794532224,0.4731073569473915
5,T_8,C_8_2,0.21,0.95,0,0,1,-7.768829863727721,0.6187297592229559
7,T_6,C_6_2,0.39,0.55,1,0,1,8.148891655259654,0.5268276083124297
15,T_7,C_7_3,0.65,0.72,0,0,0,-7.3000554894821565,0.6507131724014841
27,T_5,C_5_4,0.47,0.73,0,0,1,-15.553262565614206,0.3772699342557936
38,T_4,C_4_1,1.0,0.44,1,0,1,17.024962702464812,0.43680595609979467
13,T_8,C_8_1,0.98,0.95,1,0,0,3.2571393586162394,0.39669702313373156
41,T_6,C_6_3,0.59,0.57,0,0,0,-20.79586623846547,0.4019194997689725
2,T_4,C_4_2,0.35,0.47,0,0,0,-5.113270096481493,0.37368620268313146
39,T_7,C_7_3,0.49,0.69,0,0,1,-10.908040436576368,0.5816182984148838
18,T_9,C_9_1,0.95,0.99,0,0,0,-54.57575400441553,0.6039057522995884
48,T_7,C_7_1,0.61,0.68,0,0,1,-10.297487672757278,0.5778193008429261
35,T_7,C_7_2,0.59,0.92,1,0,0,7.605779841840183,0.511443715143162
36,T_6,C_6_3,0.62,0.48,0,0,0,-40.800569375760944,0.4265321770251331
28,T_7,C_7_3,0.58,0.65,0,0,0,-24.947997230215137,0.45566117538791245
16,T_5,C_5_4,0.4,0.52,1,0,0,12.390911608966253,0.3752785303851376
46,T_6,C_6_2,0.63,0.5,0,0,1,-3.662208259670832,0.5173880802988899
22,T_7,C_7_3,0.73,0.77,1,0,0,6.71416536670279,0.4854981669471582
26,T_5,C_5_3,0.41,0.39,1,0,0,7.579463704768466,0.4783012986311316
24,T_8,C_8_2,0.21,0.95,1,0,0,7.701910459176395,0.5435990925171521
17,T_8,C_8_2,0.84,0.95,1,0,0,17.745651786753726,0.6031207272220315
6,T_5,C_5_6,0.12,0.49,1,0,0,25.97728316907012,0.39829486393058144
23,T_7,C_7_3,0.65,0.76,0,0,0,-6.720724302909978,0.40168414218513415
21,T_4,C_4_2,0.4,0.45,1,0,1,14.345278187750093,0.30754423000494613
33,T_7,C_7_3,0.48,0.7,1,0,0,22.856349164890858,0.52221218132926
40,T_4,C_4_4,0.38,0.38,1,0,0,44.112407283248714,0.5230693391990606
9,T_8,C_8_2,0.69,0.92,1,0,0,46.35195600418877,0.6104419570034842
45,T_6,C_6_1,1.07,0.44,1,0,0,12.39983599057878,0.4534026452124966
31,T_7,C_7_3,0.54,0.82,1,0,0,9.409472720067342,0.5734546802630476
20,T_8,C_8_2,0.72,0.9,1,0,0,3.561214919986816,0.6156544612988567
1,T_6,C_6_1,0.43,0.54,1,0,1,10.525688439431867,0.4702977840581614
19,T_5,C_5_3,0.4,0.45,1,0,1,2.094052590370974,0.4971905782212313
30,T_7,C_7_3,0.5,0.52,1,0,1,5.306294928120018,0.5262787484695387
15,T_7,C_7_2,0.53,0.55,1,0,1,14.310353797629183,0.6361187623604483
18,T_9,C_9_2,0.06,0.99,1,0,0,1.258490799833976,0.5495854713244809
3,T_8,C_8_2,0.73,0.92,1,0,0,15.017601361909307,0.522270337315013
12,T_9,C_9_1,0.92,0.99,1,0,1,16.892191696686893,0.5657878945132853
0,T_6,C_6_2,0.68,0.48,1,0,1,23.227170105076706,0.5618705197081109
44,T_6,C_6_2,0.81,0.54,1,0,1,12.931673498044006,0.5905720797332301
8,T_8,C_8_2,0.7,0.93,1,0,1,16.418073864382624,0.5627199701394587
35,T_7,C_7_1,0.94,0.73,1,0,1,18.67158895608606,0.4574892050136016
25,T_4,C_4_1,0.34,0.37,1,0,0,16.147867452697305,0.4426038259012547
11,T_7,C_7_3,0.52,0.77,1,0,1,10.505230360891954,0.5969971483458304
22,T_7,C_7_2,0.56,0.54,1,0,1,4.610913853000677,0.5387679239504464
49,T_8,C_8_2,0.91,0.92,1,0,0,20.687836929923677,0.5811677644005018
42,T_9,C_9_1,0.91,0.99,1,0,1,3.6724523145390977,0.6258062551187157
28,T_7,C_7_1,0.69,0.6,1,0,0,7.730298468385275,0.46436326642283404
14,T_8,C_8_2,0.99,0.88,0,0,0,-18.74501348165731,0.6171593644347355
37,T_8,C_8_2,0.67,0.92,0,0,0,-14.345217526107113,0.4978710252717814
16,T_5,C_5_2,0.41,0.51,1,0,0,27.34601966838935,0.5054777197670096
2,T_4,C_4_1,0.42,0.48,1,0,0,7.862267369186423,0.4325179804097307
10,T_6,C_6_8,0.46,0.4,1,0,1,10.95668797004479,0.43757040424715377
33,T_7,C_7_1,0.64,0.62,1,0,1,15.137558601559206,0.5478103443267607
23,T_7,C_7_1,0.38,0.44,1,0,0,5.106902562319498,0.4007125894401257
36,T_6,C_6_8,0.55,0.45,0,0,0,-25.23028378492954,0.41782474946393483
29,T_8,C_8_2,0.68,0.92,0,0,1,-13.615864685585414,0.5368745398308331
26,T_5,C_5_2,0.52,0.39,0,0,0,-11.331937183582326,0.4778692453804078
4,T_7,C_7_3,0.49,0.6,0,0,1,-16.927370193541364,0.5737302802038303
32,T_8,C_8_2,0.72,0.91,0,0,0,-14.21007557917325,0.5234092119458358
41,T_6,C_6_8,0.55,0.43,0,0,0,-14.189964753335357,0.4556690247854749
6,T_5,C_5_7,0.16,0.47,1,0,1,15.822155575677044,0.6081380339818858
34,T_7,C_7_3,0.52,0.66,0,0,1,-8.597715065501262,0.5542390165424638
31,T_7,C_7_2,0.56,0.58,0,0,1,-20.21874196036679,0.578514989287187
13,T_8,C_8_2,0.99,0.95,0,0,0,-20.9946837988899,0.4473363927241817
18,T_9,C_9_3,0.06,0.99,0,0,1,-20.56000736421343,0.53730645882092
7,T_7,C_7_3,0.49,0.51,0,0,0,-14.20839402602293,0.4861339918532751
43,T_9,C_9_1,0.94,0.99,1,0,1,15.472656319869508,0.6152275700832853
5,T_9,C_9_1,0.91,0.99,1,0,1,6.271804220052125,0.709260187661905
12,T_10,C_10_2,0.99,0.0,0,0,0,-0.2521394888205286,0.34589583919112754
38,T_5,C_5_2,0.39,0.49,1,0,1,30.62457997847055,0.4457583061888134
40,T_4,C_4_1,0.37,0.41,0,0,0,-12.77864449346001,0.5079846064060531
46,T_7,C_7_1,0.38,0.62,0,0,1,-5.091838868397431,0.5290207719971983
45,T_6,C_6_8,0.63,0.52,1,0,1,1.4090707738099155,0.4576373032674991
24,T_8,C_8_3,0.25,0.95,0,0,0,-4.001481075795834,0.5317952061494636
27,T_6,C_6_8,0.44,0.52,1,0,1,7.324476253715131,0.44250585457821745
42,T_10,C_10_2,0.99,0.0,0,0,1,-20.489839771467054,0.44540231430555727
17,T_8,C_8_1,0.97,0.95,0,0,1,-8.86025930245172,0.5768025552760853
28,T_7,C_7_2,0.93,0.59,0,0,1,-4.9797164203468505,0.5077700775008938
9,T_8,C_8_1,0.97,0.94,1,0,1,3.4396091461999756,0.5055042285066891
39,T_8,C_8_2,0.51,0.94,0,0,1,-15.457614534016196,0.6665091538025981
48,T_8,C_8_2,0.61,0.64,0,0,1,-3.630745155560847,0.5807980785500331
20,T_8,C_8_1,0.98,0.65,0,0,1,-26.607004478417664,0.535595801887149
23,T_7,C_7_2,0.9,0.5,1,0,1,7.480788666501153,0.44241210721028457
25,T_4,C_4_2,0.37,0.46,1,0,0,8.097144649664093,0.36141880790050485
21,T_5,C_5_1,0.48,0.49,0,0,0,-20.52582588551323,0.4917363349543848
16,T_5,C_5_1,0.6,0.47,1,0,0,24.351202856565408,0.561536972494493
12,T_10,C_10_1,0.16,0.0,1,0,0,19.95516920271931,0.44636892588554766
1,T_7,C_7_3,0.43,0.5,1,0,1,20.023478259276743,0.5171333923555332
2,T_4,C_4_3,0.51,0.43,0,0,0,-24.389791365551503,0.4265289062308909
18,T_10,C_10_2,0.98,0.0,0,0,0,-14.275200713327905,0.4481857029556626
44,T_7,C_7_3,0.5,0.75,0,0,1,-4.361820917214879,0.5993069460947931
3,T_8,C_8_1,0.97,0.59,0,0,0,-6.749014214641504,0.4232993895743704
26,T_5,C_5_1,0.97,0.3,1,0,1,0.9768984125278211,0.5051875277351864
43,T_10,C_10_2,0.99,0.0,1,0,0,0.32698817913461475,0.4254226460009435
5,T_10,C_10_2,0.99,0.0,0,0,1,-19.31862986466919,0.4695068693325851
19,T_6,C_6_8,0.5,0.6,0,0,1,-17.928210110452838,0.4834676933540405
0,T_7,C_7_1,0.46,0.67,1,0,1,1.605413197531754,0.49993345186406174
7,T_7,C_7_2,0.56,0.52,0,0,0,-13.439865818761277,0.47407555887085795
49,T_8,C_8_1,0.9,0.6,1,0,1,0.7599993804227179,0.582258842838074
36,T_6,C_6_6,0.34,0.51,0,0,1,-16.936112731815875,0.36927653948001904
15,T_8,C_8_1,0.6,0.67,0,0,1,-13.134445072494884,0.6309479083128025
30,T_8,C_8_1,0.61,0.57,0,0,0,-33.94921576933816,0.4949753430135766
37,T_8,C_8_1,0.97,0.57,1,0,0,10.08383060277961,0.3931807167555812
12,T_10,C_10_3,0.33,0.0,1,0,0,7.862462355446473,0.37629996031658614
14,T_8,C_8_3,0.25,0.65,0,0,1,-5.460175790721089,0.5100025324306812
8,T_9,C_9_3,0.57,0.99,0,0,0,-16.82915974794034,0.5678400654502106
41,T_6,C_6_6,0.43,0.47,0,0,0,-11.701411679015798,0.41063813992088305
18,T_10,C_10_1,0.15,0.0,1,0,1,17.875516619504417,0.5268321087268267
10,T_7,C_7_2,0.43,0.52,0,0,0,-22.139952015545674,0.5097885528439304
35,T_8,C_8_2,0.55,0.58,1,0,1,15.377537108247237,0.5356049869067085
22,T_8,C_8_1,0.57,0.61,0,0,1,-17.300534962255604,0.44919299407523694
43,T_10,C_10_1,0.15,0.0,1,0,0,13.072566426995675,0.5295313851894746
32,T_8,C_8_1,0.97,0.66,1,0,0,19.683578860388238,0.40786982349545886
11,T_8,C_8_2,0.59,0.6,1,0,1,9.974283419298775,0.5482316473878861
40,T_4,C_4_5,0.46,0.48,0,0,0,-6.780856171719982,0.45023905105710926
13,T_8,C_8_3,0.24,0.56,1,0,1,9.838137456760716,0.5240148593219706
33,T_8,C_8_1,0.59,0.59,0,0,0,-8.282634821073994,0.49495597742859737
6,T_6,C_6_2,0.33,0.41,1,0,0,15.780998917672374,0.5527321858659962
16,T_5,C_5_7,0.71,0.52,1,0,1,30.761564288697045,0.5543882315448072
21,T_5,C_5_7,0.53,0.54,1,0,1,18.094051146136323,0.4356187306988763
12,T_10,C_10_4,0.54,0.0,1,0,0,33.28475155814334,0.4108751648671938
4,T_8,C_8_1,0.64,0.6,1,0,1,19.524304236189263,0.5029839734161108
29,T_9,C_9_3,0.64,0.98,1,0,1,6.779088019037307,0.5200283585775262
24,T_8,C_8_4,0.34,0.6,1,0,0,4.4948753838951685,0.5857051113548986
34,T_8,C_8_2,0.65,0.57,1,0,0,9.982837803155242,0.5465511387324535
25,T_4,C_4_3,0.38,0.47,1,0,1,6.571211261757714,0.44711609107282196
7,T_7,C_7_1,0.95,0.49,1,0,0,28.102433779876826,0.4839073663355306
45,T_7,C_7_3,0.55,0.49,1,0,0,7.861695066069014,0.5920131474424176
31,T_8,C_8_1,0.53,0.63,0,0,0,-14.767630447127438,0.47842293412441006
2,T_4,C_4_4,0.39,0.44,1,0,1,3.0089091423153906,0.48926175654781245
38,T_6,C_6_2,0.4,0.5,0,0,1,-4.344170036570237,0.48776105663033076
43,T_10,C_10_3,0.24,0.0,1,0,0,5.747964613549568,0.4535935400465134
27,T_7,C_7_2,0.52,0.3,0,0,0,-5.348565603252744,0.4870429823596202
17,T_9,C_9_1,0.67,0.74,0,0,1,-3.3418280835417615,0.6947382050595462
8,T_9,C_9_1,0.95,0.62,1,0,1,12.841543917811318,0.5870145299009136
46,T_8,C_8_1,0.57,0.67,0,0,1,-8.663418137063156,0.5081283152764303
12,T_10,C_10_5,1.0,0.0,1,0,1,15.88241220890338,0.3973150332946443
10,T_7,C_7_1,0.56,0.48,0,0,1,-3.5608695627127105,0.5351254441116142
39,T_9,C_9_1,0.54,0.62,0,0,1,-7.231121896602108,0.7034304933129307
48,T_9,C_9_3,0.55,0.63,0,0,1,-4.711052088574203,0.5827476852622797
9,T_9,C_9_1,0.57,0.6,0,0,1,-33.81392800220179,0.6073987147476749
28,T_8,C_8_1,0.58,0.55,0,0,0,-32.414741482736346,0.3998832217224706
20,T_9,C_9_1,0.56,0.51,0,0,1,-16.234613650080902,0.6810069059395887
3,T_8,C_8_3,0.14,0.56,0,0,1,-14.167792034740952,0.4944695124730502
23,T_8,C_8_1,0.73,0.54,1,0,0,21.086835995958722,0.31481560119036317
19,T_7,C_7_3,0.62,0.46,1,0,0,16.859174867398327,0.4494667944775341
43,T_10,C_10_4,0.41,0.0,1,0,0,17.298086274462538,0.5301809633488589
26,T_6,C_6_8,0.3,0.44,1,0,0,5.482962504920012,0.4334218051038359
29,T_10,C_10_1,0.47,0.0,1,0,0,18.57081354718988,0.4559352417400343
41,T_6,C_6_4,0.59,0.45,0,0,0,-12.236240495076627,0.5313084972854691
1,T_8,C_8_1,0.65,0.67,0,0,1,-32.638552633805,0.46493301810484977
30,T_8,C_8_2,0.98,0.6,0,0,1,-16.46777327208079,0.5592140680435521
36,T_7,C_7_2,0.47,0.47,0,0,0,-34.41751330674286,0.49805576683243236
37,T_8,C_8_3,0.16,0.64,0,0,1,-37.38148672717159,0.5339856888785418
40,T_4,C_4_3,0.43,0.52,0,0,0,-37.64551401992539,0.5054422730575205
7,T_7,C_7_4,0.09,0.5,0,0,0,-34.239516326730445,0.5150975422436082
44,T_8,C_8_1,0.78,0.57,0,0,0,-49.82256130942949,0.537468509598016
45,T_7,C_7_1,0.56,0.5,0,0,0,-43.22427346403195,0.6153483194194773
17,T_10,C_10_5,0.63,0.0,0,0,1,-30.302072975926826,0.5409474380805617
15,T_9,C_9_3,0.62,0.63,0,0,1,-28.766822126778166,0.6529968534816056
0,T_8,C_8_2,0.51,0.58,0,0,1,-19.21456577961135,0.505134698491132
8,T_10,C_10_5,0.66,0.0,0,0,0,-3.047598018111496,0.45314230416330614
27,T_7,C_7_3,0.65,0.53,0,0,0,-2.267131638305427,0.4587311147035211
32,T_8,C_8_3,0.98,0.62,1,0,0,11.41275341916584,0.5288431044909048
6,T_6,C_6_8,0.38,0.45,0,0,0,-1.1959207474843083,0.44531114336424704
49,T_9,C_9_1,0.58,0.68,0,0,0,-2.884031028931819,0.6723230820319304
43,T_10,C_10_5,1.0,0.0,1,0,0,9.265819872169915,0.4171147465430516
39,T_10,C_10_5,0.58,0.0,0,0,1,-2.725000552385417,0.5008601410080356
48,T_10,C_10_5,0.58,0.0,0,0,1,-0.36919994512627063,0.4645167594371236
29,T_10,C_10_5,0.64,0.0,1,0,1,14.107244877565105,0.4031981573292529
33,T_8,C_8_3,0.62,0.58,0,0,1,-3.746588129990865,0.5646971079694973
14,T_9,C_9_3,0.57,0.6,0,0,0,-8.26949763743644,0.5464466148049014
9,T_10,C_10_5,0.59,0.0,0,0,0,-3.5925216924192878,0.4801597012084226
20,T_10,C_10_5,0.64,0.0,0,0,1,-19.83390489163296,0.5226415213250903
11,T_9,C_9_1,0.6,0.67,0,0,1,-35.2344980904693,0.685121150926383
22,T_9,C_9_1,0.58,0.6,1,0,0,0.6204874522899093,0.5530977939005388
35,T_9,C_9_1,0.55,0.61,1,0,1,11.189353243266442,0.609435837988092
19,T_7,C_7_2,0.61,0.5,1,0,1,22.78594351523112,0.5034454610259032
24,T_8,C_8_5,0.51,0.56,1,0,1,0.21112154620216295,0.49992919371903216
13,T_9,C_9_1,0.61,0.68,1,0,1,12.028785363865975,0.5256890943266503
34,T_8,C_8_3,0.61,0.6,0,0,1,-3.482213798955554,0.5286897874901633
8,T_10,C_10_2,0.96,0.0,1,0,1,6.494562791396368,0.46921771330363327
16,T_6,C_6_8,0.52,0.61,0,0,0,-3.4445379485012158,0.36035739051530236
4,T_9,C_9_1,0.56,0.57,1,0,1,6.79787319677634,0.6501459530264021
36,T_7,C_7_1,0.62,0.51,1,0,0,5.969659317367885,0.5188301751124612
25,T_5,C_5_7,0.54,0.37,1,0,1,15.595829231109066,0.5264956880799615
38,T_7,C_7_1,0.61,0.56,1,0,1,11.640172608027788,0.47673036305704675
21,T_6,C_6_8,0.54,0.44,1,0,1,9.89770529705571,0.37983529980291797
31,T_8,C_8_3,0.62,0.6,1,0,0,9.183094722865754,0.5161209883034719
15,T_10,C_10_5,0.59,0.0,1,0,0,16.42411623662525,0.5985604203585332
2,T_5,C_5_7,0.52,0.54,1,0,1,14.726785174728647,0.49716431056151505
7,T_7,C_7_5,0.1,0.52,0,0,0,-8.909997862805747,0.4396158888535677
45,T_7,C_7_2,0.93,0.48,0,0,1,-7.702151839162868,0.5173075837095182
26,T_6,C_6_2,0.35,0.44,1,0,1,0.9254464484933287,0.5014287577166251
27,T_7,C_7_1,0.9,0.49,0,0,1,-1.332052136679284,0.4584333539577498
28,T_8,C_8_3,0.66,0.59,0,0,1,-6.457122878048828,0.5508806076125896
41,T_6,C_6_1,0.96,0.46,1,0,0,23.533364168278123,0.3764103609111962
9,T_10,C_10_2,0.63,0.0,1,0,1,17.66741394203376,0.4417546712465722
49,T_9,C_9_3,0.94,0.66,0,0,1,-6.93704469579372,0.5993633237487505
23,T_8,C_8_3,0.68,0.62,1,0,1,8.822087630235607,0.45412312379939657
46,T_9,C_9_1,0.63,0.53,1,0,1,3.8395382709729073,0.6233214662595662
40,T_4,C_4_2,1.0,0.52,1,0,1,22.085726864987556,0.4868734297998072
14,T_9,C_9_1,0.93,0.48,0,0,1,-4.917893632772058,0.5838474246984818
10,T_8,C_8_3,0.52,0.54,0,0,1,-34.26303873576805,0.5632199787795822
11,T_10,C_10_5,0.61,0.0,0,0,0,-34.231524948486175,0.5171337668581496
3,T_9,C_9_1,0.6,0.53,0,0,0,-0.38375887366299466,0.5698921781255077
35,T_10,C_10_5,0.53,0.0,0,0,1,-6.414054201418235,0.4460099563799925
6,T_6,C_6_6,0.28,0.48,1,0,0,10.71748226332971,0.41335594526490727
44,T_8,C_8_3,0.75,0.58,1,0,0,19.5096170947903,0.5582956187863068
22,T_9,C_9_3,0.88,0.45,0,0,1,-2.383235676976529,0.5317124791913644
1,T_9,C_9_1,0.74,0.6,0,0,0,-5.154219266694962,0.6056852785419528
13,T_10,C_10_5,0.51,0.0,1,0,1,3.152498751651466,0.35466121410101425
30,T_9,C_9_1,0.58,0.69,1,0,1,10.26272194411778,0.6524672653414765
15,T_10,C_10_2,0.71,0.0,0,0,1,-10.899614748678133,0.6272115293994789
37,T_9,C_9_1,0.7,0.56,1,0,0,25.08842660510821,0.5342319265555882
32,T_8,C_8_4,0.22,0.57,0,0,1,-0.973520917954783,0.5279090944305265
4,T_10,C_10_5,0.59,0.0,0,0,0,-35.7948138552812,0.4699684403176026
36,T_7,C_7_3,0.91,0.51,0,0,0,-37.47215778254441,0.5062677212912818
0,T_9,C_9_1,0.6,0.52,0,0,0,-5.625831969451198,0.6387884627814007
7,T_7,C_7_6,0.12,0.47,0,0,0,-16.257430279553923,0.44439424816426715
11,T_10,C_10_2,0.57,0.0,1,0,0,0.5275707885983536,0.4987840734672594
16,T_6,C_6_2,0.7,0.56,0,0,0,-5.919403114788626,0.5772322418180982
49,T_10,C_10_2,0.49,0.0,1,0,1,1.3343448030347975,0.5135214935688505
46,T_10,C_10_2,0.55,0.0,1,0,1,19.592663423706238,0.41004522194834847
33,T_9,C_9_1,0.63,0.48,1,0,1,0.12469913519353781,0.6323068739522801
14,T_10,C_10_2,0.44,0.0,1,0,1,25.566332594607083,0.4342284733631476
3,T_9,C_9_3,0.93,0.56,1,0,0,2.258383396981875,0.49061198838175457
4,T_10,C_10_2,0.6,0.0,0,0,0,-2.5990167707729377,0.43343883160166274
22,T_10,C_10_2,0.61,0.0,1,0,1,3.3767006685206553,0.4497747900970957
24,T_9,C_9_3,0.58,0.53,1,0,0,19.06910827412599,0.533471626296163
19,T_8,C_8_5,0.54,0.61,1,0,0,20.805689476528595,0.4407017847227921
41,T_6,C_6_5,0.23,0.47,1,0,1,19.921624308460213,0.46590863726712894
31,T_8,C_8_5,0.68,0.57,1,0,1,28.422450754741163,0.5112872169597873
1,T_9,C_9_3,0.92,0.61,1,0,0,31.04228546548494,0.6054447208511935
30,T_10,C_10_5,0.62,0.0,1,0,0,11.903799085701797,0.4689280861031907
11,T_10,C_10_1,0.99,0.0,1,0,1,22.004514550753974,0.6436936477477133
21,T_7,C_7_1,0.44,0.46,0,0,1,-7.966209929509006,0.4401320712849076
34,T_9,C_9_3,0.58,0.62,0,0,0,-8.320445353051436,0.5453475261226389
25,T_6,C_6_6,0.38,0.49,0,0,0,-4.420555364052522,0.3629055552968262
37,T_9,C_9_3,0.92,0.49,0,0,1,-11.437699702860392,0.5845556680928354
26,T_7,C_7_2,0.41,0.44,0,0,0,-17.284670030720324,0.4941339479429548
38,T_8,C_8_3,0.48,0.65,0,0,0,-0.04783468313805628,0.5108780010747788
36,T_7,C_7_4,0.06,0.48,1,0,1,15.572991231371821,0.5069307525264002
4,T_10,C_10_1,0.99,0.0,1,0,1,18.783633030603855,0.49010489796826395
2,T_6,C_6_8,0.53,0.52,1,0,0,19.87743445682436,0.4165503004756027
0,T_9,C_9_3,0.95,0.56,0,0,1,-0.4140535713921629,0.5898453205206571
45,T_8,C_8_5,0.53,0.56,1,0,0,19.356431288016665,0.5143680767257437
7,T_7,C_7_7,0.11,0.43,1,0,0,13.627430102702625,0.4932994578111508
33,T_10,C_10_2,0.51,0.0,0,0,0,-4.8451627616642625,0.4499071333093643
6,T_6,C_6_1,0.37,0.48,0,0,0,-18.713558836108003,0.4219787515432289
27,T_8,C_8_5,0.54,0.53,1,0,0,5.894953964587802,0.39453674497615265
30,T_10,C_10_2,0.76,0.0,1,0,1,26.31781126963373,0.44728978812071496
3,T_9,C_9_4,0.03,0.49,1,0,0,0.04121710323446415,0.48437610558328587
28,T_9,C_9_3,0.56,0.56,0,0,1,-0.3474697288352857,0.5611208293843302
23,T_9,C_9_3,0.54,0.46,1,0,0,6.547221470046669,0.5348075778793326
40,T_5,C_5_7,0.55,0.39,0,0,0,-3.0684990539708217,0.6313753546819532
24,T_9,C_9_1,0.94,0.47,1,0,1,21.794299553620725,0.5830612202779955
10,T_9,C_9_3,0.59,0.55,1,0,1,16.787432420388654,0.5568853556175806
44,T_8,C_8_5,0.74,0.56,0,0,0,-10.555118208889972,0.5599933515861547
1,T_9,C_9_2,0.04,0.56,0,0,0,-0.6479437675598057,0.5371177428214537
16,T_6,C_6_3,2.8,0.49,1,0,0,41.23704896242094,0.47052310598717173
37,T_10,C_10_2,0.5,0.0,0,0,1,-9.349080090787266,0.4045000000818348
34,T_9,C_9_1,0.95,0.53,1,0,0,30.133074171171458,0.6725238189598237
33,T_10,C_10_1,0.53,0.0,1,0,1,14.38634827038961,0.4881724941267069
26,T_7,C_7_1,0.51,0.41,0,0,1,-3.263704520851862,0.4389170078353818
0,T_10,C_10_5,0.58,0.0,0,0,1,-12.493536827520256,0.42507682174327444
7,T_7,C_7_8,0.17,0.41,1,0,0,0.4813553989575965,0.578874640976534
32,T_9,C_9_3,0.67,0.59,1,0,1,2.8378818282995386,0.523208447870721
25,T_6,C_6_2,0.4,0.39,1,0,1,6.261279049591786,0.5122408384934861
3,T_9,C_9_2,0.03,0.47,1,0,0,8.899210084074598,0.4510642406008597
28,T_10,C_10_2,0.51,0.0,0,0,1,-7.995186467649571,0.39597182454774116
19,T_8,C_8_3,0.36,0.51,0,0,0,-0.7745372001992585,0.5363012825895679
24,T_10,C_10_2,0.51,0.0,0,0,0,-23.364550575918003,0.4628673331570239
23,T_9,C_9_1,0.87,0.49,0,0,0,-11.470548045193993,0.4513674292530847
41,T_7,C_7_2,0.39,0.36,0,0,0,-19.59467485873509,0.5043108235715672
10,T_10,C_10_2,0.49,0.0,0,0,0,-9.498558406554533,0.4615319838020864
2,T_6,C_6_6,0.4,0.4,0,0,0,-11.199138402772494,0.3574843202516761
1,T_9,C_9_4,0.04,0.57,1,0,0,5.654834957790149,0.4942515921100265
6,T_6,C_6_5,0.41,0.42,1,0,0,24.75879003930697,0.5333547633314132
40,T_5,C_5_3,0.41,0.35,1,0,0,26.93607980899094,0.5836036181579374
31,T_9,C_9_1,0.69,0.52,1,0,0,17.585522570626864,0.644388175442694
38,T_8,C_8_5,0.45,0.61,1,0,1,17.559291307243583,0.4249760210115464
24,T_10,C_10_5,0.57,0.0,1,0,0,12.988627495680435,0.4527404748961404
34,T_9,C_9_2,0.03,0.55,1,0,0,28.309826639149364,0.5260582078042143
7,T_7,C_7_9,0.14,0.4,1,0,0,19.05026276727197,0.36249640657209364
21,T_8,C_8_5,0.4,0.56,1,0,0,22.069503814840147,0.4277602255991004
10,T_10,C_10_5,0.57,0.0,1,0,0,6.721027064439223,0.4253434228270556
45,T_8,C_8_4,0.32,0.53,1,0,1,22.729044167592598,0.6557233058340868
32,T_10,C_10_5,0.58,0.0,1,0,1,4.213214100486523,0.39998595832331674
3,T_9,C_9_5,0.06,0.47,1,0,1,24.644785012380297,0.4037213700623984
27,T_8,C_8_2,0.43,0.53,0,0,0,-2.579854774195299,0.4406166754227045
16,T_6,C_6_6,0.7,0.49,1,0,0,21.490085248601773,0.36586996162334806
24,T_10,C_10_1,0.99,0.0,1,0,0,19.217454790667844,0.5165198112786185
23,T_9,C_9_2,0.03,0.48,1,0,1,14.209342946922824,0.46324478216460363
36,T_8,C_8_2,0.28,0.61,1,0,0,18.256064360385537,0.49078212416447603
1,T_9,C_9_5,0.06,0.57,1,0,0,23.09179003821646,0.46368720724838197
41,T_7,C_7_3,0.45,0.34,1,0,0,14.99827278616129,0.4986012760606615
10,T_10,C_10_1,0.99,0.0,1,0,0,7.018464072027346,0.4613070410954634
31,T_9,C_9_3,0.89,0.51,0,0,1,-3.7175561841604843,0.5580409697312388
44,T_8,C_8_4,0.57,0.59,0,0,1,-7.057857048206801,0.6392357607214814
7,T_7,C_7_10,0.2,0.35,1,0,1,15.899226002579768,0.5368869732046506
24,T_10,C_10_3,0.5,0.0,1,0,1,18.197954816139088,0.47099444747615743
34,T_9,C_9_5,0.04,0.54,1,0,1,13.07915417432617,0.5013276699561631
40,T_5,C_5_1,0.43,0.38,1,0,1,13.620510753387666,0.5659971690512013
10,T_10,C_10_3,0.5,0.0,1,0,0,14.91507667051108,0.46805547940602854
3,T_10,C_10_5,0.5,0.0,1,0,0,2.413574442829626,0.3942805069549899
2,T_6,C_6_2,0.45,0.41,1,0,1,5.560474945179755,0.5029270971686042
19,T_8,C_8_2,0.37,0.43,0,0,1,-8.944150818822749,0.5163885717024437
23,T_10,C_10_2,0.49,0.0,0,0,0,-23.117674025573827,0.29602361983875297
6,T_6,C_6_3,0.48,0.48,0,0,0,-16.370898359354236,0.45422796610582794
1,T_9,C_9_6,0.07,0.5,0,0,0,-1.7337088912189813,0.48413947688596504
25,T_7,C_7_3,0.39,0.44,0,0,1,-3.009498364903191,0.5332693804529185
10,T_10,C_10_4,1.0,0.0,0,0,1,-3.051077312271614,0.45045996062049076
26,T_8,C_8_3,0.43,0.38,0,0,1,-8.034859532155872,0.5270142325155605
3,T_10,C_10_1,0.41,0.0,1,0,1,2.3223208991960806,0.454741110875648
31,T_10,C_10_1,0.43,0.0,0,0,0,-26.656315159646358,0.5713969555110567
23,T_10,C_10_5,0.56,0.0,0,0,0,-5.833742883231833,0.3356802975988623
41,T_7,C_7_1,0.67,0.41,0,0,0,-5.1577975050805716,0.4563644093015039
34,T_10,C_10_5,0.48,0.0,0,0,0,-2.468079476710896,0.4763607227894544
16,T_6,C_6_1,7.51,0.5,1,0,1,6.543179805418648,0.3352863504733348
31,T_10,C_10_2,0.4,0.0,0,0,0,-4.847591597549602,0.44621915929820216
23,T_10,C_10_3,0.36,0.0,1,0,1,12.89808411594409,0.36296519395353377
21,T_8,C_8_1,0.35,0.5,1,0,1,14.85469676623164,0.46599585993236076
34,T_10,C_10_4,0.31,0.0,0,0,0,-19.537834205722042,0.4969122819244562
31,T_10,C_10_3,0.4,0.0,1,0,0,2.881958170693135,0.467681947986634
1,T_9,C_9_7,0.08,0.37,1,0,1,0.4944368391937335,0.5694886486055969
34,T_10,C_10_2,0.4,0.0,1,0,1,10.571344233417221,0.46569029857773103
38,T_9,C_9_3,0.42,0.37,0,0,1,-2.9539293465723375,0.5452983527240943
27,T_8,C_8_4,0.53,0.35,1,0,1,3.108603222474043,0.5504680436559592
31,T_10,C_10_4,0.46,0.0,1,0,0,7.853337350492087,0.5057166633214838
36,T_8,C_8_4,0.38,0.35,0,0,1,-16.03102246644352,0.5676713170902212
41,T_7,C_7_10,0.74,0.41,0,0,0,-23.255334968355353,0.484606339484452
31,T_10,C_10_5,1.0,0.0,0,0,0,-4.8822982494840375,0.4879057901211402
45,T_9,C_9_5,0.48,0.52,1,0,0,0.5052342180484146,0.5262049311924126
1,T_10,C_10_2,0.42,0.0,1,0,1,27.736692429340337,0.4068847092274218
6,T_6,C_6_4,0.98,0.34,1,0,1,21.056254195697502,0.5254361830329121
38,T_10,C_10_5,0.37,0.0,0,0,1,-6.275810526822411,0.3775827622202533
2,T_7,C_7_10,0.41,0.6,0,0,0,-4.869147759805948,0.4694139888924125
41,T_7,C_7_4,0.95,0.43,0,0,1,-3.6878953268653554,0.5108651287377111
40,T_6,C_6_3,0.36,0.53,1,0,0,28.69441196749574,0.42977564807306873
44,T_9,C_9_7,0.5,0.36,1,0,1,10.374701672617276,0.5904328951570691
45,T_9,C_9_7,0.55,0.54,0,0,1,-1.030360409726562,0.6161658109058804
7,T_8,C_8_3,0.35,0.45,1,0,0,9.112349000821592,0.5488030942113076
19,T_9,C_9_7,0.44,0.32,1,0,0,2.676783179973281,0.5259772342442579
2,T_7,C_7_3,0.44,0.58,1,0,1,9.003543182382082,0.5386135048835778
44,T_10,C_10_5,0.36,0.0,1,0,1,4.378478716162348,0.49558137413050035
25,T_8,C_8_4,0.44,0.56,0,0,1,-5.873713135307462,0.5735564239877524
16,T_7,C_7_1,0.4,0.45,1,0,1,0.07368242941661407,0.5379533169446491
26,T_9,C_9_7,0.49,0.35,0,0,0,-4.182635260114047,0.49903977459375526
45,T_10,C_10_5,0.55,0.0,0,0,1,-28.991830136844037,0.4963542497908221
19,T_9,C_9_5,0.42,0.31,1,0,1,3.5338772664170204,0.4921529833859991
21,T_9,C_9_5,0.35,0.3,1,0,0,11.745047244723475,0.46439574135099265
40,T_6,C_6_2,0.32,0.48,1,0,0,16.053372131536598,0.581661072206435
27,T_9,C_9_3,0.32,0.36,1,0,0,4.593690570160128,0.5258413527295516
26,T_9,C_9_3,0.42,0.35,1,0,1,0.4889139908072657,0.5619491232540433
19,T_10,C_10_4,0.31,0.0,1,0,1,16.956304721980107,0.42000640305667986
36,T_9,C_9_7,0.45,0.33,0,0,1,-9.66503455272828,0.5398041742146511
6,T_7,C_7_3,0.32,0.44,0,0,1,-8.791890402539465,0.5199434163192846
21,T_9,C_9_3,0.44,0.36,0,0,1,-18.486493931969697,0.43387673033002605
7,T_8,C_8_5,0.36,0.38,0,0,0,-22.444325282541072,0.49533261876173973
26,T_10,C_10_2,0.34,0.0,0,0,0,-31.09427410546843,0.39601157159975076
27,T_9,C_9_7,0.33,0.33,0,0,1,-29.488849335765252,0.5253246613178653
36,T_10,C_10_5,0.32,0.0,0,0,0,-6.651161533461952,0.4311538402951909
26,T_10,C_10_5,0.39,0.0,1,0,1,3.126957075944995,0.4114758025272194
41,T_8,C_8_4,0.43,0.39,1,0,1,8.879518825095898,0.5332867108837047
36,T_10,C_10_3,0.37,0.0,0,0,0,-6.135802931798903,0.40827747019611005
21,T_10,C_10_4,0.37,0.0,1,0,0,1.2358525218549925,0.3454062853041408
36,T_10,C_10_2,0.43,0.0,0,0,0,-2.811473604583572,0.3560913450999321
21,T_10,C_10_2,0.33,0.0,1,0,1,17.228660696239732,0.3735192065002422
36,T_10,C_10_1,0.53,0.0,1,0,0,15.658463734402872,0.4714939940109839
27,T_10,C_10_4,0.36,0.0,1,0,0,6.504374021765946,0.38803157145686473
2,T_8,C_8_4,0.6,0.58,1,0,0,1.2029483598514705,0.5690132328019298
36,T_10,C_10_4,1.0,0.0,1,0,1,9.717824527821481,0.40546260618754015
27,T_10,C_10_3,0.36,0.0,1,0,0,25.763249681645163,0.3857427723608957
40,T_6,C_6_8,0.32,0.49,1,0,0,34.450723208469505,0.5129694463739569
16,T_8,C_8_4,0.46,0.42,1,0,1,5.154774506099889,0.5901678002599041
25,T_9,C_9_7,0.53,0.5,0,0,1,-4.382661958285066,0.5155193582579762
27,T_10,C_10_2,0.47,0.0,1,0,0,2.1504979595273426,0.3686239216376499
27,T_10,C_10_5,0.9,0.0,0,0,1,-4.791606196031243,0.4092177840384391
25,T_10,C_10_5,0.47,0.0,0,0,0,-6.00450951957178,0.4127107407410088
25,T_10,C_10_1,0.29,0.0,1,0,0,20.64508123620266,0.4597643766783411
7,T_8,C_8_4,0.46,0.38,1,0,1,19.283562248860914,0.5688617026691088
6,T_8,C_8_5,0.39,0.35,1,0,0,21.81672680582294,0.5058125857272996
25,T_10,C_10_2,0.36,0.0,1,0,1,18.57339876810446,0.3831949382448404
40,T_6,C_6_5,0.23,0.49,0,0,0,-2.6705804948401646,0.5669817812207938
41,T_9,C_9_5,0.39,0.44,1,0,0,7.133237625728835,0.4294358160200518
2,T_8,C_8_1,0.34,0.6,1,0,0,14.107985100476304,0.46373247154300856
16,T_9,C_9_7,0.44,0.56,0,0,1,-5.155554941721686,0.5979622760024325
41,T_9,C_9_3,0.48,0.44,1,0,0,4.2252294043318095,0.5277907488370825
40,T_6,C_6_1,0.31,0.49,1,0,0,21.507847637133196,0.4563389731903674
16,T_10,C_10_5,0.56,0.0,0,0,1,-8.605055588673292,0.41663098369164936
6,T_8,C_8_4,0.5,0.37,1,0,1,3.190181116047647,0.5449045777467758
41,T_9,C_9_1,0.48,0.44,0,0,1,-14.697338136930462,0.5849243673540293
7,T_9,C_9_3,0.37,0.38,0,0,0,-15.377114581202527,0.5215212155179724
2,T_8,C_8_5,0.37,0.6,0,0,0,-2.579327860880614,0.44566810244614774
7,T_9,C_9_1,0.45,0.38,1,0,0,2.077528055917325,0.5952461018473773
41,T_10,C_10_5,0.44,0.0,1,0,1,5.37773620727919,0.4156547367511219
40,T_6,C_6_4,0.57,0.49,0,0,1,-9.156120717153868,0.5285086409347792
7,T_9,C_9_7,0.45,0.38,0,0,0,-15.527384749701493,0.5307070313178939
7,T_9,C_9_5,0.73,0.38,0,0,1,-4.363171085125241,0.46457032469053666
6,T_9,C_9_1,0.38,0.4,1,0,0,4.362790257549417,0.6075454641952084
2,T_8,C_8_2,0.55,0.61,1,0,1,7.0329139636081255,0.4711114315114008
7,T_10,C_10_5,0.38,0.0,0,0,0,-7.476401612963114,0.4309385671076007
40,T_7,C_7_3,0.49,0.37,1,0,0,8.499273360959203,0.5852775069656189
7,T_10,C_10_2,0.47,0.0,1,0,0,8.809583671269534,0.43536795098666364
6,T_9,C_9_3,0.39,0.4,1,0,1,6.606380468066337,0.5493661347533491
7,T_10,C_10_4,0.38,0.0,1,0,0,11.846201288887155,0.4284125519675644
7,T_10,C_10_1,0.49,0.0,1,0,0,8.9926371024489,0.4560441764393773
7,T_10,C_10_3,1.0,0.0,0,0,1,-8.164660916556585,0.4808850005709418
40,T_7,C_7_2,0.47,0.37,1,0,0,5.809877276154355,0.5577855873448526
6,T_10,C_10_2,0.38,0.0,1,0,0,3.5341813437437697,0.4296113685461701
6,T_10,C_10_3,0.4,0.0,1,0,1,2.868872532024314,0.5075107577942836
40,T_7,C_7_4,0.58,0.37,0,0,0,-18.534188836933126,0.5436882143687318
2,T_9,C_9_7,0.61,0.35,0,0,0,-19.00254957435215,0.5201720229530364
2,T_9,C_9_1,0.4,0.35,1,0,0,9.713662206049186,0.5840108545810722
40,T_7,C_7_1,0.59,0.37,1,0,0,8.469487361011053,0.5596077323241365
2,T_9,C_9_3,0.54,0.35,1,0,0,5.153949189115682,0.4987549956949941
40,T_7,C_7_10,0.83,0.37,1,0,0,0.6528399816058759,0.5177069462820493
2,T_9,C_9_5,0.47,0.35,1,0,1,7.44210439512478,0.44131475914963153
2,T_10,C_10_5,0.35,0.0,1,0,0,12.781691261288808,0.4063680400077073
2,T_10,C_10_1,0.44,0.0,1,0,0,10.014516570969668,0.46016225556136126
40,T_7,C_7_5,0.09,0.37,1,0,0,30.469107141689292,0.434866759721257
2,T_10,C_10_2,0.47,0.0,1,0,0,9.095325188875059,0.37021047010600394
2,T_10,C_10_4,1.09,0.0,0,0,1,-9.945478215407068,0.4478493226223595
40,T_7,C_7_6,0.1,0.37,1,0,0,30.141736849013192,0.5173994470139434
40,T_7,C_7_7,0.11,0.37,1,0,0,29.82171997121045,0.48056452864569255
40,T_7,C_7_8,0.12,0.37,1,0,0,29.508559639838374,0.6532734523234822
40,T_7,C_7_9,0.13,0.37,1,0,0,29.195709061514133,0.42255948197315196
40,T_7,C_7_11,0.27,0.37,1,0,1,24.89898586883332,0.5319289124061556
40,T_8,C_8_4,0.37,0.49,0,0,0,-4.535289968914011,0.5992304306724282
40,T_8,C_8_3,0.42,0.49,1,0,0,20.56867016381424,0.5026217528396248
40,T_8,C_8_2,0.48,0.49,1,0,0,18.760355050411924,0.5793772353243953
40,T_8,C_8_1,0.61,0.49,1,0,0,14.847262744225596,0.5064099790968501
40,T_8,C_8_5,0.99,0.49,1,0,0,3.418305637552253,0.5464100099954965
40,T_8,C_8_6,1.0,0.49,1,0,0,3.1243203959421812,0.5621794592749425
40,T_9,C_9_5,0.49,0.31,1,0,0,18.68678243043225,0.4527202070363643
40,T_9,C_9_1,0.47,0.31,1,0,0,19.28660294642452,0.6476137037622826
40,T_9,C_9_7,0.56,0.31,1,0,0,16.583667733562454,0.5381217774775876
40,T_9,C_9_3,2.14,0.31,0,0,1,-30.823937488927957,0.5465266764082394
40,T_10,C_10_2,0.31,0.0,1,0,1,24.47780596628338,0.45726209942263996
