student_number,topic,arm_pulled,pay-off,pay-off_next_topic,actual_decision,skip_decision,reward,confidence_score,expected_reward
0,T_1,C_1_15,0.67,0.66,0,0,0,-10.0,0.42605269740275964
2,T_1,C_1_15,0.66,0.65,0,0,0,-10.0,0.3809977833297815
19,T_1,C_1_15,0.66,0.65,1,0,0,27.69460080837326,0.4140121076265696
44,T_1,C_1_15,0.69,0.68,1,0,1,43.11975050897206,0.46343032742627754
20,T_1,C_1_15,0.7,0.69,1,0,1,38.37923154689621,0.49485553094096824
4,T_1,C_1_15,0.67,0.67,1,0,0,31.984021966057888,0.4851871479997161
26,T_1,C_1_15,0.65,0.65,1,0,1,34.021946117754496,0.4025605665788464
13,T_1,C_1_15,0.64,0.64,1,0,1,27.76945110777445,0.33566439954248506
9,T_1,C_1_15,0.68,0.67,1,0,1,35.91515969060878,0.45789820395928804
23,T_1,C_1_15,0.63,0.63,1,0,1,24.864261487015973,0.3097784332480905
41,T_1,C_1_15,0.65,0.65,1,0,0,33.39320360278443,0.412928233411958
17,T_1,C_1_15,0.69,0.68,1,0,0,40.1495314257029,0.51167222954577
40,T_1,C_1_15,0.68,0.68,1,0,1,35.921216370867405,0.4231044130860791
7,T_1,C_1_15,0.65,0.65,1,0,1,32.599182472562326,0.4495363321638326
15,T_1,C_1_15,0.72,0.71,1,0,0,49.061794636071795,0.5849540569949414
47,T_1,C_1_15,0.68,0.67,1,0,0,38.417155698592815,0.48492558202737396
14,T_1,C_1_15,0.68,0.67,1,0,0,34.122612183429716,0.457298627216691
5,T_1,C_1_15,0.7,0.69,1,0,1,43.56329014953142,0.5418367022927923
6,T_1,C_1_15,0.67,0.66,0,0,1,-16.318754950229064,0.4446475875246519
12,T_1,C_1_15,0.64,0.64,1,0,1,30.410747776650062,0.37383507450654907
18,T_1,C_1_15,0.68,0.67,0,0,1,-17.97911351596612,0.45775192637104556
22,T_1,C_1_15,0.66,0.66,1,0,1,30.541355952123645,0.43332926683325734
21,T_1,C_1_15,0.64,0.64,0,0,0,-16.23781106408211,0.4407938790107503
33,T_1,C_1_15,0.66,0.66,0,0,0,-15.021942201225079,0.46649552385751814
46,T_1,C_1_15,0.67,0.67,0,0,1,-17.673631959604496,0.49615771283922694
16,T_1,C_1_15,0.67,0.67,0,0,0,-8.672636934728876,0.4339705800479004
38,T_1,C_1_15,0.64,0.64,0,0,1,-10.157214049156735,0.4080341374550613
36,T_1,C_1_15,0.66,0.66,0,0,0,-16.42885584020151,0.4324150994114937
27,T_1,C_1_15,0.66,0.66,1,0,0,22.43839933521366,0.40769629071959557
11,T_1,C_1_15,0.7,0.69,1,0,0,32.69386653203274,0.48497565405491505
39,T_1,C_1_15,0.7,0.69,1,0,1,38.23462199922955,0.540011682718453
31,T_1,C_1_15,0.68,0.67,0,0,1,-11.855014955605483,0.4723871054831531
48,T_1,C_1_15,0.69,0.68,1,0,1,36.05668959366295,0.4772151816833733
32,T_1,C_1_15,0.66,0.66,0,0,0,-14.455809394532988,0.38309142503604876
42,T_1,C_1_15,0.66,0.66,0,0,1,-11.460278113500216,0.4833936753495673
24,T_1,C_1_15,0.67,0.66,0,0,0,-14.75392890715101,0.42554600005478993
8,T_1,C_1_15,0.68,0.67,0,0,0,-15.758889224611327,0.40501366767439273
30,T_1,C_1_15,0.68,0.67,0,0,1,-3.4905660976114348,0.4972206749580335
3,T_1,C_1_15,0.63,0.63,0,0,1,-9.831309859531961,0.3885393358652578
35,T_1,C_1_15,0.67,0.66,0,0,0,-12.302540018262125,0.4359961782425886
10,T_1,C_1_15,0.66,0.66,0,0,1,-10.933492399214503,0.4651128227655743
28,T_1,C_1_15,0.65,0.65,0,0,1,-16.67754001826212,0.4137274636466422
29,T_1,C_1_15,0.65,0.65,0,0,1,-15.71052588356959,0.40143605739209987
45,T_1,C_1_15,0.69,0.68,0,0,1,-11.684484462706568,0.4606616433130473
1,T_1,C_1_15,0.67,0.66,0,0,1,-15.78584798465978,0.4326892660438443
25,T_1,C_1_15,0.66,0.66,0,0,0,-14.315084852846104,0.38236409345694156
49,T_1,C_1_15,0.69,0.68,0,0,1,-14.398891974886357,0.47825447872119276
43,T_1,C_1_15,0.66,0.66,1,0,0,29.09412346909128,0.3910947437647715
34,T_1,C_1_15,0.67,0.67,1,0,1,34.98828766295873,0.45930651091280106
37,T_1,C_1_15,0.65,0.65,1,0,0,27.626738094101135,0.3691746425187281
2,T_1,C_1_14,0.69,0.65,1,0,0,26.034587056417237,0.4765383827032138
0,T_1,C_1_14,0.7,0.66,1,0,1,18.909225436359378,0.5079727982522005
4,T_1,C_1_14,0.7,0.67,0,0,1,-24.00923806853053,0.4769377166002874
19,T_1,C_1_14,0.69,0.65,0,0,0,-26.44410396891368,0.4710460789126636
41,T_1,C_1_14,0.69,0.65,0,0,1,-20.911670504844736,0.4462382452307221
17,T_1,C_1_14,0.72,0.68,0,0,0,-35.658561872034156,0.6131159154754142
15,T_1,C_1_14,0.74,0.71,0,0,1,-50.267092677721365,0.6359217652712625
47,T_1,C_1_14,0.71,0.67,1,0,0,0.2722016278940407,0.5505318881888811
14,T_1,C_1_14,0.7,0.67,1,0,0,19.39341374910616,0.5128530210222011
33,T_1,C_1_14,0.69,0.66,0,0,0,-56.39721635754215,0.5059973878925768
16,T_1,C_1_14,0.7,0.67,0,0,1,-0.41070121615892896,0.5083200013893221
21,T_1,C_1_14,0.68,0.64,1,0,0,8.87641684467748,0.44878361952418583
26,T_2,C_2_20,0.65,0.65,0,0,0,-4.939794276905932,0.41652293236013566
36,T_1,C_1_14,0.69,0.66,1,0,0,13.970667551557792,0.5158052543749713
27,T_1,C_1_14,0.69,0.66,1,0,1,14.182731642038467,0.469719293349548
44,T_2,C_2_20,0.68,0.7,1,0,1,18.454173677853717,0.5889574049582357
24,T_1,C_1_14,0.7,0.51,1,0,0,56.52518622126623,0.5285446661720306
20,T_2,C_2_20,0.69,0.71,1,0,1,56.39912789577234,0.5979253106100313
11,T_1,C_1_14,0.72,0.53,1,0,1,60.97121957841264,0.5504774151407253
32,T_1,C_1_14,0.69,0.5,1,0,1,13.909373060709923,0.44262562523588045
40,T_2,C_2_20,0.68,0.69,1,0,1,16.787752071549868,0.6005194606010894
13,T_2,C_2_20,0.64,0.65,1,0,0,1.9892516029463132,0.41063265120347325
9,T_2,C_2_20,0.67,0.68,0,0,1,-40.87411133534747,0.5008478169668668
8,T_1,C_1_14,0.71,0.54,1,0,1,4.900216926282768,0.5166839507374738
23,T_2,C_2_20,0.63,0.63,0,0,1,-33.26944037884307,0.36502795344126365
5,T_2,C_2_20,0.69,0.7,0,0,0,-31.853862284130535,0.5166515629215784
18,T_2,C_2_20,0.67,0.68,0,0,1,-13.449765449866101,0.5239781873544115
35,T_1,C_1_14,0.7,0.49,0,0,0,-12.287792386767915,0.502358493683387
25,T_1,C_1_14,0.69,0.48,1,0,1,1.7187192411390537,0.5275047735838274
7,T_2,C_2_20,0.65,0.66,0,0,0,-19.027327270488854,0.455626097266146
2,T_1,C_1_13,0.72,0.51,1,0,1,6.702905287650685,0.5382713449843222
12,T_2,C_2_20,0.64,0.65,1,0,1,38.3691459423873,0.47481875991585604
43,T_1,C_1_14,0.7,0.48,1,0,0,27.795812696659066,0.49944801834739594
6,T_2,C_2_20,0.66,0.68,1,0,1,23.017568947953173,0.4809679959291613
37,T_1,C_1_14,0.57,0.47,0,0,0,-7.21603737687517,0.501400773959636
46,T_2,C_2_20,0.67,0.68,0,0,1,-8.900930796708353,0.5090471634466052
19,T_1,C_1_13,0.72,0.47,0,0,1,-7.039765570006981,0.4888187438953273
22,T_2,C_2_20,0.66,0.67,0,0,1,-40.32951793723932,0.4987612817535977
39,T_2,C_2_20,0.69,0.7,0,0,0,-21.244095975564974,0.5452602861205058
38,T_2,C_2_20,0.64,0.65,0,0,0,-8.146490082378953,0.3747819146538334
48,T_2,C_2_20,0.68,0.7,0,0,1,-18.385811052479717,0.5019825098190911
42,T_2,C_2_20,0.51,0.67,0,0,1,-11.60731840542088,0.5137484675484072
31,T_2,C_2_20,0.67,0.68,0,0,1,-5.764487523067946,0.5679139326768258
17,T_1,C_1_13,0.74,0.5,1,0,1,48.24563863827813,0.6574229166802803
26,T_2,C_2_19,0.61,0.65,1,0,0,0.27001993983633865,0.3300854632285092
3,T_2,C_2_20,0.45,0.64,0,0,1,-4.766234899122441,0.4700611740670749
47,T_1,C_1_13,0.73,0.47,0,0,1,-7.609633834135016,0.6255163267053551
30,T_2,C_2_20,0.59,0.69,0,0,0,-18.066750622456183,0.5239763845039751
10,T_2,C_2_19,0.47,0.67,0,0,0,-9.689013396178808,0.38628986076506094
33,T_1,C_1_13,0.72,0.45,0,0,0,-15.245582739244492,0.575837113443445
14,T_1,C_1_13,0.73,0.44,0,0,0,-8.289378359682456,0.6569575774807492
5,T_2,C_2_19,0.66,0.7,1,0,0,24.18960299992292,0.4309306819271732
45,T_2,C_2_20,0.5,0.7,1,0,0,29.990149448010342,0.5495939741278458
13,T_2,C_2_19,0.6,0.65,1,0,0,38.84437029126743,0.29036920542169237
29,T_2,C_2_19,0.48,0.66,1,0,1,33.288856187536766,0.35567722818735104
28,T_2,C_2_19,0.46,0.65,1,0,0,25.942492551173146,0.351588812774667
44,T_3,C_3_13,0.7,0.8,1,0,0,30.807063648865242,0.5007752198804294
34,T_2,C_2_19,0.51,0.68,1,0,0,32.94158346026403,0.400930104192587
20,T_3,C_3_13,0.71,0.81,1,0,1,41.798838022232495,0.4724505668336631
49,T_2,C_2_19,0.51,0.7,1,0,0,36.05562569751861,0.4617919912210715
1,T_2,C_2_19,0.49,0.67,1,0,0,33.85508123290882,0.3894539293914232
21,T_1,C_1_13,0.71,0.45,1,0,0,22.037242406938404,0.5129242347340675
36,T_1,C_1_13,0.72,0.44,1,0,1,26.37939966579765,0.5304867252385173
0,T_2,C_2_19,0.5,0.68,1,0,0,26.223602564348358,0.38484921083145074
7,T_2,C_2_19,0.61,0.66,1,0,0,28.46263400488885,0.3552618796577496
40,T_3,C_3_13,0.69,0.8,1,0,1,31.016382875710885,0.44024389589469276
4,T_2,C_2_19,0.48,0.54,1,0,1,18.763453535346493,0.4122949513494784
23,T_3,C_3_13,0.63,0.76,1,0,0,34.23908530429957,0.3239885043397289
9,T_3,C_3_13,0.68,0.79,1,0,1,33.95388674834288,0.4702506688905951
24,T_1,C_1_13,0.72,0.48,0,0,0,-19.21309540945369,0.5430738216800505
18,T_3,C_3_13,0.68,0.79,0,0,0,-24.106272791784985,0.4439825098643882
39,T_2,C_2_19,0.66,0.55,0,0,1,-16.25901313320458,0.4748783022300915
41,T_2,C_2_19,0.5,0.55,0,0,0,-12.00204997058103,0.3516209709791768
35,T_1,C_1_13,0.72,0.48,0,0,0,-10.652689962410703,0.6454349200855348
38,T_2,C_2_19,0.6,0.55,1,0,0,24.811037887779698,0.3308280043065685
44,T_3,C_3_12,0.73,0.8,1,0,0,25.3011080349212,0.6078307497210365
12,T_3,C_3_13,0.65,0.77,1,0,1,31.082133040382914,0.41077599646557794
15,T_2,C_2_19,0.57,0.57,1,0,0,33.619208393344124,0.536557716855235
37,T_1,C_1_13,0.64,0.48,0,0,0,-2.5844571443932636,0.5157332511309803
26,T_2,C_2_18,0.68,0.56,1,0,1,5.584594733960936,0.4988999634932836
6,T_3,C_3_13,0.56,0.79,0,0,1,-19.165888463245878,0.3926444115911644
46,T_3,C_3_13,0.56,0.79,0,0,1,-18.229358754411155,0.43729903031008976
22,T_3,C_3_12,0.55,0.78,0,0,0,-8.333895612486268,0.5152656258748372
16,T_2,C_2_18,0.44,0.58,0,0,0,-18.314073401369324,0.5654004703834354
30,T_2,C_2_19,0.53,0.57,0,0,1,-32.95311083452441,0.35514175410916404
42,T_3,C_3_12,0.55,0.79,1,0,0,7.5667136742477945,0.5452572024461788
43,T_1,C_1_13,0.64,0.48,1,0,1,26.809812516634253,0.556333985383157
5,T_2,C_2_18,0.71,0.57,1,0,1,13.86324083364226,0.5919244963427859
10,T_2,C_2_18,0.58,0.54,1,0,1,21.066845185229745,0.5850036781688874
48,T_3,C_3_13,0.57,0.8,1,0,0,6.70386535130329,0.48311013266096037
45,T_2,C_2_18,0.57,0.53,1,0,0,30.229252141353996,0.609867570894404
23,T_3,C_3_12,0.7,0.76,1,0,1,8.203125958734896,0.4131876194624724
18,T_3,C_3_12,0.73,0.79,0,0,0,-13.83166273949599,0.5528849914735026
32,T_2,C_2_18,0.45,0.45,0,0,1,-10.36481923816973,0.5158609509714028
13,T_2,C_2_18,0.67,0.5,1,0,1,8.675852733536718,0.48495869124666235
31,T_3,C_3_12,0.57,0.79,0,0,1,-14.033254251432325,0.5229261647693466
27,T_2,C_2_18,0.45,0.5,1,0,1,0.7076829722635197,0.5012301654425442
28,T_2,C_2_18,0.56,0.43,1,0,0,5.264712149982363,0.49333439208131047
11,T_2,C_2_18,0.48,0.47,0,0,1,-5.839273028994468,0.6343299852581569
3,T_3,C_3_12,0.56,0.76,0,0,1,-6.723650787158628,0.44065539168984247
34,T_2,C_2_18,0.59,0.5,0,0,0,-3.3441273979265134,0.6020330302416865
33,T_1,C_1_12,0.72,0.38,1,0,0,29.319189388367633,0.533067757842049
1,T_2,C_2_18,0.56,0.46,1,0,1,3.3484334117587977,0.552640930769503
8,T_2,C_2_18,0.46,0.55,1,0,1,3.037087765320791,0.5575569302004117
49,T_2,C_2_18,0.58,0.49,1,0,1,46.377201667732606,0.6417226211338296
44,T_3,C_3_11,0.73,0.8,0,0,1,-4.576808452797066,0.5787262071806496
25,T_2,C_2_20,0.45,0.46,0,0,1,-0.7395173358225624,0.5161293453829352
29,T_3,C_3_13,0.45,0.78,1,0,0,9.418314067695151,0.3848267199678329
7,T_2,C_2_18,0.68,0.45,1,0,1,11.340357032909019,0.536285847701627
0,T_2,C_2_18,0.58,0.46,1,0,1,16.5099666397482,0.5781031057142989
22,T_3,C_3_11,0.55,0.78,1,0,0,14.142471745756755,0.4878398286532094
14,T_1,C_1_12,0.73,0.44,1,0,0,17.03048574400698,0.54702405772171
42,T_3,C_3_11,0.56,0.79,0,0,0,-30.621119247638596,0.5128176968637019
2,T_2,C_2_20,0.47,0.47,0,0,0,-37.022865972529424,0.5539251659557665
21,T_1,C_1_12,0.71,0.41,0,0,1,-21.8158790729661,0.4455230763707107
19,T_2,C_2_18,0.46,0.52,0,0,1,-27.90058075034023,0.5511583469841788
40,T_4,C_4_5,0.8,0.71,0,0,1,-5.5381825283774635,0.44169994681016744
20,T_4,C_4_5,0.81,0.72,1,0,1,6.161294823538901,0.528809503527369
38,T_2,C_2_18,0.68,0.44,1,0,1,28.723141513434406,0.48539729426727496
48,T_3,C_3_12,0.55,0.8,1,0,1,26.61251433573404,0.6010396506598762
4,T_3,C_3_13,0.47,0.79,0,0,0,-47.31245147304377,0.43703060777815905
41,T_2,C_2_18,0.57,0.47,0,0,0,-27.70322605964082,0.5179229191520376
9,T_4,C_4_5,0.79,0.7,0,0,0,-14.599028837103262,0.47060891051157006
15,T_2,C_2_18,0.61,0.49,0,0,1,-23.64163753275546,0.7106072242472778
17,T_2,C_2_18,0.42,0.49,1,0,1,6.056681509287382,0.6417416884411896
18,T_3,C_3_11,0.72,0.79,1,0,0,12.711764046211803,0.5292572080185416
39,T_3,C_3_11,0.48,0.81,0,0,0,-15.88301349930753,0.590986796725465
16,T_2,C_2_17,0.47,0.48,0,0,0,-8.43025776378157,0.48717062552788537
24,T_1,C_1_12,0.73,0.39,0,0,0,-33.543286236602974,0.5351236229614604
47,T_2,C_2_17,0.41,0.46,0,0,1,-16.17486518397139,0.5054193974796539
35,T_1,C_1_12,0.73,0.42,0,0,1,-29.578036764703874,0.48350833348286154
12,T_4,C_4_5,0.77,0.67,0,0,0,-31.32027814401424,0.4149808055382385
46,T_4,C_4_5,0.79,0.7,1,0,0,5.8058772214555,0.39611284600031715
26,T_3,C_3_11,0.46,0.77,1,0,1,23.940949070312712,0.47165102710121054
45,T_2,C_2_17,0.57,0.45,1,0,0,16.59901958887655,0.5230222725668421
37,T_1,C_1_12,0.72,0.41,0,0,0,-16.60151633968591,0.5198768473393676
6,T_4,C_4_5,0.79,0.7,0,0,0,-9.370813080680769,0.43995804507928693
29,T_3,C_3_11,0.47,0.66,0,0,0,-1.2114490213748779,0.45441936290945834
30,T_3,C_3_13,0.55,0.7,0,0,1,-68.23077387460383,0.42119398518381
36,T_2,C_2_20,0.43,0.47,0,0,1,-19.31467780031346,0.4711566498395565
22,T_3,C_3_10,0.59,0.61,1,0,0,26.788074248581133,0.5968626859996973
23,T_4,C_4_5,0.76,0.66,1,0,1,19.975550785196628,0.3766438910263573
42,T_3,C_3_10,0.6,0.63,1,0,1,8.504180304289939,0.5819122418034085
28,T_2,C_2_17,0.53,0.43,1,0,0,26.706217655733077,0.4318047481991093
5,T_3,C_3_13,0.47,0.67,1,0,0,33.02115823298263,0.555080123950735
10,T_3,C_3_13,0.43,0.64,1,0,1,18.30044515997754,0.438613429895241
32,T_3,C_3_10,0.42,0.65,1,0,1,22.571353284758832,0.5495434874293502
13,T_3,C_3_13,0.45,0.65,0,0,0,-21.9292521634092,0.33119679903155963
27,T_3,C_3_13,0.49,0.7,0,0,0,-30.24762642251165,0.4065705548089848
31,T_4,C_4_5,0.79,0.7,1,0,0,5.569287005842984,0.45064894950726364
34,T_2,C_2_17,0.57,0.44,0,0,1,-29.89176240472567,0.503513305319202
4,T_3,C_3_10,0.48,0.64,0,0,0,-28.275208350671598,0.5606791712816122
11,T_3,C_3_13,0.45,0.65,1,0,0,13.245424797018096,0.5356068203836006
18,T_3,C_3_10,0.75,0.62,1,0,0,31.023671002751662,0.6106514922975466
39,T_3,C_3_10,0.52,0.63,1,0,0,23.29685818656279,0.6413576049842346
1,T_3,C_3_13,0.45,0.64,1,0,0,11.00373158610062,0.44373240969191025
3,T_4,C_4_5,0.76,0.66,1,0,1,17.384796517923757,0.4260559478349082
49,T_3,C_3_13,0.46,0.64,0,0,1,-8.503274898888332,0.5302879806182843
25,T_3,C_3_13,0.42,0.62,1,0,0,1.0155851178761441,0.4229705843291168
2,T_2,C_2_19,0.44,0.44,1,0,0,1.8139609029203894,0.3946945696884717
7,T_3,C_3_10,0.44,0.66,1,0,1,25.98062756958705,0.5489376253435567
8,T_3,C_3_13,0.55,0.64,1,0,0,5.719264267722075,0.39922546637093176
41,T_2,C_2_17,0.54,0.38,1,0,1,17.446371316714497,0.4797632617163706
33,T_1,C_1_11,0.71,0.37,1,0,0,7.893783670637712,0.46020170890423484
0,T_3,C_3_13,0.45,0.64,1,0,1,19.634184338417327,0.4804983176523567
44,T_4,C_4_5,0.68,0.71,1,0,0,17.625002368467406,0.49312304807919805
43,T_2,C_2_20,0.43,0.48,1,0,0,32.349783453428316,0.4724780791015052
9,T_4,C_4_4,0.84,0.7,1,0,0,58.640025321651834,0.5286114568644182
22,T_3,C_3_9,0.6,0.64,1,0,1,46.72780680622231,0.5374323089072525
29,T_3,C_3_10,0.59,0.63,1,0,1,17.396624458179005,0.5575444740912863
16,T_2,C_2_16,0.5,0.45,0,0,0,-0.28114406804913283,0.5972101301242092
38,T_3,C_3_12,0.39,0.62,1,0,1,41.29367503028961,0.505878393098923
14,T_1,C_1_11,0.73,0.44,1,0,0,56.7836916692247,0.49406736785502225
5,T_3,C_3_12,0.51,0.65,1,0,1,58.3382944855339,0.594197659998331
12,T_4,C_4_4,0.82,0.67,1,0,0,40.658016618652006,0.4707543608559197
13,T_3,C_3_12,0.54,0.63,1,0,1,31.956783503453455,0.43059036409057144
15,T_3,C_3_13,0.45,0.67,1,0,1,65.27850821323784,0.6041949920682698
19,T_3,C_3_13,0.48,0.64,1,0,0,28.45015000428264,0.36640618846339357
48,T_4,C_4_5,0.66,0.71,1,0,1,17.124152265827707,0.4936419975055846
27,T_3,C_3_12,0.53,0.64,1,0,1,2.4828929451980617,0.4604106755601981
46,T_4,C_4_4,0.83,0.7,1,0,0,2.355303881403536,0.5665948104066137
45,T_2,C_2_16,0.59,0.41,0,0,0,-40.43995226788017,0.6142674128625627
4,T_3,C_3_9,0.5,0.67,0,0,1,-3.309391736764212,0.5801732396349162
17,T_3,C_3_13,0.46,0.66,0,0,1,-3.6626193972317154,0.5197690687208583
20,T_5,C_5_13,0.72,0.77,0,0,0,-7.413238720105387,0.5586913641422444
6,T_4,C_4_4,0.83,0.7,0,0,1,-2.680786201525672,0.5419766362416464
47,T_3,C_3_13,0.43,0.66,1,0,0,33.05136449083504,0.48771689021525305
11,T_3,C_3_12,0.47,0.64,1,0,1,8.36619162482626,0.5842564002261659
40,T_5,C_5_13,0.71,0.76,1,0,1,47.6638246259087,0.49880949239092137
24,T_1,C_1_11,0.72,0.37,0,0,0,-2.1944019448357253,0.524586530564383
28,T_2,C_2_16,0.56,0.37,1,0,1,8.677212331754806,0.4320129079905993
18,T_3,C_3_9,0.76,0.62,1,0,0,15.013837846158072,0.544736160061017
39,T_3,C_3_9,0.52,0.66,0,0,1,-0.38609176181247484,0.587695183375837
26,T_4,C_4_4,0.64,0.68,1,0,1,4.636934553977015,0.4700964467418923
1,T_3,C_3_12,0.49,0.66,1,0,0,6.657493764503337,0.5247833299338469
25,T_3,C_3_12,0.5,0.54,0,0,0,-14.86249385982549,0.531103237771697
37,T_1,C_1_11,0.71,0.39,1,0,0,2.8225009710710003,0.42776784455409
8,T_3,C_3_12,0.55,0.65,0,0,1,-4.79502564645563,0.481065554455067
42,T_4,C_4_4,0.65,0.69,0,0,0,-0.6197594711894494,0.5720068269715111
36,T_3,C_3_12,0.39,0.61,0,0,1,-24.567119567485705,0.5054732597311017
31,T_4,C_4_4,0.83,0.7,0,0,1,-25.260245590398995,0.5515212856057328
30,T_4,C_4_5,0.63,0.7,0,0,0,-55.522710541656735,0.4147751596984336
23,T_5,C_5_13,0.66,0.73,1,0,0,6.0195172249257025,0.34830236330634634
32,T_4,C_4_5,0.61,0.69,1,0,0,37.92722623686922,0.4778001624154464
21,T_2,C_2_20,0.38,0.43,1,0,0,14.812405389963699,0.480192949811601
10,T_4,C_4_4,0.62,0.69,0,0,1,-20.063287695033722,0.5715807065213216
34,T_3,C_3_13,0.41,0.54,0,0,0,-13.700820498350534,0.4876583951951767
2,T_2,C_2_18,0.45,0.4,1,0,0,41.88250485155334,0.5338743543958739
19,T_3,C_3_12,0.46,0.62,1,0,1,1.7995853854043986,0.485372810825933
44,T_4,C_4_4,0.84,0.54,1,0,1,38.83011112888953,0.5661021860640549
49,T_4,C_4_5,0.52,0.55,0,0,0,-8.93583096487096,0.48712156239314186
9,T_4,C_4_3,0.86,0.57,1,0,1,34.86272178816596,0.5689174137167308
7,T_4,C_4_5,0.51,0.51,1,0,0,14.956622269706887,0.46374087272402365
35,T_2,C_2_20,0.4,0.36,1,0,1,22.235527275750297,0.501235346957375
41,T_3,C_3_12,0.34,0.55,1,0,1,19.908342031163272,0.4781056599578643
43,T_2,C_2_16,0.39,0.41,1,0,1,16.59022579820611,0.5297172990430459
16,T_2,C_2_15,0.51,0.46,1,0,0,3.381258624467125,0.4878684001776026
47,T_3,C_3_12,0.49,0.54,0,0,1,-14.323250582898769,0.5609956695646154
12,T_4,C_4_3,0.84,0.52,0,0,0,-4.5923061780392755,0.4617693653610082
18,T_3,C_3_8,0.74,0.61,0,0,1,-3.411794995930646,0.5273739518018734
3,T_5,C_5_13,0.66,0.73,0,0,0,-4.804332777459453,0.4192872019383525
0,T_4,C_4_5,0.58,0.55,1,0,1,13.015876710200793,0.48303335094249006
20,T_5,C_5_12,0.72,0.77,1,0,1,0.10456615239339584,0.49715814209159537
33,T_1,C_1_10,0.71,0.33,1,0,0,14.998902184062931,0.4796034619633168
22,T_4,C_4_5,0.52,0.51,1,0,0,28.171906245325232,0.45181422529185006
1,T_3,C_3_11,0.51,0.53,1,0,1,21.8242531029227,0.47166367281810306
25,T_3,C_3_11,0.53,0.55,1,0,0,4.805003316342304,0.4879204049849221
46,T_4,C_4_3,0.85,0.58,0,0,0,-13.56195458675537,0.5757983062803463
29,T_4,C_4_5,0.58,0.53,1,0,0,0.6850668588363504,0.44984727772967165
38,T_4,C_4_5,0.56,0.51,0,0,0,-11.933918352404593,0.4038255224518786
45,T_2,C_2_15,0.6,0.39,1,0,0,35.85945405860488,0.547978775737729
13,T_4,C_4_5,0.64,0.51,0,0,0,-19.60003607474822,0.406869505316617
5,T_4,C_4_5,0.59,0.57,0,0,0,-47.48383054115136,0.5473800864008157
14,T_1,C_1_10,0.72,0.43,0,0,0,-6.083112402696027,0.4993930923444931
27,T_4,C_4_5,0.63,0.51,0,0,0,-3.8237694355040937,0.3866859725968075
15,T_4,C_4_5,0.57,0.55,0,0,1,-3.2693530317186155,0.611181860581095
34,T_3,C_3_12,0.49,0.47,1,0,1,4.960930879953307,0.538714992874719
17,T_4,C_4_3,0.54,0.53,0,0,1,-7.1606641313796215,0.639886544621711
4,T_4,C_4_3,0.53,0.52,0,0,0,-46.91328138275928,0.5838253246090392
42,T_4,C_4_3,0.65,0.46,0,0,1,-57.8810739986273,0.5677124087066167
23,T_5,C_5_12,0.64,0.73,0,0,0,-12.371825027421194,0.3375926984125053
28,T_3,C_3_13,0.34,0.5,0,0,0,-23.842757938806137,0.38456781114965355
11,T_4,C_4_5,0.55,0.53,1,0,0,10.523514655067912,0.5042215150169906
6,T_5,C_5_13,0.53,0.75,1,0,1,16.686141707452613,0.4760425294926088
48,T_5,C_5_13,0.57,0.76,1,0,0,21.614210511205528,0.4371993121866269
30,T_4,C_4_4,0.67,0.5,1,0,0,12.714971603856041,0.64951068594015
32,T_4,C_4_4,0.67,0.44,1,0,0,18.043167294183633,0.5009148342924683
24,T_1,C_1_10,0.71,0.36,1,0,0,21.252215656118118,0.49160405533845675
39,T_4,C_4_5,0.53,0.53,1,0,1,15.5152003811146,0.530115463253607
8,T_4,C_4_5,0.62,0.49,1,0,0,16.85554306024233,0.46054820328158536
21,T_2,C_2_19,0.4,0.42,1,0,1,16.456891594128415,0.3398074042400103
2,T_2,C_2_17,0.5,0.38,0,0,1,-12.3416064482435,0.46308163620919646
36,T_4,C_4_5,0.58,0.51,0,0,0,-32.4058083647258,0.3686815933154375
26,T_5,C_5_12,0.52,0.74,0,0,0,-3.3141848861952514,0.42249373530639067
37,T_1,C_1_10,0.7,0.39,0,0,0,-3.7622469016991236,0.4264333449096749
25,T_3,C_3_10,0.56,0.52,1,0,0,16.6602337184559,0.5447847516176254
49,T_4,C_4_4,0.61,0.52,1,0,1,39.152030835047206,0.5932272292582195
7,T_4,C_4_4,0.58,0.44,1,0,1,26.028870494226155,0.5588544747940604
40,T_6,C_6_9,0.76,0.71,1,0,1,50.5524955910503,0.4968550688310547
3,T_5,C_5_12,0.65,0.73,1,0,0,37.08154284124396,0.3824923555049833
16,T_2,C_2_14,0.53,0.43,1,0,0,31.112526574783864,0.4957469517924923
19,T_4,C_4_5,0.55,0.48,0,0,0,-1.2424879892470049,0.396530831598897
12,T_4,C_4_2,0.87,0.45,1,0,1,12.683323448156397,0.3292161242569368
31,T_5,C_5_13,0.49,0.75,1,0,1,33.69548508666388,0.46872103252052955
22,T_4,C_4_4,0.63,0.48,1,0,1,25.451263206848786,0.5429915004626378
10,T_5,C_5_13,0.49,0.74,1,0,0,16.320509205562434,0.44347075414084003
41,T_4,C_4_5,0.49,0.45,0,0,0,-3.217550866571427,0.4864168503123648
47,T_4,C_4_5,0.51,0.44,0,0,1,-2.4232373356895316,0.5082346438227545
43,T_3,C_3_13,0.4,0.52,1,0,0,7.442587283287898,0.41877179252993746
28,T_3,C_3_12,0.42,0.46,0,0,1,-10.361093698307176,0.5092759280083292
35,T_3,C_3_13,0.36,0.46,0,0,0,-4.713854434503503,0.4745756791735577
18,T_4,C_4_5,0.52,0.45,0,0,1,-7.965269564296179,0.506671736739405
46,T_4,C_4_2,0.89,0.55,0,0,0,-5.067872933361993,0.37916665280656225
9,T_5,C_5_13,0.51,0.76,0,0,1,-1.642145521417138,0.48442058701040525
29,T_4,C_4_4,0.65,0.46,0,0,1,-30.546312153909646,0.5437229902201479
13,T_4,C_4_4,0.69,0.44,0,0,0,-10.932774486819474,0.4849461651548341
45,T_2,C_2_14,0.62,0.38,0,0,0,-40.41107457752342,0.6080811488949132
44,T_5,C_5_13,0.5,0.64,0,0,0,-56.04084556988985,0.4724705516318425
5,T_4,C_4_4,0.66,0.48,0,0,1,-60.01031121874477,0.5860099225416076
38,T_4,C_4_4,0.62,0.44,0,0,0,-5.911167741066175,0.47127933998336646
27,T_4,C_4_4,0.65,0.48,0,0,1,-0.15296789362150154,0.5010855837884622
1,T_4,C_4_5,0.48,0.47,0,0,1,-9.16811108237074,0.42123615865314146
23,T_5,C_5_11,0.68,0.67,1,0,0,5.9438462672103585,0.36920253283896776
4,T_4,C_4_2,0.56,0.48,0,0,0,-17.446826098234833,0.40523963971089005
48,T_5,C_5_12,0.62,0.7,0,0,0,-15.487854855519632,0.5454411141668302
25,T_3,C_3_9,0.6,0.51,1,0,1,13.597318558559198,0.5264878907842931
33,T_1,C_1_9,0.76,0.33,1,0,1,17.243215215094175,0.519954840443846
20,T_6,C_6_9,0.77,0.73,1,0,0,35.629666184761305,0.632942259344974
0,T_5,C_5_13,0.46,0.67,0,0,1,-17.52544043429632,0.41374777733741286
26,T_5,C_5_11,0.56,0.66,1,0,0,14.62368843213751,0.4103941106621249
11,T_4,C_4_4,0.62,0.47,0,0,1,-17.189803272331563,0.5631415548687517
30,T_4,C_4_3,0.72,0.49,1,0,0,0.9545962010363107,0.5591325641166099
32,T_4,C_4_3,0.72,0.45,1,0,1,6.178158301270802,0.48268216593405094
34,T_4,C_4_5,0.46,0.46,1,0,0,24.96727394752933,0.46123383298348025
14,T_1,C_1_9,0.77,0.44,0,0,1,-40.18513189564043,0.5168563413289072
8,T_4,C_4_4,0.7,0.5,0,0,0,-2.1762155187379557,0.547825477515059
15,T_5,C_5_13,0.49,0.7,0,0,0,-2.0159965541277654,0.5885322587484405
3,T_5,C_5_11,0.68,0.6,0,0,1,-10.805039655586558,0.39970305394728256
36,T_4,C_4_4,0.63,0.48,0,0,1,-6.338523478009409,0.501266280780335
43,T_3,C_3_12,0.49,0.5,1,0,0,28.62010729757514,0.46818912516012434
17,T_5,C_5_13,0.51,0.66,0,0,0,-15.241245746944491,0.5412359679165347
35,T_3,C_3_12,0.42,0.47,0,0,0,-4.5917524194428125,0.5008322909492474
10,T_5,C_5_11,0.53,0.68,1,0,0,41.60748025600026,0.4590094313577374
19,T_4,C_4_4,0.65,0.42,1,0,1,22.061849046509106,0.5763124063548828
24,T_1,C_1_9,0.76,0.36,1,0,0,14.740741262077972,0.5229937486999368
42,T_5,C_5_11,0.46,0.57,1,0,1,14.700649628882259,0.5249302770880335
21,T_3,C_3_13,0.42,0.46,1,0,0,5.084304136329473,0.3783512478456545
2,T_3,C_3_13,0.37,0.51,1,0,0,0.4448265630108468,0.3927008027989978
16,T_2,C_2_13,0.52,0.41,1,0,1,23.152069658777627,0.5182335001509274
6,T_6,C_6_9,0.66,0.7,0,0,1,-10.081685759617946,0.4496925140614392
37,T_1,C_1_9,0.76,0.4,1,0,0,23.450976173435222,0.48160112914285963
41,T_4,C_4_4,0.56,0.42,0,0,1,-27.403765325596325,0.5149263411792939
39,T_5,C_5_11,0.46,0.6,0,0,0,-43.78826607075279,0.5456271495242753
44,T_5,C_5_11,0.55,0.58,0,0,0,-1.8523095366853113,0.5525068178051384
40,T_7,C_7_14,0.71,0.79,1,0,0,35.3267640653353,0.5459432613476423
23,T_5,C_5_10,0.72,0.63,0,0,0,-2.7305543213005627,0.5067987853570757
46,T_4,C_4_1,1.0,0.52,1,0,0,24.54233863095488,0.5033074513832437
49,T_5,C_5_11,0.46,0.6,0,0,1,-7.441665432411709,0.4953538385922842
13,T_4,C_4_3,0.76,0.4,1,0,0,52.3133228417914,0.41643238857188186
45,T_2,C_2_13,0.61,0.38,1,0,1,41.79335242759023,0.5416732249841226
48,T_5,C_5_11,0.65,0.63,1,0,0,30.027080238241126,0.5488066826509509
7,T_5,C_5_10,0.39,0.56,1,0,0,31.86509798972041,0.5066017206489087
38,T_4,C_4_3,0.74,0.43,1,0,0,3.6144804931859857,0.4200927927727063
28,T_4,C_4_5,0.47,0.42,0,0,0,-11.992161573234679,0.447180322498577
12,T_5,C_5_13,0.45,0.57,1,0,1,9.614674104554627,0.40560418764331646
26,T_5,C_5_10,0.6,0.59,0,0,0,-4.697042918289855,0.5363856231875306
22,T_5,C_5_13,0.45,0.57,0,0,0,-5.439857951451249,0.46234581048890633
4,T_4,C_4_1,0.65,0.43,1,0,0,3.1278517065441163,0.5833229455066059
31,T_6,C_6_9,0.62,0.71,0,0,0,-4.532709830596423,0.5140780948811072
43,T_3,C_3_11,0.54,0.51,1,0,1,17.076479091080632,0.49798206848818016
35,T_3,C_3_11,0.49,0.46,0,0,0,-15.196685409470028,0.5204389229362896
20,T_6,C_6_8,0.77,0.73,1,0,1,15.498615618430076,0.48826917934005126
47,T_5,C_5_13,0.43,0.57,1,0,1,45.0783928869802,0.5316962167636117
18,T_5,C_5_13,0.41,0.58,1,0,1,20.91636458560083,0.4239940048115631
21,T_3,C_3_12,0.48,0.46,1,0,0,32.05714851710879,0.4803936876408464
30,T_4,C_4_2,0.81,0.44,1,0,1,55.50443987874862,0.45825562573164835
34,T_4,C_4_4,0.58,0.38,1,0,1,44.94733885385843,0.5822877115821085
25,T_4,C_4_5,0.52,0.43,1,0,1,29.331672675234714,0.3964155698330305
29,T_5,C_5_10,0.42,0.56,1,0,0,40.85363460788478,0.515939852005046
15,T_5,C_5_12,0.5,0.6,1,0,1,35.95905188460514,0.6259363988608537
9,T_6,C_6_9,0.62,0.55,1,0,0,36.24382494463445,0.5176173864541702
2,T_3,C_3_12,0.41,0.51,1,0,1,4.508924308466141,0.46988703572542495
17,T_5,C_5_12,0.53,0.6,1,0,1,48.93489375869007,0.5162032016843361
5,T_5,C_5_13,0.45,0.64,0,0,0,-20.15195741251512,0.47737833087455717
27,T_5,C_5_13,0.42,0.62,0,0,0,-26.50822470762637,0.4067357700484432
10,T_5,C_5_10,0.58,0.58,0,0,0,-28.000195510546085,0.5486880859452556
8,T_4,C_4_3,0.75,0.5,1,0,1,27.496130363795725,0.5702707584434846
1,T_5,C_5_10,0.42,0.6,1,0,1,33.954486391175124,0.5810917672165657
40,T_7,C_7_13,0.72,0.79,1,0,0,40.80485833161626,0.47993832468012987
0,T_6,C_6_9,0.63,0.57,0,0,1,-8.039581376634164,0.4639550698284967
39,T_5,C_5_10,0.51,0.57,1,0,1,0.7096939856846722,0.5960338548153024
44,T_5,C_5_10,0.58,0.6,0,0,1,-10.699726304170404,0.6521153456029352
11,T_5,C_5_10,0.42,0.6,0,0,1,-20.88813210127185,0.6769202092393225
23,T_5,C_5_9,0.72,0.6,1,0,0,7.982043845617983,0.3523135956129617
32,T_5,C_5_13,0.4,0.52,0,0,0,-44.06003418898246,0.3835199282137274
7,T_5,C_5_9,0.45,0.52,0,0,1,-9.416984134200668,0.4780496064527606
48,T_5,C_5_10,0.56,0.61,1,0,0,17.18084835643152,0.5801824287694639
36,T_5,C_5_13,0.43,0.57,1,0,0,17.50626232331418,0.40241479553378534
35,T_3,C_3_10,0.47,0.49,1,0,1,0.8302364053876108,0.5379067381091833
24,T_1,C_1_8,0.72,0.36,1,0,0,19.73681688614337,0.39177261582113954
26,T_5,C_5_9,0.6,0.49,0,0,0,-11.739266804280508,0.46289413081589115
13,T_4,C_4_2,0.85,0.41,1,0,0,4.299175108839111,0.3657613452614514
16,T_3,C_3_13,0.41,0.57,0,0,0,-7.600617378993163,0.4523535670235469
22,T_5,C_5_12,0.49,0.49,0,0,0,-9.275904735315006,0.39635040128120885
37,T_1,C_1_8,0.7,0.4,1,0,0,22.915722146724622,0.36010607183411864
6,T_7,C_7_14,0.55,0.78,1,0,1,44.1316475412727,0.4585771905623197
3,T_6,C_6_8,0.56,0.53,1,0,1,22.904244384888163,0.38176732784810186
21,T_3,C_3_11,0.39,0.49,1,0,0,26.086991360259475,0.46999049650101576
42,T_6,C_6_9,0.56,0.55,1,0,0,21.910773595216522,0.5168773514032934
28,T_4,C_4_4,0.6,0.38,1,0,1,30.635701961978718,0.47764098962456025
38,T_4,C_4_2,0.84,0.38,1,0,0,36.286848093783874,0.36190911653689034
33,T_2,C_2_20,0.33,0.34,1,0,0,25.784699096649188,0.4839122732383923
19,T_5,C_5_12,0.41,0.52,1,0,1,22.60704866684972,0.33876270636464745
4,T_4,C_4_5,0.69,0.43,1,0,1,24.269484236050978,0.4188963364959317
14,T_2,C_2_20,0.44,0.39,1,0,1,18.317375587015967,0.5309040036253923
41,T_5,C_5_13,0.39,0.47,0,0,0,-10.112997908972986,0.42476717357911636
31,T_6,C_6_8,0.76,0.49,0,0,0,-17.52930472247532,0.4844925566068937
46,T_5,C_5_13,0.48,0.53,1,0,0,28.61637192872712,0.47600398492070256
29,T_5,C_5_9,0.42,0.47,1,0,1,3.320717311757618,0.44605707450862775
45,T_3,C_3_12,0.38,0.57,1,0,0,29.805076151576007,0.5989015842811783
40,T_7,C_7_12,0.7,0.79,0,0,0,-4.000295247537118,0.4714511220567266
10,T_5,C_5_9,0.57,0.51,1,0,1,32.500583686460345,0.4747562587272288
49,T_6,C_6_9,0.54,0.53,1,0,1,18.168195309422785,0.584009133200166
27,T_5,C_5_12,0.53,0.54,1,0,0,15.207174756623346,0.3775542090824796
43,T_4,C_4_5,0.52,0.46,1,0,0,16.884774580997814,0.4297142725813041
5,T_5,C_5_12,0.47,0.54,1,0,1,20.95054544379841,0.5783224131354595
9,T_6,C_6_8,0.68,0.54,0,0,0,-1.437215366180892,0.47073386037339626
12,T_6,C_6_9,0.51,0.52,0,0,0,-32.1638978217547,0.3994408762717123
20,T_7,C_7_14,0.57,0.8,1,0,0,44.41677388081886,0.6506516110569952
32,T_5,C_5_12,0.45,0.51,1,0,0,23.798028285329075,0.424660846196122
23,T_5,C_5_8,0.74,0.55,1,0,0,0.8537310714609783,0.404744943233468
47,T_6,C_6_8,0.49,0.54,0,0,0,-1.8049599911709517,0.45619801216645317
16,T_3,C_3_12,0.48,0.58,1,0,1,31.46765512209388,0.5195758730525506
48,T_5,C_5_9,0.64,0.57,1,0,0,14.288047549889999,0.5246540366544704
2,T_4,C_4_5,0.53,0.41,0,0,0,-28.326720269324074,0.34894500425834135
26,T_5,C_5_8,0.62,0.47,0,0,1,-33.30424835921167,0.5081727769119698
30,T_5,C_5_13,0.43,0.53,0,0,1,-13.158883190672373,0.5075204090752028
36,T_5,C_5_12,0.5,0.5,0,0,1,-18.033180943481337,0.43176511411341145
25,T_5,C_5_13,0.43,0.52,0,0,0,-25.728711201711203,0.38400585718389596
18,T_6,C_6_9,0.51,0.57,0,0,0,-22.93221997364103,0.520728600486129
21,T_3,C_3_10,0.48,0.51,1,0,1,40.53300286745071,0.5195346732514643
34,T_5,C_5_13,0.38,0.5,0,0,0,-0.5763333855606598,0.4982705010004779
22,T_5,C_5_11,0.47,0.46,0,0,0,-1.4196900289173007,0.4167180478853629
15,T_6,C_6_9,0.51,0.6,0,0,0,-8.833813594979793,0.6846016529352065
0,T_7,C_7_14,0.57,0.78,0,0,0,-10.443608823007995,0.4990485759998081
17,T_6,C_6_8,0.51,0.54,1,0,0,31.926813830965898,0.516425685106449
13,T_4,C_4_1,1.0,0.4,1,0,0,32.93307687898257,0.46268938819888195
1,T_6,C_6_8,0.5,0.53,1,0,0,30.430211517577348,0.44165580877544186
8,T_5,C_5_13,0.48,0.55,1,0,0,30.641853844883777,0.5542962423158149
39,T_6,C_6_9,0.55,0.53,1,0,0,23.27972395823098,0.5582286387217406
45,T_3,C_3_11,0.4,0.57,0,0,0,-3.131872766342844,0.5421739204832237
44,T_6,C_6_8,0.51,0.48,1,0,0,27.827278586160304,0.5268734766547564
35,T_4,C_4_5,0.49,0.44,1,0,1,21.37298495735146,0.4211831184083018
38,T_4,C_4_1,1.0,0.34,1,0,1,34.08489631469219,0.39622388841330436
11,T_6,C_6_8,0.52,0.52,1,0,0,23.023261965661696,0.5451028856305233
40,T_7,C_7_11,0.75,0.79,1,0,1,38.06532745080963,0.5574128707647624
41,T_5,C_5_8,0.37,0.45,1,0,0,24.10269769302417,0.508779656357124
46,T_5,C_5_12,0.51,0.53,0,0,0,-20.732482160949147,0.42419751315749166
24,T_1,C_1_7,0.74,0.37,0,0,0,-20.742157350997566,0.4473384754127028
33,T_2,C_2_19,0.35,0.33,0,0,1,-22.934970066961597,0.400633807378518
7,T_6,C_6_9,0.47,0.48,0,0,1,-27.38002880918691,0.4710071329685096
42,T_6,C_6_8,0.63,0.49,0,0,1,-21.817624501550974,0.4563516641660024
20,T_7,C_7_13,0.58,0.8,1,0,1,8.29601755601416,0.5672859620737549
37,T_1,C_1_7,0.73,0.39,1,0,0,13.160148289615613,0.42286880618191763
3,T_7,C_7_11,0.4,0.75,1,0,1,45.17852368520654,0.4749234652444927
27,T_5,C_5_11,0.54,0.48,1,0,0,33.51208627117629,0.4280717391620019
31,T_6,C_6_7,0.74,0.43,1,0,0,45.916377313306796,0.49603997502988817
32,T_5,C_5_11,0.47,0.45,1,0,0,44.57504467810806,0.47309444904406106
23,T_5,C_5_7,0.77,0.53,1,0,1,45.150199105012675,0.508704486470857
14,T_3,C_3_13,0.39,0.51,1,0,0,47.28399671086055,0.4653187892330901
48,T_5,C_5_8,0.68,0.53,1,0,0,55.071522413396536,0.5720045802874505
43,T_4,C_4_4,0.63,0.4,1,0,0,42.66925120117574,0.4858446137688571
28,T_5,C_5_13,0.36,0.44,1,0,0,41.98568955734014,0.3991030876555474
19,T_6,C_6_9,0.51,0.47,1,0,0,17.291437738502836,0.5089236924304968
9,T_6,C_6_7,0.74,0.5,1,0,1,25.009824614784502,0.436399435431282
4,T_5,C_5_13,0.39,0.46,1,0,0,17.309892967484405,0.46309576238552147
12,T_6,C_6_8,0.54,0.42,0,0,0,-10.637777531415619,0.40396941719873863
0,T_7,C_7_13,0.57,0.78,0,0,0,-12.624799389339099,0.44795929913126487
6,T_8,C_8_6,0.78,0.68,1,0,1,32.18934018804953,0.4417410437457353
25,T_5,C_5_12,0.46,0.51,1,0,0,34.9115244883908,0.44569636133039825
2,T_4,C_4_4,0.63,0.39,1,0,0,2.3269433803165303,0.4946772957790104
34,T_5,C_5_12,0.45,0.48,0,0,1,-9.845635064431068,0.4673915500176206
47,T_6,C_6_7,0.58,0.45,1,0,1,16.099790956506162,0.5007215252527
22,T_5,C_5_10,0.49,0.46,0,0,1,-5.4641505825684265,0.5427745390182861
45,T_3,C_3_10,0.46,0.56,0,0,0,-1.7564687334861695,0.5537295241360427
29,T_6,C_6_9,0.46,0.45,1,0,0,0.42028177637105824,0.502611827154045
10,T_6,C_6_9,0.5,0.46,0,0,1,-43.22712084770341,0.4975900618027993
8,T_5,C_5_12,0.5,0.56,0,0,0,-40.49731772482493,0.3655249192145922
49,T_7,C_7_14,0.44,0.79,0,0,1,-44.10627902828726,0.6374192977791577
16,T_4,C_4_5,0.56,0.41,0,0,1,-22.758051513477398,0.4353950719745645
18,T_6,C_6_8,0.55,0.49,1,0,1,10.362123474729222,0.4463949262919019
5,T_6,C_6_7,0.48,0.51,1,0,1,0.03240106443812074,0.538458740988048
17,T_6,C_6_7,0.59,0.48,0,0,1,-13.142925088248823,0.5155120789936534
15,T_6,C_6_7,0.6,0.49,1,0,1,14.15368354024454,0.6385107925265023
39,T_6,C_6_8,0.57,0.49,1,0,1,7.761457129414045,0.5158078836301898
21,T_4,C_4_5,0.5,0.4,1,0,1,9.740539450601602,0.3662192467235584
1,T_6,C_6_7,0.56,0.48,1,0,1,19.944223552001738,0.44786817681998436
41,T_5,C_5_7,0.4,0.4,1,0,1,13.06012651696128,0.5753172688034669
44,T_6,C_6_7,0.6,0.4,1,0,0,24.378859670600093,0.5562792035884211
46,T_5,C_5_11,0.53,0.5,1,0,1,8.513621823563597,0.4412936293758458
30,T_6,C_6_9,0.5,0.51,1,0,0,10.15023016811269,0.4918874322198077
36,T_6,C_6_9,0.5,0.54,1,0,1,20.274453020088693,0.4710085553813945
26,T_6,C_6_7,0.46,0.45,1,0,0,8.436815357478691,0.42031819633702283
11,T_6,C_6_7,0.6,0.44,1,0,1,21.801734712317398,0.5703611089228646
14,T_3,C_3_12,0.36,0.52,0,0,1,-11.072632059781938,0.5475396047525486
27,T_5,C_5_10,0.51,0.46,1,0,0,21.097162750535333,0.571575883697391
13,T_5,C_5_13,0.36,0.52,0,0,1,-16.39256700894909,0.42776498900551185
32,T_5,C_5_10,0.48,0.43,1,0,1,20.525232667131263,0.5643278339170661
48,T_5,C_5_7,0.75,0.53,1,0,0,5.173631359722732,0.5644130801521803
28,T_5,C_5_12,0.4,0.44,1,0,1,6.443504439215053,0.4152617380896522
38,T_5,C_5_12,0.34,0.5,0,0,0,-18.745809212565597,0.4283158327287334
35,T_5,C_5_13,0.39,0.48,0,0,0,-3.905192498652567,0.393819849244235
4,T_5,C_5_12,0.44,0.44,0,0,1,-13.84854717298865,0.43974529877665214
0,T_7,C_7_12,0.57,0.73,0,0,1,-15.848547172988653,0.46665812933927486
43,T_4,C_4_3,0.74,0.4,0,0,0,-20.811945266311017,0.5018817540969196
24,T_1,C_1_6,0.77,0.37,0,0,0,-9.707479552348904,0.43033307601657955
33,T_3,C_3_13,0.33,0.5,0,0,0,-24.03401973439612,0.42184033987084624
31,T_6,C_6_6,0.76,0.44,0,0,1,-8.712285444440656,0.49694767552776037
25,T_5,C_5_11,0.46,0.51,1,0,1,3.4056818708785297,0.4472001083074084
7,T_7,C_7_14,0.44,0.68,0,0,0,-24.69319006011018,0.5129074852855919
42,T_7,C_7_14,0.46,0.7,0,0,0,-8.861048629931993,0.4921034083416066
45,T_3,C_3_9,0.48,0.57,0,0,1,-8.496327144520865,0.6221269329866732
19,T_6,C_6_8,0.58,0.49,0,0,1,-6.936743215500061,0.43645941552762424
37,T_1,C_1_6,0.77,0.39,0,0,0,-3.591710102917234,0.3720872928141631
12,T_6,C_6_7,0.56,0.44,0,0,0,-2.3731670565596445,0.3763697058820564
40,T_8,C_8_6,0.79,0.69,1,0,1,0.6405402307780088,0.5448699556147089
2,T_4,C_4_3,0.73,0.36,1,0,0,2.560175007904847,0.4936297402775868
8,T_5,C_5_11,0.55,0.52,1,0,0,5.632856672907247,0.4173533831141404
23,T_6,C_6_9,0.53,0.54,1,0,0,19.66383887462115,0.39665454071762685
9,T_7,C_7_14,0.51,0.69,1,0,1,10.541157543755357,0.5234482181358904
29,T_6,C_6_8,0.52,0.47,0,0,0,-7.1086874027122375,0.4208597845788741
20,T_8,C_8_6,0.8,0.7,0,0,0,-14.195313154018486,0.5962910083218529
3,T_8,C_8_6,0.75,0.65,0,0,0,-15.868326942593654,0.4610221174831132
6,T_9,C_9_19,0.68,0.78,1,0,0,3.441168117727334,0.506537339677775
10,T_7,C_7_14,0.47,0.7,0,0,0,-17.386495158848547,0.5095336095723134
47,T_7,C_7_14,0.46,0.68,0,0,0,-21.872153568235728,0.5482012474202114
27,T_5,C_5_9,0.58,0.45,1,0,0,13.984586384794131,0.3881135530990915
44,T_6,C_6_6,0.62,0.39,0,0,1,-31.035105186867078,0.5356204145746342
35,T_5,C_5_12,0.4,0.49,0,0,0,-26.803985395200396,0.4636048623988319
18,T_7,C_7_14,0.5,0.7,0,0,0,-24.833282270200403,0.5337989264781353
48,T_5,C_5_6,0.79,0.54,1,0,0,26.546190146382934,0.52498383959772
34,T_6,C_6_9,0.46,0.38,1,0,1,27.46296517889266,0.5016291737501282
33,T_3,C_3_12,0.4,0.5,1,0,1,16.160673484236792,0.531698736517277
5,T_7,C_7_14,0.53,0.72,0,0,1,-10.5379788705559,0.5647463870742688
30,T_6,C_6_8,0.59,0.45,0,0,1,-2.6756412082182797,0.4137132102651847
17,T_7,C_7_14,0.49,0.68,0,0,0,-6.256160688737739,0.5941340219631899
42,T_7,C_7_13,0.5,0.59,0,0,1,-3.2762783387710366,0.4845619983379183
26,T_6,C_6_6,0.48,0.42,1,0,0,23.742540609963555,0.3917832806070955
15,T_7,C_7_14,0.46,0.62,1,0,1,17.586250078186655,0.7348653213190495
38,T_5,C_5_13,0.35,0.48,1,0,0,20.205589919299975,0.3790596129580719
1,T_7,C_7_14,0.46,0.63,1,0,0,25.07273185060264,0.45758819846076854
22,T_6,C_6_9,0.4,0.45,1,0,1,12.614930615541386,0.5131172759833897
7,T_7,C_7_13,0.49,0.61,1,0,1,17.506122325385952,0.4539934566817398
16,T_5,C_5_13,0.43,0.58,1,0,1,25.497527828680887,0.4256201880098316
49,T_8,C_8_6,0.74,0.57,1,0,1,24.123417796318414,0.5411210836296596
39,T_7,C_7_14,0.46,0.62,1,0,0,10.871868124338965,0.6165711710355001
36,T_7,C_7_14,0.49,0.66,1,0,0,1.3620786975721275,0.4217911433174627
11,T_7,C_7_14,0.41,0.64,1,0,1,27.511536790632213,0.584525037299679
14,T_4,C_4_5,0.5,0.33,1,0,0,2.321859371277405,0.476764632123668
41,T_6,C_6_6,0.41,0.36,1,0,1,17.85886608910772,0.43123134001683816
21,T_5,C_5_12,0.38,0.46,0,0,0,-15.507525397595266,0.399152453558027
43,T_4,C_4_2,0.81,0.42,0,0,0,-8.577113026461216,0.3936679811833922
46,T_6,C_6_9,0.5,0.48,0,0,0,-30.03366654520685,0.44171875867735977
6,T_9,C_9_18,0.69,0.78,0,0,0,-18.26517779922614,0.5153275145987417
10,T_7,C_7_13,0.5,0.6,0,0,1,-18.332522349975086,0.45394187532974994
8,T_5,C_5_10,0.58,0.5,0,0,0,-12.787942491091169,0.5184063415798665
47,T_7,C_7_13,0.5,0.61,1,0,0,5.173975881551007,0.5146791017379777
13,T_6,C_6_9,0.51,0.41,1,0,0,0.9903808715441693,0.43363308778645254
32,T_6,C_6_9,0.43,0.38,0,0,0,-14.013457900048914,0.47896860962201027
2,T_4,C_4_2,0.83,0.36,0,0,1,-5.8345512627048475,0.38629414068476375
18,T_7,C_7_13,0.54,0.6,0,0,1,-24.748582660125663,0.48353516723509316
31,T_7,C_7_14,0.4,0.59,1,0,1,10.29971575411356,0.5256832683598011
28,T_6,C_6_9,0.45,0.41,0,0,0,-17.226480288795017,0.4508540819239358
27,T_5,C_5_8,0.59,0.43,1,0,0,27.126698844855632,0.5034528871637718
24,T_1,C_1_5,0.79,0.37,1,0,0,11.343673956534,0.4544641195551874
17,T_7,C_7_13,0.5,0.61,0,0,1,-22.81331676732412,0.5088133626969481
35,T_5,C_5_11,0.52,0.49,1,0,0,8.306898646757384,0.4504524606358572
29,T_6,C_6_7,0.55,0.4,1,0,1,9.194725287930078,0.4213639216642332
48,T_5,C_5_5,0.83,0.5,1,0,0,9.834623312149365,0.6070095394559315
45,T_4,C_4_5,0.57,0.39,0,0,1,-9.678112685691477,0.47338098403584994
12,T_6,C_6_6,0.65,0.4,0,0,1,-12.540954056696913,0.37572658615676413
4,T_6,C_6_9,0.42,0.39,0,0,0,-2.5280007266340903,0.4660569928152405
1,T_7,C_7_13,0.49,0.63,1,0,0,12.629570584162916,0.4739239291932719
23,T_6,C_6_8,0.51,0.43,1,0,0,18.688094757190893,0.35206042079445876
0,T_8,C_8_6,0.7,0.56,1,0,0,31.21221928716428,0.47243274839775207
25,T_6,C_6_9,0.52,0.44,1,0,1,13.246070157457329,0.4571757928236343
19,T_7,C_7_13,0.42,0.59,1,0,1,3.9566869490131715,0.45580734492864877
37,T_1,C_1_5,0.78,0.39,1,0,1,8.206034727517036,0.39524908054895863
3,T_8,C_8_5,0.78,0.46,0,0,0,-18.721866350479168,0.4434539618929836
39,T_7,C_7_13,0.53,0.61,0,0,1,-32.03515748971966,0.5130257189397562
20,T_8,C_8_5,0.82,0.56,0,0,1,-30.193385337820942,0.5376892484687437
38,T_5,C_5_11,0.4,0.45,0,0,1,-5.757309388453839,0.42596049256378044
36,T_7,C_7_13,0.55,0.66,0,0,0,-4.528350691723235,0.4391569688058032
40,T_9,C_9_19,0.53,0.79,1,0,1,0.8553368448637428,0.47260344772873225
26,T_6,C_6_5,0.57,0.39,0,0,0,-20.700191271893807,0.4596452048935926
6,T_9,C_9_17,0.72,0.78,1,0,0,3.637906497577749,0.5531983615720588
44,T_7,C_7_14,0.37,0.61,1,0,1,1.613835566174,0.5961546063477521
47,T_7,C_7_12,0.56,0.61,1,0,1,4.736554257174664,0.4553702387333039
21,T_5,C_5_11,0.39,0.44,0,0,0,-22.517268605192843,0.39369759427419837
33,T_4,C_4_5,0.5,0.34,0,0,0,-23.30154533475254,0.44475501449757704
34,T_7,C_7_14,0.35,0.62,0,0,1,-3.547824127806276,0.5788387373329636
8,T_5,C_5_9,0.61,0.48,0,0,1,-2.1520770309832926,0.47931279318208964
9,T_8,C_8_6,0.63,0.49,1,0,0,10.87946051380656,0.44197134966664864
30,T_7,C_7_13,0.44,0.6,0,0,0,-2.250320050456807,0.4906295443171964
14,T_4,C_4_4,0.66,0.32,0,0,0,-24.13102141201113,0.5254844623763646
22,T_7,C_7_14,0.44,0.59,0,0,1,-20.950673469518737,0.5065812425377281
43,T_4,C_4_1,1.0,0.43,0,0,0,-20.888682235955784,0.4990771639638071
27,T_5,C_5_7,0.67,0.43,0,0,1,-21.607698558677093,0.5343231894500993
46,T_6,C_6_8,0.51,0.44,1,0,0,3.101901410131454,0.43867948391590195
5,T_8,C_8_6,0.65,0.56,0,0,1,-1.0914859884961068,0.48833894934943906
48,T_5,C_5_4,0.82,0.49,0,0,0,-2.3266700184399802,0.48326368457807295
42,T_8,C_8_6,0.59,0.51,1,0,0,5.138700009391233,0.509799231254757
35,T_5,C_5_10,0.55,0.46,1,0,1,6.150545395924919,0.5718244748714881
1,T_7,C_7_12,0.54,0.6,1,0,1,13.15740325128651,0.45410943869489134
13,T_6,C_6_8,0.52,0.36,0,0,1,-1.2104271726536844,0.3540149692362813
32,T_6,C_6_8,0.5,0.4,0,0,0,-12.689908874846218,0.41510929701545646
16,T_6,C_6_9,0.53,0.41,0,0,0,-6.177580194662802,0.4053184593772289
7,T_8,C_8_5,0.61,0.49,1,0,1,11.950022160250018,0.46809752436204655
15,T_8,C_8_5,0.62,0.57,1,0,1,1.0339252056198376,0.5961028752024919
28,T_6,C_6_8,0.49,0.4,1,0,0,24.31362441310567,0.40387578699106574
41,T_7,C_7_14,0.35,0.53,1,0,0,11.552133729875834,0.47593864028595917
49,T_9,C_9_19,0.57,0.79,0,0,1,-29.75587526110621,0.5239504632396155
6,T_9,C_9_16,0.7,0.78,1,0,0,29.991890679197354,0.52928652848529
11,T_8,C_8_6,0.63,0.59,1,0,1,7.9193999728776205,0.5711811376989595
40,T_10,C_10_5,0.79,0.0,0,0,0,-1.8414426541359816,0.41869969136134805
36,T_7,C_7_12,0.6,0.62,1,0,0,14.554205112313504,0.4280496561434135
4,T_6,C_6_8,0.52,0.41,1,0,1,8.192176434955973,0.43693358079576095
2,T_5,C_5_13,0.36,0.49,0,0,0,-11.282739297680319,0.38322130720724656
10,T_8,C_8_6,0.59,0.52,0,0,0,-7.567035349960694,0.4678825518393007
23,T_6,C_6_7,0.55,0.42,1,0,1,35.18294903705845,0.322111653978418
24,T_1,C_1_4,0.81,0.37,1,0,0,8.988624546003528,0.4953452306551823
31,T_8,C_8_5,0.59,0.51,0,0,0,-13.472449929752303,0.5380665051341618
21,T_5,C_5_13,0.39,0.43,0,0,1,-24.16479124259208,0.3874195647536002
30,T_7,C_7_12,0.48,0.59,0,0,1,-28.2824020800305,0.44506797416859173
29,T_7,C_7_13,0.37,0.51,0,0,1,-1.925341779131939,0.4565180046653783
12,T_7,C_7_14,0.42,0.53,0,0,0,-11.288602013944223,0.45849480523135133
17,T_8,C_8_6,0.61,0.53,0,0,0,-13.96631840436776,0.5425517806469036
18,T_8,C_8_5,0.6,0.54,1,0,0,1.5214877321079872,0.46581445575630975
0,T_8,C_8_5,0.8,0.56,0,0,1,-5.326978525560724,0.4748616951414935
3,T_8,C_8_4,0.82,0.42,0,0,0,-4.52973555190796,0.45754333227499044
26,T_6,C_6_4,0.6,0.38,0,0,1,-7.816527257574299,0.49028034074970345
45,T_5,C_5_13,0.39,0.44,0,0,1,-14.162304491356446,0.4861940028406139
40,T_10,C_10_4,0.83,0.0,1,0,1,8.22627272296165,0.5589160616813182
25,T_7,C_7_14,0.44,0.56,1,0,1,11.085599940086993,0.4907533187632038
33,T_4,C_4_4,0.58,0.34,1,0,1,25.49355101042342,0.560614630125847
14,T_4,C_4_3,0.75,0.32,0,0,1,-18.239761026400863,0.5729625575888311
48,T_5,C_5_3,0.87,0.42,1,0,1,27.51811972720378,0.5848936758787443
49,T_10,C_10_5,0.65,0.0,0,0,1,-31.42912929748429,0.48143559301583927
38,T_6,C_6_9,0.44,0.34,1,0,1,29.8332750217143,0.40716390723658524
6,T_9,C_9_15,0.72,0.66,1,0,1,17.95797000491823,0.5575916984619564
19,T_8,C_8_6,0.58,0.54,0,0,0,-12.642760366353905,0.5209191909618834
41,T_7,C_7_13,0.4,0.54,1,0,1,2.96527371763883,0.4698583165584304
46,T_6,C_6_7,0.58,0.45,0,0,0,-3.54659481553216,0.42865145080604616
39,T_8,C_8_6,0.58,0.5,0,0,1,-8.588260017633022,0.5165890931307796
9,T_8,C_8_5,0.67,0.46,1,0,1,21.920714488122876,0.524430383295572
36,T_7,C_7_11,0.65,0.53,1,0,0,25.897240533120893,0.5205471988978817
20,T_9,C_9_19,0.54,0.69,1,0,1,17.36536439468736,0.5750973501742183
44,T_8,C_8_6,0.53,0.49,1,0,0,12.828892153307041,0.5566137392070544
32,T_6,C_6_7,0.52,0.36,1,0,1,0.07853606158959536,0.47111893710825814
16,T_6,C_6_8,0.55,0.37,0,0,1,-1.008437570405956,0.41529910956941335
47,T_8,C_8_4,0.52,0.46,0,0,0,-4.737497066735049,0.5271749683027822
34,T_8,C_8_6,0.52,0.48,0,0,1,-16.44120464006276,0.5279256549120348
2,T_5,C_5_12,0.43,0.48,0,0,0,-28.33808487287573,0.3901719347838549
43,T_5,C_5_13,0.43,0.49,0,0,0,-29.287123312714595,0.47107996510037536
8,T_6,C_6_9,0.48,0.41,0,0,0,-28.775622591644552,0.5178509210963058
28,T_6,C_6_7,0.55,0.36,0,0,1,-17.865531032859316,0.42112965148524784
37,T_2,C_2_20,0.39,0.33,0,0,0,-19.824529397592833,0.43666123308502514
12,T_7,C_7_13,0.42,0.54,0,0,0,-26.460454653771283,0.4022757998680523
13,T_7,C_7_13,0.35,0.51,1,0,1,5.861780910982501,0.44651628068543814
42,T_8,C_8_5,0.64,0.5,0,0,0,-30.966107282368828,0.5144119374636786
27,T_6,C_6_9,0.44,0.36,0,0,1,-8.380844013761624,0.4809595450802979
22,T_8,C_8_6,0.53,0.49,1,0,1,11.06660937828248,0.4742784395521614
5,T_9,C_9_19,0.54,0.71,0,0,1,-19.16688195684743,0.5401590566632828
35,T_6,C_6_9,0.45,0.44,1,0,0,13.637103320803806,0.4268231583048427
6,T_10,C_10_5,0.67,0.0,0,0,1,-3.5800674602465854,0.4328252235133765
15,T_9,C_9_19,0.52,0.69,0,0,0,-4.907694599128302,0.6387719098856901
7,T_9,C_9_19,0.46,0.65,1,0,0,7.2455070765150005,0.4951876176058273
1,T_8,C_8_6,0.54,0.49,1,0,0,2.7442668799734093,0.46553505812869184
10,T_8,C_8_5,0.64,0.48,0,0,0,-19.28623551237111,0.49216908461827114
4,T_7,C_7_14,0.41,0.56,1,0,0,7.910104758236942,0.5259721143428003
23,T_7,C_7_14,0.4,0.51,1,0,0,30.445028006872917,0.3270027053392275
20,T_10,C_10_5,0.7,0.0,0,0,1,-29.903275518430092,0.4932438290798819
31,T_8,C_8_4,0.65,0.49,1,0,0,11.902392347958209,0.5689470733512993
11,T_9,C_9_19,0.55,0.67,1,0,0,7.2481982915134076,0.5023503589938707
24,T_1,C_1_3,0.86,0.36,0,0,0,-14.86024925622808,0.5270143535120013
36,T_7,C_7_10,0.73,0.49,1,0,0,40.49098234421437,0.46334519655251855
17,T_8,C_8_4,0.63,0.49,0,0,1,-1.9957051491183844,0.5591605697153532
18,T_8,C_8_4,0.64,0.49,0,0,0,-8.67829095683535,0.5785344535172166
21,T_6,C_6_9,0.43,0.4,1,0,0,17.493092629419905,0.4234391349122817
3,T_8,C_8_3,0.84,0.4,1,0,0,3.9068850410063565,0.484643884908689
26,T_7,C_7_14,0.37,0.48,1,0,1,0.9756869389897567,0.4538932155107791
29,T_8,C_8_6,0.47,0.4,1,0,0,17.731016051925785,0.4572825700185603
12,T_7,C_7_12,0.49,0.54,1,0,0,23.234168883999708,0.39982554297316103
30,T_8,C_8_6,0.55,0.52,1,0,1,23.875535401073293,0.5429258438676718
2,T_5,C_5_11,0.49,0.48,1,0,0,33.41561112392205,0.4486010950009912
46,T_6,C_6_6,0.67,0.41,1,0,0,8.961549641424735,0.4314379306252516
5,T_10,C_10_5,0.71,0.0,0,0,1,-7.4960570522478385,0.5425361801292228
43,T_5,C_5_12,0.43,0.46,1,0,0,1.2481839400734316,0.3718139403109313
45,T_6,C_6_9,0.45,0.37,0,0,1,-3.2828261012732938,0.5505280527616953
33,T_5,C_5_13,0.33,0.36,1,0,0,24.621256687011844,0.4545390260447303
19,T_8,C_8_5,0.64,0.46,1,0,1,12.770017017590309,0.4741798123418454
14,T_5,C_5_12,0.32,0.38,1,0,1,28.459318839394193,0.469688279360711
38,T_7,C_7_13,0.34,0.44,1,0,1,31.827642710936452,0.4146104058603096
15,T_9,C_9_18,0.57,0.67,1,0,0,17.88896346565346,0.6584679096636216
7,T_9,C_9_18,0.49,0.62,0,0,1,-8.426152832808897,0.5520283205037269
0,T_9,C_9_19,0.5,0.67,1,0,0,0.17431858734432382,0.4257149478215806
37,T_2,C_2_18,0.34,0.33,1,0,1,28.792934449882786,0.5115351073898432
4,T_7,C_7_13,0.41,0.58,1,0,0,26.35960515583438,0.4564326759912187
8,T_6,C_6_8,0.5,0.4,1,0,0,15.863722802893214,0.4127815769608002
23,T_7,C_7_13,0.45,0.49,1,0,1,20.844480834500896,0.4001047232999023
25,T_8,C_8_6,0.55,0.46,1,0,1,33.47574391262388,0.4598935942338415
44,T_8,C_8_5,0.57,0.44,1,0,1,24.13261817819381,0.5481954228259952
47,T_8,C_8_3,0.53,0.38,1,0,0,19.79184262002697,0.5503189176809032
48,T_6,C_6_9,0.44,0.38,1,0,0,25.615294080882993,0.48504984519779226
11,T_9,C_9_18,0.61,0.66,1,0,1,1.0275677818084432,0.554883401194971
32,T_7,C_7_13,0.36,0.51,1,0,1,25.918288796091414,0.45744604743110184
39,T_9,C_9_19,0.41,0.68,0,0,1,-11.993996107883568,0.5739142179984307
16,T_7,C_7_14,0.38,0.55,0,0,0,-3.279357100820679,0.48826612826617377
9,T_9,C_9_19,0.4,0.63,1,0,0,10.907884538823897,0.5307903496600688
36,T_7,C_7_9,0.69,0.47,1,0,0,18.10062033261415,0.3124136654571249
41,T_8,C_8_6,0.47,0.39,0,0,1,-1.5115647874795766,0.4760064613748245
35,T_6,C_6_7,0.4,0.44,1,0,0,37.8729625548181,0.40160787599065795
28,T_7,C_7_13,0.38,0.43,1,0,0,30.80842136967459,0.4508121642063994
42,T_8,C_8_4,0.64,0.4,1,0,1,0.06751201465837298,0.5051156237000742
34,T_9,C_9_19,0.42,0.59,0,0,1,-38.64202691492113,0.4721867892023236
12,T_7,C_7_11,0.54,0.55,1,0,1,4.7804170086477455,0.4579651612746053
27,T_7,C_7_14,0.36,0.47,0,0,0,-0.3380193974199379,0.4372491645388189
13,T_8,C_8_6,0.47,0.45,0,0,0,-0.3923064048410154,0.46405826938235917
10,T_8,C_8_4,0.63,0.37,1,0,1,1.5052488920158336,0.4706145188634222
1,T_8,C_8_5,0.57,0.42,1,0,1,21.25379371157348,0.5254933792493787
2,T_5,C_5_10,0.56,0.47,1,0,1,23.238571909134254,0.5635225401181378
43,T_5,C_5_11,0.47,0.46,1,0,0,28.209225657042374,0.4212457256360965
21,T_6,C_6_8,0.53,0.37,1,0,0,10.415261640791623,0.41152817114645746
15,T_9,C_9_17,0.57,0.65,1,0,1,16.104176324482907,0.7166267841868748
31,T_8,C_8_3,0.68,0.4,1,0,1,25.035816021067795,0.49585710761763335
22,T_9,C_9_19,0.41,0.63,1,0,0,18.043236103937314,0.5134545359455525
33,T_5,C_5_12,0.39,0.36,1,0,0,28.68372785401443,0.4383665988831414
7,T_10,C_10_5,0.6,0.0,0,0,1,-14.498551980546248,0.42063343714489687
0,T_9,C_9_18,0.51,0.65,0,0,0,-7.720479869440753,0.5320949089459713
46,T_6,C_6_5,0.71,0.41,1,0,1,33.34286493968075,0.5333843395650364
24,T_1,C_1_2,0.91,0.36,1,0,0,2.8321651131914116,0.5130344481834335
4,T_7,C_7_12,0.47,0.59,1,0,0,3.801437714772703,0.459273283571154
18,T_8,C_8_3,0.65,0.43,0,0,1,-5.278284988866801,0.5737593997866876
3,T_8,C_8_2,0.91,0.35,0,0,0,-0.8998440212880219,0.5479422902935954
29,T_8,C_8_5,0.56,0.39,0,0,1,-14.234330757158855,0.4426477956499902
11,T_10,C_10_5,0.64,0.0,0,0,0,-25.357273163482244,0.4931661737855598
17,T_9,C_9_19,0.44,0.62,1,0,0,22.690876367243302,0.5491140098501456
39,T_10,C_10_5,0.66,0.0,1,0,0,5.572077040599824,0.502322054650054
9,T_9,C_9_18,0.43,0.63,1,0,0,28.452974624029046,0.5807584878749104
16,T_7,C_7_13,0.43,0.55,0,0,0,-24.267274642421878,0.42972121089499643
36,T_7,C_7_8,0.79,0.48,0,0,0,-5.516994869985501,0.5211444969720257
28,T_7,C_7_12,0.43,0.44,0,0,1,-12.719579469450224,0.39074174797319916
45,T_7,C_7_13,0.37,0.49,0,0,1,-28.727497242379464,0.500507711888938
34,T_10,C_10_5,0.59,0.0,0,0,0,-33.40600727103275,0.43696243697031134
26,T_8,C_8_6,0.45,0.37,0,0,1,-24.10514767217888,0.4263527517596009
30,T_9,C_9_19,0.52,0.68,0,0,1,-21.470763718024173,0.5138046585909377
8,T_6,C_6_7,0.6,0.41,1,0,0,3.553046652803337,0.47391355813420843
37,T_3,C_3_12,0.33,0.46,1,0,0,29.563107323120057,0.4818600436352162
48,T_6,C_6_8,0.52,0.37,1,0,0,27.80739956056298,0.4497567168619789
27,T_7,C_7_13,0.46,0.47,1,0,0,17.097353898462494,0.43436974889619767
19,T_9,C_9_19,0.47,0.65,1,0,0,17.337650702115454,0.483194004679276
14,T_6,C_6_9,0.37,0.47,1,0,0,1.3097920047089335,0.5103888282980727
15,T_10,C_10_5,0.64,0.0,0,0,1,-23.870894874609625,0.594990806264329
11,T_10,C_10_4,0.77,0.0,1,0,1,24.60352153408923,0.5970034467638221
22,T_9,C_9_18,0.46,0.61,1,0,1,25.95257990522554,0.4872871092187239
43,T_5,C_5_10,0.51,0.46,1,0,1,39.719329905063674,0.5243826063618695
0,T_9,C_9_17,0.56,0.57,1,0,0,31.450842988112583,0.5283466236150203
35,T_6,C_6_6,0.48,0.44,1,0,0,38.71534810756654,0.4138648697265285
39,T_10,C_10_4,0.78,0.0,1,0,1,14.357863020308491,0.5749508530029108
47,T_8,C_8_2,0.58,0.34,1,0,0,25.610279165845718,0.6086035040193976
38,T_8,C_8_6,0.45,0.36,1,0,0,24.567641303423866,0.38419840474070865
25,T_9,C_9_19,0.42,0.6,1,0,0,15.813949087164875,0.45591193262682106
4,T_7,C_7_11,0.55,0.6,1,0,1,15.008046703509951,0.5634575544794937
34,T_10,C_10_4,0.74,0.0,1,0,0,1.3357697634765486,0.5217231383352443
33,T_5,C_5_11,0.37,0.36,1,0,1,7.671370670506034,0.482031345076931
44,T_9,C_9_19,0.36,0.56,1,0,1,7.22069039839718,0.517527079854799
17,T_9,C_9_18,0.47,0.58,0,0,1,-17.951253684685632,0.6171700920828203
23,T_8,C_8_5,0.48,0.39,0,0,1,-6.602442812658474,0.39759444568214525
21,T_6,C_6_7,0.55,0.36,1,0,0,13.967262986722975,0.37405774993371294
9,T_9,C_9_17,0.48,0.62,1,0,1,36.73718949887679,0.6171087082112122
32,T_8,C_8_6,0.53,0.43,1,0,1,25.838980842932205,0.4961760976708812
41,T_9,C_9_19,0.36,0.54,0,0,0,-0.5247704894794527,0.45995891925078536
16,T_7,C_7_12,0.56,0.56,1,0,1,6.2592114620151795,0.40460056023832214
13,T_8,C_8_5,0.63,0.41,1,0,0,0.2693637462791134,0.41583076601193847
36,T_7,C_7_7,0.73,0.49,1,0,0,1.7997830828007348,0.4542060239153697
30,T_10,C_10_5,0.65,0.0,0,0,0,-15.880600231742678,0.42161470940201207
37,T_3,C_3_11,0.4,0.46,1,0,1,8.672481481002634,0.4396157713450993
42,T_9,C_9_19,0.36,0.56,0,0,0,-0.6366809698124207,0.5237630598048284
1,T_9,C_9_17,0.34,0.6,1,0,0,38.30399928605891,0.587004384541902
12,T_8,C_8_6,0.56,0.42,1,0,0,29.467390639231255,0.46951346956473894
2,T_6,C_6_9,0.47,0.36,1,0,0,29.22897452405798,0.4445441650111849
27,T_7,C_7_12,0.5,0.49,1,0,0,17.653802767249218,0.4433079711281773
10,T_9,C_9_18,0.34,0.56,1,0,1,17.911523149057196,0.5323657947923177
19,T_9,C_9_18,0.54,0.6,1,0,1,13.152789452367275,0.4516688557837525
34,T_10,C_10_3,0.85,0.0,1,0,1,26.768138133663644,0.5081375742147494
46,T_7,C_7_14,0.42,0.59,1,0,1,31.310178492408056,0.47153990856142924
22,T_10,C_10_5,0.59,0.0,0,0,0,-29.95271777532424,0.4000439813135389
24,T_1,C_1_1,1.0,0.36,0,0,0,-31.278025726052164,0.4607470091039795
0,T_9,C_9_16,0.57,0.55,0,0,0,-13.053281193007413,0.5470153738757159
3,T_8,C_8_1,1.0,0.34,1,0,0,5.338947352553758,0.3916994657208607
31,T_9,C_9_19,0.35,0.52,0,0,1,-1.8868771303975862,0.499263177588423
8,T_6,C_6_6,0.65,0.41,0,0,0,-23.95742220825188,0.46181933023754657
25,T_9,C_9_18,0.44,0.59,0,0,1,-22.716603122539254,0.5282656139188195
17,T_10,C_10_5,0.59,0.0,1,0,1,8.870197426753847,0.5113052695189142
48,T_6,C_6_7,0.63,0.35,1,0,1,8.915879878007306,0.5195150184590056
44,T_10,C_10_3,0.53,0.0,1,0,0,6.122565114776124,0.4992909887189077
30,T_10,C_10_4,0.71,0.0,1,0,1,9.126280272570265,0.49672702914647593
29,T_9,C_9_18,0.35,0.61,0,0,0,-13.511633634919733,0.5115707276692747
14,T_6,C_6_7,0.4,0.47,0,0,1,-15.08759356814171,0.42944669889785025
9,T_10,C_10_5,0.62,0.0,0,0,1,-13.811577986616932,0.4809625064140655
18,T_9,C_9_19,0.41,0.63,1,0,0,10.132271699827442,0.5418833954929488
35,T_6,C_6_5,0.55,0.45,1,0,0,22.256080064850227,0.5087229466909079
41,T_9,C_9_18,0.41,0.54,1,0,0,16.368475077856292,0.48101906793658866
28,T_8,C_8_6,0.46,0.35,0,0,1,-8.180929570827,0.4003569973210236
36,T_7,C_7_6,0.8,0.48,1,0,1,4.536279473530575,0.46973983750711723
22,T_10,C_10_4,0.69,0.0,1,0,0,10.068332924284004,0.4970762480502916
42,T_9,C_9_18,0.45,0.51,1,0,1,13.961032039328241,0.5164899136869185
45,T_8,C_8_6,0.5,0.42,1,0,0,13.177846198620262,0.540195571293012
1,T_9,C_9_16,0.34,0.59,0,0,1,-3.224801338798537,0.5490978501883916
26,T_9,C_9_18,0.33,0.58,0,0,1,-6.134243635871998,0.5194777633950024
47,T_8,C_8_6,0.6,0.32,0,0,0,-10.358981349842152,0.477253787718532
19,T_10,C_10_4,0.53,0.0,0,0,0,-5.558787010951573,0.47741886320822147
10,T_10,C_10_5,0.54,0.0,0,0,0,-16.713227165391704,0.42604259103968606
21,T_6,C_6_6,0.62,0.37,0,0,0,-12.131870298320568,0.36824406850661395
38,T_8,C_8_5,0.59,0.35,1,0,0,13.457985515418216,0.4360939337637022
44,T_10,C_10_2,0.55,0.0,1,0,1,13.446421638766259,0.5131856314940859
27,T_7,C_7_11,0.54,0.48,1,0,0,22.71349212334771,0.4884729865144884
43,T_6,C_6_9,0.46,0.39,1,0,0,29.196972299559192,0.4382598372021565
31,T_10,C_10_4,0.48,0.0,0,0,1,-8.771579185240682,0.5578727090373077
0,T_9,C_9_15,0.64,0.57,0,0,0,-3.815559394146703,0.5377909913454725
25,T_10,C_10_5,0.6,0.0,0,0,0,-9.834744854096314,0.42239248837146814
2,T_6,C_6_8,0.46,0.36,0,0,1,-20.208448011142316,0.4249765041039075
22,T_10,C_10_3,0.71,0.0,1,0,0,0.17769666005272988,0.39286947631950386
33,T_6,C_6_8,0.35,0.31,0,0,0,-6.767043338904138,0.42107164963246735
13,T_8,C_8_4,0.68,0.38,1,0,1,13.052354569193344,0.34817398221765183
29,T_9,C_9_17,0.4,0.6,0,0,1,-2.9449087039319934,0.5380352068601033
4,T_8,C_8_6,0.59,0.43,1,0,1,19.427201713715327,0.5252577091672167
32,T_9,C_9_19,0.35,0.58,0,0,1,-11.82462073625285,0.46109694324820416
37,T_4,C_4_4,0.46,0.29,1,0,0,7.931784082304795,0.45905916301855243
23,T_9,C_9_18,0.38,0.66,1,0,1,8.454262969685853,0.4437860459769093
18,T_9,C_9_18,0.42,0.62,1,0,1,1.9605436906034068,0.532753059537524
19,T_10,C_10_3,0.54,0.0,1,0,1,5.27894565435717,0.41904396311370773
41,T_9,C_9_17,0.43,0.51,1,0,0,29.63246120025636,0.5524094842727393
10,T_10,C_10_4,0.6,0.0,1,0,0,17.672832176797552,0.46822537335420383
42,T_10,C_10_5,0.5,0.0,1,0,1,17.87725249993783,0.4590439101735481
12,T_8,C_8_5,0.62,0.4,1,0,0,32.19877838549637,0.440539532751484
16,T_8,C_8_6,0.54,0.43,1,0,1,21.172438035714812,0.4533336472406904
8,T_6,C_6_5,0.69,0.41,1,0,0,36.397983778732694,0.5367941886045295
1,T_10,C_10_5,0.58,0.0,1,0,0,18.167842320626093,0.4432025361736696
26,T_10,C_10_5,0.57,0.0,1,0,0,20.54923513890681,0.40808804060440873
25,T_10,C_10_4,0.68,0.0,1,0,1,13.713637763902486,0.4630350661034176
22,T_10,C_10_2,0.84,0.0,1,0,1,18.251062895973874,0.4662120033931124
35,T_6,C_6_4,0.65,0.45,0,0,1,-18.930773371801443,0.5038680417622852
48,T_7,C_7_14,0.35,0.54,0,0,0,-21.832389599825376,0.5468073742665209
27,T_7,C_7_10,0.54,0.48,1,0,0,3.13446536331133,0.41983966183518256
46,T_8,C_8_6,0.58,0.38,0,0,0,-5.755204728630204,0.45526441190390765
0,T_9,C_9_14,0.7,0.54,0,0,0,-10.496054790118807,0.43559936517688613
10,T_10,C_10_3,0.7,0.0,1,0,1,2.219986687997581,0.4630192587989059
29,T_10,C_10_5,0.58,0.0,1,0,1,6.961087011622154,0.40770365943160747
14,T_7,C_7_14,0.48,0.6,0,0,0,-3.6117285223583853,0.5283509547909
3,T_9,C_9_19,0.31,0.46,1,0,1,11.622176460529897,0.43121548897772194
23,T_10,C_10_5,0.65,0.0,1,0,0,12.98837249408321,0.34715532682409367
32,T_10,C_10_5,0.57,0.0,0,0,0,-6.776682087370009,0.40830319517008823
21,T_6,C_6_5,0.67,0.37,0,0,0,-1.739182804697709,0.46589604246659533
18,T_10,C_10_5,0.62,0.0,1,0,1,4.980946366454106,0.48443806596072636
1,T_10,C_10_4,0.66,0.0,1,0,1,9.003699551002462,0.4717418163399274
26,T_10,C_10_4,0.62,0.0,1,0,0,13.507611065459852,0.4541633831117021
47,T_8,C_8_5,0.76,0.33,0,0,0,-7.586009834391643,0.5194086277208274
41,T_9,C_9_16,0.45,0.49,0,0,1,-1.9578529295018257,0.5191079433480027
28,T_9,C_9_18,0.33,0.54,0,0,1,-11.223301613005304,0.4789544768857501
36,T_8,C_8_6,0.48,0.4,0,0,1,-1.3963773164551565,0.4704176040554947
45,T_8,C_8_5,0.67,0.41,0,0,1,-22.340178732787216,0.5307089130924962
24,T_2,C_2_20,0.36,0.33,1,0,1,6.370790065519066,0.5386006184599427
33,T_6,C_6_7,0.38,0.31,1,0,1,9.939996074102794,0.48930217549228994
43,T_6,C_6_8,0.44,0.39,1,0,0,20.575725687836695,0.41783830007381395
38,T_8,C_8_4,0.69,0.34,1,0,1,8.867147341541994,0.4003547798978966
37,T_4,C_4_3,0.57,0.29,0,0,1,-1.3938787179678709,0.49400883143911806
2,T_7,C_7_14,0.36,0.52,0,0,0,-15.259479912904204,0.47590609119539823
23,T_10,C_10_4,0.69,0.0,1,0,0,20.478469626433494,0.373171288404051
32,T_10,C_10_4,0.7,0.0,1,0,1,23.9515075335344,0.523375795968599
48,T_7,C_7_13,0.43,0.54,1,0,1,6.1613834823230444,0.4778441657150782
27,T_7,C_7_9,0.54,0.47,0,0,1,-8.774564436567058,0.28058425454180325
0,T_9,C_9_13,0.67,0.48,0,0,1,-6.832826554548557,0.47060454463279955
3,T_10,C_10_4,0.43,0.0,1,0,0,17.60337937447896,0.4688889823469504
26,T_10,C_10_3,0.69,0.0,1,0,0,19.019468879007473,0.37168744151226757
14,T_7,C_7_13,0.46,0.57,0,0,0,-14.640739866221661,0.45137918805809163
8,T_6,C_6_4,0.78,0.42,1,0,0,10.307236861929281,0.48543814089840864
13,T_9,C_9_19,0.39,0.5,1,0,1,6.022233746146988,0.4004465564162048
4,T_9,C_9_19,0.44,0.53,0,0,1,-16.937984448641277,0.5125582395301211
12,T_8,C_8_4,0.64,0.41,1,0,1,1.9504913877899286,0.4765780670397933
41,T_10,C_10_4,0.46,0.0,1,0,1,0.6957041699406652,0.5095031566934209
28,T_10,C_10_5,0.5,0.0,0,0,0,-5.717433406298149,0.41602981597001637
23,T_10,C_10_3,0.74,0.0,1,0,0,18.814749230814293,0.3077774680970046
35,T_7,C_7_14,0.42,0.55,0,0,0,-15.33304334408204,0.4607978800039968
46,T_8,C_8_5,0.61,0.38,0,0,0,-19.062815951168222,0.5367636992824234
16,T_9,C_9_19,0.44,0.57,0,0,0,-15.083952577716637,0.42357041794503125
3,T_10,C_10_3,0.49,0.0,1,0,0,11.303067126400856,0.40230620559112684
26,T_10,C_10_2,0.82,0.0,1,0,0,11.917794372279394,0.4840991874181746
21,T_6,C_6_4,0.76,0.35,0,0,1,-4.854237289989765,0.5341011964953861
2,T_7,C_7_13,0.42,0.53,0,0,0,-34.74496313948436,0.40060045618341367
0,T_10,C_10_5,0.46,0.0,0,0,0,-11.437988763481236,0.42734388762780334
28,T_10,C_10_4,0.57,0.0,0,0,1,-2.764639693193729,0.44082356371644366
23,T_10,C_10_2,0.85,0.0,1,0,0,8.00204448967541,0.41989902174463306
47,T_8,C_8_1,1.0,0.31,1,0,0,38.24146418757286,0.4869627633652271
3,T_10,C_10_2,0.62,0.0,1,0,1,29.830453447333223,0.44638851874947094
13,T_10,C_10_5,0.51,0.0,1,0,0,25.63685466803723,0.3318337883443476
14,T_7,C_7_12,0.48,0.57,1,0,1,31.32396158627627,0.4490155758279881
26,T_10,C_10_1,1.0,0.0,1,0,0,39.22647730954671,0.45005118290441304
4,T_10,C_10_5,0.53,0.0,0,0,0,-0.7734087537109637,0.42818772153418305
43,T_6,C_6_7,0.47,0.4,1,0,0,21.43193435786576,0.4723486389913441
0,T_10,C_10_4,0.62,0.0,1,0,0,34.717011808997945,0.510018852612291
24,T_3,C_3_13,0.33,0.45,1,0,0,17.624913431185266,0.4133950076005835
16,T_9,C_9_18,0.42,0.55,1,0,0,10.666942980342725,0.5731465637629723
23,T_10,C_10_1,1.0,0.0,1,0,0,22.080952389647504,0.37835489648909115
35,T_7,C_7_12,0.37,0.55,1,0,0,19.903904407437032,0.45316221041386007
13,T_10,C_10_4,0.57,0.0,1,0,0,13.808597772754217,0.4231451685568963
36,T_9,C_9_18,0.41,0.56,1,0,1,5.03928670803608,0.5242609024616318
33,T_7,C_7_12,0.31,0.49,0,0,1,-0.620191018500309,0.4347436001902233
4,T_10,C_10_4,0.66,0.0,1,0,1,20.055591086904144,0.5348818736241597
2,T_7,C_7_11,0.4,0.53,1,0,1,23.752133339813604,0.5142217687753021
8,T_6,C_6_3,0.86,0.43,1,0,0,41.32400833981363,0.5447358271286102
0,T_10,C_10_3,0.69,0.0,1,0,0,36.312083669503025,0.44201856716266497
45,T_9,C_9_19,0.39,0.59,1,0,0,27.22576974286598,0.5018472045467297
37,T_5,C_5_13,0.29,0.39,1,0,0,32.37509336409388,0.4311618483222522
38,T_9,C_9_18,0.35,0.54,1,0,1,21.344953802632123,0.5258007619734109
13,T_10,C_10_3,0.73,0.0,1,0,1,33.978502758297495,0.37950002545158595
24,T_3,C_3_12,0.4,0.45,0,0,1,-19.719004407045908,0.539179355391977
16,T_9,C_9_17,0.47,0.56,0,0,0,-10.321407521757333,0.4896311246837134
48,T_8,C_8_6,0.55,0.36,1,0,0,3.7817819133394437,0.47720917055950396
0,T_10,C_10_2,0.82,0.0,1,0,0,25.260042782904666,0.4696911801969781
27,T_8,C_8_6,0.49,0.39,1,0,1,7.753036327518771,0.49714107590407797
46,T_8,C_8_4,0.67,0.36,0,0,0,-0.3630631925460506,0.5051255569056062
12,T_9,C_9_19,0.41,0.5,0,0,1,-8.588790828510554,0.3934147618862123
36,T_10,C_10_5,0.57,0.0,0,0,0,-14.105916098119934,0.4397812571003962
35,T_7,C_7_11,0.47,0.55,0,0,0,-16.420402398758448,0.5271064184783826
0,T_10,C_10_1,1.0,0.0,1,0,1,37.45160383374143,0.5041612853837145
21,T_7,C_7_14,0.35,0.56,0,0,1,-19.831369391878308,0.4739799904773171
43,T_6,C_6_6,0.56,0.4,1,0,0,16.85951159730257,0.43099811481826655
45,T_9,C_9_18,0.4,0.6,0,0,1,-4.169038332611548,0.6075739835926643
38,T_10,C_10_5,0.55,0.0,1,0,0,4.125866453801233,0.4111314352595502
36,T_10,C_10_4,0.69,0.0,1,0,0,13.609668396829758,0.43911352224133937
16,T_9,C_9_16,0.48,0.57,1,0,1,7.861354304421049,0.5424626856667838
37,T_5,C_5_12,0.34,0.4,0,0,0,-0.5476830815853173,0.3686072554119754
38,T_10,C_10_4,0.6,0.0,1,0,0,2.519603287076828,0.38937098610795556
12,T_10,C_10_5,0.51,0.0,1,0,0,24.41582928557857,0.3548843970530057
36,T_10,C_10_3,0.75,0.0,1,0,0,17.512190126173163,0.44883338277816887
47,T_9,C_9_19,0.31,0.55,0,0,1,-5.504884713547543,0.5153402084227972
8,T_6,C_6_2,0.93,0.41,1,0,0,4.143125545994321,0.6158176597559417
14,T_8,C_8_6,0.57,0.34,0,0,0,-1.8993943994377602,0.46055055170401793
38,T_10,C_10_3,0.71,0.0,1,0,0,2.2428778625888333,0.4053610748807944
12,T_10,C_10_4,0.59,0.0,1,0,0,8.25966368064975,0.4601448276083418
35,T_7,C_7_10,0.49,0.55,1,0,1,6.6617097164554,0.4547447391218899
45,T_10,C_10_5,0.57,0.0,0,0,1,-4.351623262927287,0.504542210869383
36,T_10,C_10_2,0.84,0.0,1,0,1,24.64146301014417,0.464378254209341
16,T_10,C_10_5,0.53,0.0,1,0,0,18.08581115666195,0.42197001835049663
38,T_10,C_10_2,0.8,0.0,1,0,0,19.741465853456447,0.4672844730474558
12,T_10,C_10_3,0.66,0.0,1,0,0,7.108874162345749,0.3993770103006512
24,T_4,C_4_5,0.45,0.35,0,0,0,-10.80091177037599,0.4281511301430359
47,T_10,C_10_5,0.55,0.0,0,0,0,-0.5676600695684968,0.47765239954446315
37,T_5,C_5_11,0.37,0.41,0,0,1,-13.998597016114239,0.43999695167607517
33,T_8,C_8_6,0.49,0.31,0,0,0,-23.472629602672274,0.4679254601538626
16,T_10,C_10_4,0.6,0.0,1,0,0,7.2008834542350035,0.4599990951381193
48,T_8,C_8_5,0.58,0.33,0,0,1,-5.903964611741561,0.49550127606350797
38,T_10,C_10_1,1.0,0.0,1,0,0,5.378334472693851,0.3986247648745664
43,T_6,C_6_5,0.58,0.37,1,0,1,12.12805041131694,0.5258062781145987
46,T_8,C_8_3,0.77,0.36,0,0,1,-1.6828291006301654,0.456554311666189
12,T_10,C_10_2,0.81,0.0,1,0,0,9.380719450462838,0.4262713209518769
2,T_8,C_8_6,0.53,0.38,1,0,1,15.51674021585604,0.525805915852581
47,T_10,C_10_4,0.61,0.0,1,0,0,24.031536633500295,0.50705685238208
16,T_10,C_10_3,0.69,0.0,1,0,1,4.979025790486664,0.49286954374970293
27,T_9,C_9_18,0.39,0.48,0,0,1,-28.90395027542589,0.4942638739575097
12,T_10,C_10_1,1.0,0.0,1,0,0,13.815786976247743,0.4549721592597573
8,T_6,C_6_1,1.0,0.41,1,0,0,32.10761009726834,0.38237761086859995
47,T_10,C_10_3,0.68,0.0,1,0,1,28.109126014398214,0.4731079444195181
21,T_8,C_8_6,0.56,0.38,0,0,1,-28.93881175709665,0.45940771981457845
24,T_4,C_4_4,0.58,0.35,0,0,0,-26.854692962914456,0.5835495145368341
27,T_10,C_10_5,0.49,0.0,0,0,0,-19.54386172865753,0.38401194948972805
14,T_8,C_8_5,0.6,0.34,0,0,0,-25.079378101453468,0.5027608826071083
27,T_10,C_10_4,0.56,0.0,1,0,0,20.716428638515822,0.45010147821914737
27,T_10,C_10_3,0.68,0.0,1,0,0,22.193943495645232,0.40891243842428526
27,T_10,C_10_2,0.82,0.0,1,0,0,23.920531943161855,0.3954527773241677
27,T_10,C_10_1,1.0,0.0,1,0,0,26.139610005497644,0.4534607614240723
35,T_8,C_8_6,0.53,0.36,1,0,1,12.480644661449464,0.4463614193883688
33,T_8,C_8_5,0.51,0.31,1,0,1,5.091393029103893,0.49688242356828516
43,T_7,C_7_14,0.37,0.5,0,0,1,-3.9156164384945527,0.45802764702730153
37,T_6,C_6_9,0.42,0.34,0,0,0,-1.4687759169298644,0.478538093748458
48,T_9,C_9_19,0.33,0.55,0,0,0,-27.932667591954946,0.5051534557356692
24,T_4,C_4_3,0.7,0.35,1,0,0,16.80633046433817,0.5449514531458963
8,T_7,C_7_14,0.41,0.48,1,0,1,43.65575013492624,0.5033165268842963
46,T_9,C_9_19,0.36,0.5,1,0,0,22.43575472639804,0.5159841495081134
2,T_9,C_9_19,0.38,0.47,1,0,0,11.205474170704745,0.4302299820060333
48,T_9,C_9_18,0.35,0.55,0,0,1,-0.06349439653738287,0.5881492555099413
14,T_8,C_8_4,0.61,0.34,1,0,0,8.008969371578585,0.6018666890741283
46,T_9,C_9_18,0.45,0.5,1,0,0,4.80187596246812,0.5417742830686594
21,T_9,C_9_18,0.37,0.56,0,0,1,-1.332422589703686,0.5129121634452514
2,T_9,C_9_18,0.47,0.47,1,0,0,11.715006267011262,0.48605243305731743
37,T_6,C_6_7,0.41,0.35,1,0,1,15.475302761452074,0.43902987727239745
48,T_10,C_10_5,0.55,0.0,1,0,0,1.8282439379226751,0.5028176881410845
24,T_4,C_4_2,0.81,0.35,1,0,1,17.25296976045505,0.4205120131000098
46,T_9,C_9_17,0.46,0.5,1,0,0,8.217965456276247,0.5858505593241798
48,T_10,C_10_4,0.63,0.0,0,0,1,-6.303249336122107,0.5149080869658522
21,T_10,C_10_5,0.55,0.0,0,0,1,-2.915494234081333,0.3782187080164897
2,T_9,C_9_17,0.5,0.47,1,0,1,12.359647726598102,0.5565767061625869
33,T_9,C_9_19,0.29,0.46,1,0,1,6.4228318062001115,0.49774628563297607
35,T_9,C_9_18,0.33,0.48,0,0,1,-6.6555123149806406,0.5537265907869662
46,T_9,C_9_16,0.51,0.51,0,0,1,-6.166016781975195,0.508497504622657
43,T_8,C_8_6,0.5,0.41,0,0,1,-4.342691719940467,0.4837292373205597
33,T_10,C_10_4,0.46,0.0,0,0,0,-7.145173109518623,0.49975398042988917
2,T_10,C_10_4,0.47,0.0,1,0,1,0.7210310044677204,0.4860158322163187
35,T_10,C_10_5,0.48,0.0,1,0,1,1.6369463687129517,0.4390634461981713
33,T_10,C_10_3,0.52,0.0,1,0,1,14.514788476898417,0.45939089249173426
8,T_8,C_8_6,0.48,0.44,1,0,0,0.7642005292003464,0.5027777264337112
14,T_8,C_8_3,0.77,0.31,0,0,1,-22.744077227338874,0.5077633399333955
46,T_10,C_10_5,0.52,0.0,1,0,0,4.937476066242538,0.42267655220507566
46,T_10,C_10_4,0.62,0.0,1,0,1,5.769581996268583,0.47933833634124434
37,T_7,C_7_14,0.35,0.44,0,0,1,-16.98728205487087,0.41561386915857834
24,T_5,C_5_13,0.35,0.4,0,0,1,-24.188580727679934,0.488224142552522
8,T_8,C_8_5,0.64,0.44,0,0,1,-6.957515020940032,0.5084346671173576
43,T_9,C_9_19,0.41,0.47,0,0,0,-17.785355690636802,0.40175423103596675
14,T_9,C_9_19,0.31,0.57,0,0,1,-12.002227567164825,0.5315602818684182
43,T_9,C_9_18,0.37,0.47,1,0,1,4.2598967533405565,0.4894890703444511
37,T_8,C_8_5,0.44,0.33,0,0,1,-15.009502436070864,0.4635507601490606
24,T_6,C_6_9,0.4,0.35,0,0,0,-23.15869002838994,0.5517793478283651
14,T_10,C_10_5,0.57,0.0,0,0,1,-21.336669777320832,0.4555565872312054
43,T_10,C_10_4,0.47,0.0,1,0,1,5.189370094358843,0.49593714962508084
8,T_9,C_9_19,0.41,0.5,0,0,1,-8.420007827408472,0.4718839051814087
24,T_6,C_6_8,0.45,0.35,0,0,1,-17.679530763454025,0.45557331702243153
8,T_10,C_10_5,0.5,0.0,0,0,0,-2.6785484451828667,0.38430827126803146
8,T_10,C_10_4,0.6,0.0,1,0,1,23.11818349086137,0.49848722991989547
37,T_9,C_9_18,0.33,0.45,0,0,0,-17.29134084349986,0.45433586340181914
37,T_9,C_9_17,0.33,0.45,1,0,0,2.09811260830754,0.5364846223869988
24,T_7,C_7_14,0.35,0.43,0,0,0,-1.6133045651272688,0.5564706680643852
37,T_9,C_9_16,0.38,0.45,1,0,1,2.410213318263251,0.5276090367174733
24,T_7,C_7_13,0.42,0.43,1,0,0,3.131343057013451,0.47926804000733864
37,T_10,C_10_4,0.45,0.0,1,0,1,4.700114471599878,0.46020643555409824
24,T_7,C_7_12,0.47,0.43,0,0,1,-13.577735949720733,0.41987023584084987
24,T_8,C_8_5,0.43,0.32,0,0,1,-12.796804464348835,0.5061254653532818
24,T_9,C_9_19,0.32,0.53,0,0,1,-14.972180679500024,0.517629509570674
24,T_10,C_10_5,0.53,0.0,0,0,1,-9.711838753816078,0.4222838301289045
