student_number,topic,arm_pulled,pay-off,pay-off_next_topic,actual_decision,skip_decision,reward,confidence_score,expected_reward
1,T_1,C_1_9,0.0,0.0,0,0,0,-10.0,0.5711708253260437
0,T_1,C_1_9,0.0,0.0,1,1,1,26.522477522477516,0.5765466677843419
2,T_1,C_1_9,0.0,0.0,0,0,1,-9.119770449111769,0.5099975544632014
4,T_1,C_1_9,0.0,0.0,0,0,1,-8.84047858418758,0.5647752617232238
5,T_1,C_1_9,0.0,0.0,0,0,1,-12.927218364845606,0.6541694076789932
3,T_1,C_1_9,0.0,0.0,0,0,1,-11.205383868335137,0.5158368472511858
37,T_1,C_1_9,0.0,0.0,0,0,0,-6.273180478504629,0.5252421597613942
14,T_1,C_1_9,0.0,0.0,0,0,1,-8.655368575568021,0.5374714949126242
15,T_1,C_1_9,0.0,0.0,0,0,1,-12.503974153257264,0.717352407275312
41,T_1,C_1_9,0.0,0.0,0,0,0,-12.981065786723399,0.5507973438606844
10,T_1,C_1_9,0.0,0.0,0,0,1,-12.006962201066028,0.5476108989138614
26,T_1,C_1_9,0.0,0.0,0,0,1,-11.044810806643717,0.523678621333564
33,T_1,C_1_9,0.0,0.0,0,0,0,-10.256962201066028,0.5725896309710535
34,T_1,C_1_9,0.0,0.0,0,0,1,-12.756199084378547,0.5952900216504672
42,T_1,C_1_9,0.0,0.0,0,0,1,-7.453711522189494,0.5798675165656321
23,T_1,C_1_9,0.0,0.0,0,0,0,-5.81490555204024,0.44876070947927643
6,T_1,C_1_9,0.0,0.0,0,0,1,-5.859681671443225,0.5699027841266748
7,T_1,C_1_9,0.0,0.0,0,0,0,-11.776099581890987,0.5419249043358102
39,T_1,C_1_9,0.0,0.0,0,0,0,-14.958189134129794,0.6355042636358321
47,T_1,C_1_9,0.0,0.0,0,0,0,-9.076597094328799,0.6217211110705874
28,T_1,C_1_9,0.0,0.0,0,0,0,-8.321373213731782,0.5169017234129056
40,T_1,C_1_9,0.0,0.0,0,0,1,-7.7631642585079,0.5861308064256181
25,T_1,C_1_9,0.0,0.0,0,0,1,-9.714408039602429,0.5169844353702864
16,T_1,C_1_9,0.0,0.0,0,0,0,-15.767144358010391,0.5772376517626687
35,T_1,C_1_9,0.0,0.0,0,0,1,-9.810925452537752,0.5355851151232409
8,T_1,C_1_9,0.0,0.0,0,0,1,-4.654706547065114,0.5677098866267417
27,T_1,C_1_9,0.0,0.0,0,0,1,-7.966173071302774,0.5050480837710677
30,T_1,C_1_9,0.0,0.0,0,0,0,-8.028835900298946,0.582403452870149
12,T_1,C_1_9,0.0,0.0,0,0,0,-12.436351997744126,0.4971456427397493
21,T_1,C_1_9,0.0,0.0,0,0,0,-10.487047822793828,0.472259615406582
31,T_1,C_1_9,0.0,0.0,0,0,1,-8.178896729354463,0.5815067464129178
9,T_1,C_1_9,0.0,0.0,1,1,1,28.85803362496451,0.5745929402596088
22,T_1,C_1_9,0.0,0.0,0,0,1,-7.840924562356452,0.5145577555624739
32,T_1,C_1_9,0.0,0.0,0,0,0,-14.16995040728687,0.5433727389044163
29,T_1,C_1_9,0.0,0.0,1,1,1,19.078490427347827,0.5178748402744182
13,T_1,C_1_9,0.0,0.0,1,1,1,19.120198471041967,0.502578688582173
11,T_1,C_1_9,0.0,0.0,1,1,1,27.978192512750006,0.6343455372006035
18,T_1,C_1_9,0.0,0.0,1,1,0,20.818311678589133,0.5791641635371837
49,T_1,C_1_9,0.0,0.0,0,0,0,-20.889900479163742,0.6081748644708883
19,T_1,C_1_9,0.0,0.0,0,0,1,-8.94347190773517,0.49810352470482055
17,T_1,C_1_9,0.0,0.0,0,0,0,-11.139900479163744,0.6356481058099052
24,T_1,C_1_9,0.0,0.0,0,0,1,-10.544662383925651,0.5486666158025587
38,T_1,C_1_9,0.0,0.0,0,0,1,-10.584344923608185,0.5091142901261507
36,T_1,C_1_9,0.0,0.0,0,0,1,-3.7361306378939014,0.5338518586896539
43,T_1,C_1_9,0.0,0.0,0,0,1,-8.491090955354217,0.5569338977149118
20,T_1,C_1_9,0.0,0.0,1,1,1,30.062396000484227,0.6559679113010555
46,T_1,C_1_9,0.0,0.0,1,1,1,14.70893065394957,0.5397608879732244
44,T_1,C_1_9,0.0,0.0,1,1,1,20.825762337117887,0.6215869267939209
45,T_1,C_1_9,0.0,0.0,0,0,1,-15.186013083747646,0.6441170035350208
48,T_1,C_1_9,0.0,0.0,0,0,1,-23.452598431483807,0.6315028084843879
1,T_1,C_1_13,0.0,0.0,0,0,1,-21.274420634384512,0.5703241585307539
37,T_1,C_1_13,0.0,0.0,0,0,1,-44.57854550614518,0.5047971707278618
41,T_1,C_1_13,0.0,0.0,0,0,0,-37.71007445053179,0.5136326880716333
23,T_1,C_1_13,0.0,0.0,0,0,0,-28.351036679311974,0.4406799271685409
33,T_1,C_1_13,0.0,0.0,0,0,0,-48.531942757663245,0.5649765609848768
39,T_1,C_1_13,0.0,0.0,0,0,0,-56.01249499376683,0.6107224086395135
0,T_2,C_2_6,0.0,0.0,0,0,1,-9.048857694578185,0.542373915405213
7,T_1,C_1_13,0.0,0.0,1,0,1,9.222642946328682,0.5390296594373108
2,T_2,C_2_6,0.0,0.0,0,0,0,-1.3133419021561534,0.5425380182800486
28,T_1,C_1_13,0.0,0.75,0,0,1,-10.24856894150827,0.4980072118457569
47,T_1,C_1_13,0.0,0.84,1,0,1,7.0757651040567,0.6095590431093609
4,T_2,C_2_6,0.0,0.0,1,0,1,1.544131487437254,0.6144203370430332
16,T_1,C_1_13,0.0,0.65,0,0,1,-30.81227920103467,0.5869509265060632
30,T_1,C_1_13,0.0,0.74,0,0,1,-24.736008014594006,0.5675585011608913
14,T_2,C_2_6,0.0,0.0,0,0,0,-26.489567655520712,0.5106960879035406
5,T_2,C_2_6,0.0,0.0,0,0,1,-13.12234992870132,0.6313753385819401
10,T_2,C_2_6,0.0,0.0,0,0,0,-2.8544133619322727,0.5596413957919185
3,T_2,C_2_6,0.0,0.0,1,0,1,9.768121849335339,0.5230566761350122
34,T_2,C_2_6,0.0,0.0,1,0,0,6.188779126330641,0.5989118231483883
12,T_1,C_1_13,0.0,0.61,1,1,,12.751220440884635,
15,T_2,C_2_6,0.0,0.0,1,0,1,4.490073511327411,0.6722270099997084
21,T_1,C_1_13,0.0,0.31,0,0,0,-23.612809541370282,0.48449403483297426
18,T_1,C_1_13,0.0,0.6,0,0,1,-18.941461226763554,0.5398746973930981
49,T_1,C_1_13,0.0,0.18,1,1,,10.753757799033263,
32,T_1,C_1_13,0.0,0.62,0,0,0,-20.52479456009688,0.5011472614455625
42,T_2,C_2_6,0.0,0.0,1,1,1,15.090521129248412,0.6120300732913555
26,T_2,C_2_6,0.0,0.0,1,1,0,11.500249847676852,0.4910046313945537
6,T_2,C_2_6,0.0,0.0,1,0,1,0.6929533088555282,0.5678510197544478
17,T_1,C_1_13,0.0,0.33,0,0,0,-34.93939793419084,0.6384721953098944
40,T_2,C_2_6,0.81,0.0,1,0,1,1.3531009215567251,0.5864741009629998
35,T_2,C_2_6,0.48,0.0,1,1,0,49.67364228490596,0.518861993436605
2,T_2,C_2_5,0.0,0.0,1,1,,10.775679984827443,
25,T_2,C_2_6,0.39,0.0,1,0,0,8.58754539996308,0.486819462019899
41,T_1,C_1_12,0.0,0.82,1,0,0,4.764558576115661,0.4751206242544506
27,T_2,C_2_6,0.38,0.0,1,1,1,19.989767102529008,0.5474205597216311
8,T_2,C_2_6,0.77,0.0,0,0,1,-6.9494967906505405,0.5664705048876917
23,T_1,C_1_12,0.0,0.19,1,1,,16.98531751023684,
14,T_2,C_2_5,0.0,0.0,0,0,0,-19.168472281853397,0.5910977725866274
39,T_1,C_1_12,0.0,0.89,0,0,1,-33.51967376059646,0.5561401386923097
0,T_3,C_3_4,0.0,0.0,0,0,1,-16.570585771629005,0.6549120754739645
33,T_1,C_1_12,0.0,0.81,0,0,1,-31.874371551869075,0.4830211746995758
34,T_2,C_2_5,0.0,0.0,0,0,0,-22.043346621121156,0.6530356968839086
19,T_2,C_2_6,0.29,0.0,0,0,1,-31.148609779015892,0.55243528359912
22,T_2,C_2_6,0.22,0.0,1,1,1,10.077858143558064,0.5160154907817569
9,T_2,C_2_6,0.34,0.0,0,0,0,-23.585284849623022,0.5325622258613287
4,T_3,C_3_4,0.0,0.0,0,0,0,-34.7879216769435,0.6719126610280783
29,T_2,C_2_6,0.4,0.0,0,0,1,-26.55587747804848,0.5079976024676862
13,T_2,C_2_6,0.47,0.77,0,0,0,-11.227004319669087,0.5108271653656352
10,T_2,C_2_5,0.0,0.84,0,0,1,-9.719651378492625,0.6243901401820104
38,T_2,C_2_6,0.46,0.8,0,0,0,-6.880108726032191,0.49878673066542545
31,T_2,C_2_6,0.47,0.85,0,0,0,-39.75311569311756,0.5976390458925354
11,T_2,C_2_6,0.5,0.93,1,0,0,6.831779908089983,0.6235980219481521
24,T_2,C_2_6,0.36,0.35,1,0,1,2.867662408369263,0.5649624018344306
26,T_2,C_2_5,0.0,0.61,1,1,,14.372388060118528,
5,T_3,C_3_4,0.0,0.0,1,1,0,21.170900708853637,0.6954800725944024
43,T_2,C_2_6,0.51,0.57,1,0,0,0.4172510738171811,0.5495239149733013
20,T_2,C_2_6,0.78,0.37,0,0,1,-5.8345737437010925,0.666128925059538
3,T_3,C_3_4,0.0,0.0,1,0,1,6.471148065612975,0.593905661677997
46,T_2,C_2_6,0.58,0.26,0,0,0,-10.556199245234785,0.5789219435779334
15,T_3,C_3_4,0.96,0.0,1,0,1,3.2407938789173354,0.7391356911030036
36,T_2,C_2_6,0.39,0.43,1,1,0,11.701631765984736,0.5658769451563885
44,T_2,C_2_6,0.6,0.54,0,0,0,-36.485046469403926,0.5957316940871862
35,T_2,C_2_5,0.0,0.34,0,0,1,-6.938185686874361,0.5646902753616241
32,T_1,C_1_12,0.0,0.78,1,0,1,8.190654840341699,0.467955114740794
21,T_1,C_1_12,0.0,0.71,0,0,1,-5.324331535680094,0.4197228868054736
42,T_3,C_3_4,0.4,0.0,1,0,0,4.2578664661364325,0.6846893560075245
6,T_3,C_3_4,0.34,0.0,1,0,1,1.3089337189720904,0.624908150189001
48,T_2,C_2_6,0.84,0.36,1,1,1,14.554850234398584,0.6014359895413923
45,T_2,C_2_6,0.57,0.55,1,1,1,20.651946423146313,0.627195145502063
37,T_2,C_2_6,0.51,0.73,0,0,0,-0.7182895115179262,0.5094222476469459
1,T_2,C_2_6,0.42,0.56,1,1,1,50.71076966219245,0.5614650784402123
25,T_2,C_2_5,0.0,0.63,1,1,,15.913755613288789,
4,T_3,C_3_5,0.0,0.0,1,0,1,0.12519417826774737,0.6785325729162575
40,T_3,C_3_4,0.34,0.0,1,0,1,3.1937862360294917,0.6853893786277978
7,T_2,C_2_6,0.54,0.66,0,0,0,-36.65425014383478,0.5383734949616767
2,T_3,C_3_4,0.35,0.0,0,0,0,-6.65302760907886,0.6658732593397678
28,T_2,C_2_6,0.64,0.65,0,0,1,-29.052448342032974,0.49647135618212374
17,T_1,C_1_12,0.0,0.53,0,0,0,-11.788818975985329,0.571216605976075
14,T_2,C_2_2,0.0,0.53,0,0,0,-27.038689815399984,0.5500108273360123
5,T_3,C_3_5,0.0,0.0,0,0,1,-9.20924636836229,0.6489148627171548
34,T_2,C_2_2,0.0,0.66,0,0,1,-29.52425232755376,0.6230073766181385
47,T_2,C_2_6,0.77,0.76,0,0,1,-37.994682435080634,0.6013945760046167
8,T_3,C_3_4,0.88,0.0,0,0,1,-42.88945786722575,0.6361884287625236
13,T_2,C_2_2,0.0,0.86,0,0,0,-29.939162144751656,0.5004603487677944
42,T_3,C_3_5,0.0,0.0,1,1,,12.408898911551798,
27,T_3,C_3_4,0.52,0.0,1,1,1,28.010328759630447,0.647651772839784
30,T_2,C_2_6,1.05,0.87,1,0,1,0.7145289383614504,0.66595203143779
12,T_2,C_2_6,0.41,0.78,1,1,1,12.637674604134475,0.5046405216489507
31,T_2,C_2_5,0.17,0.88,1,1,,12.226593281525002,
38,T_2,C_2_5,0.5,0.73,1,1,,16.7574243807207,
9,T_2,C_2_2,0.0,0.84,1,1,,11.386557535323035,
11,T_2,C_2_5,0.23,0.88,1,1,,25.655388921765013,
0,T_4,C_4_1,0.0,0.0,0,0,1,-11.765822209877655,0.4575989311175902
41,T_1,C_1_2,0.0,0.75,1,0,0,3.412718722349578,0.47366721015703567
16,T_2,C_2_6,0.31,0.8,1,1,1,19.675642073508236,0.5687640951740941
22,T_3,C_3_4,0.65,0.0,0,0,1,-0.19207721849106818,0.6110894891510166
19,T_3,C_3_4,0.55,0.0,0,0,0,-2.8495505280996167,0.6203921135093982
49,T_2,C_2_6,0.29,0.93,0,0,1,-19.521273738854838,0.582844973548647
43,T_2,C_2_5,0.29,0.94,0,0,1,-26.443925406508285,0.629951458687363
10,T_3,C_3_5,0.8,0.0,0,0,0,-32.149964482884855,0.6221247818539897
29,T_3,C_3_5,0.77,0.0,0,0,1,-36.61693616614461,0.5458597768748276
46,T_2,C_2_5,0.33,0.9,1,0,0,1.069402384076596,0.618860545886186
18,T_2,C_2_6,0.92,0.91,0,0,0,-3.9970869776255444,0.5583427505281262
44,T_2,C_2_5,0.48,0.93,0,0,1,-22.53689833032439,0.6376182691087995
36,T_2,C_2_5,0.38,0.83,0,0,0,-2.1265378536532813,0.5404280728960726
24,T_3,C_3_5,0.83,0.0,0,0,0,-32.679146164882276,0.6204297506933244
2,T_3,C_3_5,0.82,0.0,0,0,1,-18.525393905545634,0.627161441578198
20,T_3,C_3_5,0.95,0.0,0,0,1,-51.49789063879917,0.6651921510305052
26,T_3,C_3_5,0.82,0.0,0,0,0,-25.95942910033763,0.5346653269146878
3,T_4,C_4_1,0.0,0.0,0,0,1,-27.637590019877855,0.46474069901103654
37,T_2,C_2_5,0.51,0.92,0,0,0,-15.113545505032803,0.5774582983340084
15,T_4,C_4_1,0.0,0.0,0,0,1,-39.73015327888439,0.6433181230551003
6,T_4,C_4_1,0.0,0.0,0,0,0,-2.382129488890035,0.4936665270400682
7,T_2,C_2_5,0.38,0.86,0,0,1,-33.55162767618757,0.6284602344227509
35,T_3,C_3_5,0.88,0.79,0,0,0,-16.661636300293097,0.623826921062737
23,T_2,C_2_5,0.53,0.85,0,0,0,-2.0589931284869456,0.5050950327703725
48,T_3,C_3_5,0.92,0.86,0,0,1,-64.422143549695,0.623519195640828
1,T_3,C_3_5,0.86,0.78,1,0,1,4.15207676576943,0.6266130845706821
39,T_2,C_2_6,0.76,0.96,0,0,1,-23.948011030543128,0.6285727134624436
45,T_3,C_3_5,0.92,0.86,1,1,1,31.901395959275575,0.6389717366171337
25,T_3,C_3_5,0.85,0.76,1,1,1,43.00010764102957,0.6080498562837615
14,T_2,C_2_14,0.0,0.87,1,0,0,5.41317859910377,0.52925061468477
4,T_4,C_4_1,0.0,0.0,0,0,1,-4.683934261788619,0.5720658925842634
33,T_2,C_2_6,0.66,0.62,0,0,1,-7.815861499030815,0.5850477789124416
19,T_3,C_3_5,0.82,0.68,1,0,1,3.7374962323116456,0.6016269828790137
40,T_4,C_4_1,0.0,0.0,1,1,1,26.54239803619378,0.5436244653694693
13,T_2,C_2_5,0.35,0.82,0,0,0,-0.29767252874800665,0.5823659788681501
28,T_3,C_3_5,0.81,0.72,1,0,0,8.566466563899786,0.5564192053712396
34,T_3,C_3_5,0.91,0.82,1,1,0,25.569659004201164,0.6301293625914548
5,T_4,C_4_1,0.0,0.0,1,1,1,36.077498725455506,0.5983066893180099
10,T_3,C_3_4,0.54,0.9,1,0,1,6.399545922988281,0.6419797860380139
17,T_1,C_1_2,0.0,0.54,1,0,1,9.777812846967548,0.5912050341250903
47,T_3,C_3_4,0.84,0.69,1,1,0,44.86136961025258,0.6617323248366257
24,T_3,C_3_4,0.61,0.73,1,0,0,1.6135167867004814,0.6474673407963891
42,T_4,C_4_1,0.76,0.0,1,1,1,12.01421062885139,0.5309506569184621
8,T_4,C_4_1,0.0,0.0,1,1,1,39.72682099914145,0.5002376139137492
27,T_4,C_4_1,0.71,0.0,1,1,1,14.965641678287625,0.46022897868184176
32,T_2,C_2_6,0.81,0.74,0,0,0,-46.26441105478729,0.5243064210470701
38,T_3,C_3_4,0.64,0.53,0,0,0,-30.159056996065353,0.5904435943104769
12,T_3,C_3_4,0.66,0.88,0,0,0,-46.62796891316379,0.6003137357331213
26,T_3,C_3_4,0.91,0.77,0,0,0,-35.451803110054996,0.5983255620450387
31,T_3,C_3_5,0.65,0.8,1,0,1,2.522071475459545,0.6789376553093682
21,T_2,C_2_6,0.62,0.56,0,0,0,-6.083441013773873,0.5299410383851009
46,T_2,C_2_2,0.36,0.61,0,0,0,-28.52142091341604,0.5633392163020501
11,T_3,C_3_4,0.62,1.12,0,0,1,-37.92606008867378,0.7415721034238136
30,T_3,C_3_5,0.83,0.8,0,0,1,-46.20528372184637,0.6392793503912804
9,T_3,C_3_4,0.89,0.62,0,0,1,-25.425200982144567,0.6476574822875376
35,T_3,C_3_4,0.6,0.9,0,0,0,-30.24219359309098,0.6591226197127534
16,T_3,C_3_4,0.59,0.75,0,0,1,-57.46365282055879,0.6450959622473686
18,T_2,C_2_5,0.29,0.81,1,0,0,4.396724599752009,0.5961758365621599
22,T_4,C_4_1,0.72,0.0,1,0,1,3.4687040341993054,0.489276342324978
36,T_2,C_2_2,0.25,0.64,1,1,,12.649509518346685,
0,T_5,C_5_5,0.0,0.0,0,0,1,-17.77480861852962,0.5201696257962215
43,T_3,C_3_4,0.93,0.78,0,0,1,-35.47469163637671,0.6541447313349807
49,T_3,C_3_4,0.76,1.05,0,0,1,-43.20717026885535,0.7067673707534506
41,T_1,C_1_3,0.0,0.7,0,0,1,-31.489815681133546,0.5029918511525521
37,T_2,C_2_2,0.08,0.9,1,1,,24.20595768500215,
29,T_4,C_4_1,0.67,0.0,0,0,1,-24.251332334183072,0.4369531035622461
6,T_4,C_4_4,0.0,0.0,0,0,0,-30.138071976794237,0.5342674379551966
44,T_3,C_3_5,0.73,1.06,0,0,0,-35.58608531544372,0.690207281889792
28,T_3,C_3_4,0.78,0.59,1,1,,21.066630928175112,
20,T_4,C_4_1,0.82,0.0,1,0,0,3.7981517438080745,0.5941935830154337
34,T_3,C_3_4,0.63,1.01,1,0,1,4.109111811777508,0.6810158096694849
23,T_2,C_2_6,0.21,0.61,1,1,,29.061757526978145,
2,T_4,C_4_1,0.79,0.0,0,0,0,-11.317456020833422,0.4619402599657551
14,T_2,C_2_10,0.0,0.52,0,0,1,-0.7643096247505685,0.5576017053039671
47,T_3,C_3_5,0.51,0.79,1,1,,45.84860914982381,
7,T_3,C_3_4,0.55,0.75,1,1,1,40.634746089806896,0.6030488931727047
24,T_3,C_3_1,0.0,0.92,0,0,0,-36.89938634859328,0.597459522729811
3,T_5,C_5_5,0.0,0.0,0,0,1,-19.103080417301598,0.5377169432349318
48,T_4,C_4_1,0.72,0.0,0,0,0,-32.156110720331895,0.5041571804520542
39,T_3,C_3_4,0.66,0.82,1,1,1,24.57094962237184,0.6812110263677724
12,T_3,C_3_5,0.48,1.01,1,1,,25.929233894869732,
1,T_4,C_4_1,0.68,0.0,1,1,1,13.48432220437352,0.481084851917431
15,T_5,C_5_5,0.0,0.0,0,0,1,-25.047404901944184,0.6978082724121968
38,T_3,C_3_5,0.47,0.54,1,0,0,0.5088976190642054,0.5385386539336671
26,T_3,C_3_1,0.0,0.87,1,0,0,4.5584774509969765,0.5672599949094859
25,T_4,C_4_1,0.83,0.0,0,0,0,-23.981018347322333,0.4261247059105596
13,T_2,C_2_10,0.0,0.6,0,0,0,-0.531678208582294,0.5169940368782175
45,T_4,C_4_1,0.93,0.87,0,0,0,-9.327561989904998,0.5232188340900634
33,T_3,C_3_5,0.65,0.68,0,0,1,-10.23543468672241,0.6337139191424253
19,T_4,C_4_1,0.8,0.71,0,0,1,-9.069274737744633,0.463423914625095
35,T_3,C_3_1,0.0,0.89,0,0,1,-6.876806118497745,0.6349757262977236
32,T_2,C_2_5,0.42,0.69,1,1,,21.352183814229697,
10,T_4,C_4_1,0.76,0.8,0,0,0,-22.977812245369215,0.4587311560419318
40,T_5,C_5_5,0.0,0.0,1,0,1,4.374721376834067,0.640721103627631
4,T_5,C_5_5,0.0,0.0,0,0,1,-26.605835598163196,0.6340564944550041
44,T_3,C_3_4,0.85,0.81,1,0,0,2.6977030985885833,0.716580245440968
21,T_2,C_2_2,0.36,0.72,1,1,,16.283738011306777,
46,T_2,C_2_10,0.0,0.56,1,1,,16.100716523289513,
5,T_5,C_5_5,0.89,0.0,0,0,0,-30.948502539033868,0.6388594131712815
18,T_2,C_2_2,0.16,0.79,0,0,1,-8.972618048664016,0.5772240961263183
42,T_5,C_5_5,0.79,0.0,0,0,0,-22.133065466366986,0.583431706670765
31,T_4,C_4_1,1.07,0.96,0,0,0,-30.18314790490158,0.5624343905655931
27,T_5,C_5_5,0.74,0.0,1,0,0,5.517059288389332,0.5017011069658321
8,T_5,C_5_5,0.76,0.0,1,0,0,6.477357055138727,0.5756383876770592
24,T_3,C_3_10,0.0,0.57,1,1,,14.570221986128265,
11,T_4,C_4_1,1.25,0.98,0,0,0,-45.25179743282429,0.5690997930690733
16,T_4,C_4_1,0.73,0.93,0,0,0,-27.265251578897864,0.4555501992595614
30,T_4,C_4_1,0.88,0.89,0,0,1,-19.391348070125954,0.570262395934079
6,T_4,C_4_3,0.0,0.89,0,0,0,-12.421775701704885,0.44476785991075485
9,T_4,C_4_1,0.73,0.9,0,0,0,-16.018815175389104,0.49615586366971554
36,T_3,C_3_5,0.84,0.51,1,1,1,30.9738427781377,0.6178334928175655
49,T_4,C_4_1,0.94,0.98,1,1,1,59.95358785875899,0.5354804169719765
2,T_4,C_4_3,0.0,0.91,1,1,,44.37162064564425,
37,T_3,C_3_4,0.66,0.8,1,1,0,62.81342392433275,0.6205188124551131
43,T_4,C_4_1,0.9,0.95,1,1,1,47.242932121054096,0.4587431743658722
38,T_3,C_3_10,0.0,0.36,1,1,,53.51998130138195,
20,T_4,C_4_3,0.0,1.0,1,1,,63.765882940726186,
26,T_3,C_3_10,0.0,0.96,1,1,,53.07653867843112,
17,T_2,C_2_10,0.85,0.69,1,1,1,27.009007622113884,0.6316215194303259
28,T_4,C_4_1,0.8,0.43,1,1,0,26.41770492536687,0.4271064998201464
22,T_5,C_5_5,0.86,0.0,1,0,1,5.704351013927377,0.5641220996369726
44,T_3,C_3_1,0.42,0.41,1,0,1,3.2609340670643148,0.7040224441810273
23,T_3,C_3_5,0.36,0.65,1,1,1,35.57068229438179,0.4728279786436299
34,T_4,C_4_1,0.73,0.78,1,1,1,13.017750698290609,0.5303423367069326
0,T_6,C_6_4,0.0,0.0,0,0,1,-7.194790018321763,0.6243449467273927
48,T_4,C_4_3,0.0,0.77,0,0,1,-20.41299461780813,0.5155546169113772
47,T_4,C_4_1,0.81,0.45,1,1,1,17.02920705319149,0.5418066912011357
29,T_5,C_5_5,0.84,0.0,1,1,0,15.912133882459775,0.5070620532140167
7,T_4,C_4_1,0.75,0.55,0,0,1,-21.49661797981844,0.4811482588773986
39,T_4,C_4_1,0.73,0.86,0,0,0,-35.70829681193522,0.5661800336831737
13,T_2,C_2_8,0.0,0.61,0,0,0,-8.328734768139622,0.47949111669189187
45,T_4,C_4_3,0.0,0.58,0,0,1,-21.464176779494025,0.5743772398855286
14,T_3,C_3_1,0.43,0.72,1,1,1,10.050387584346897,0.6321689731445652
25,T_4,C_4_3,0.0,0.81,1,1,,17.21246213864189,
12,T_4,C_4_1,0.81,0.62,0,0,1,-42.10948157489954,0.46711526910372625
10,T_4,C_4_3,0.0,0.52,0,0,1,-23.97587833603314,0.5306117749697058
42,T_5,C_5_7,0.0,0.0,0,0,1,-27.87839396041897,0.5575718394055886
5,T_5,C_5_7,0.0,0.0,0,0,0,-35.93098295718273,0.617965366641847
27,T_5,C_5_7,0.0,0.0,0,0,1,-30.774834089868826,0.4887475618180194
8,T_5,C_5_7,0.0,0.0,0,0,1,-24.163083051644985,0.5824716985858838
32,T_3,C_3_5,0.71,0.38,0,0,0,-55.46588157297586,0.553485756002916
37,T_3,C_3_5,0.47,0.48,0,0,0,-35.031510933141575,0.5588588097350387
3,T_6,C_6_4,0.0,0.0,0,0,1,-46.96875952525741,0.5905252540651116
33,T_4,C_4_1,0.55,0.64,0,0,0,-47.06648815607229,0.5004679133302251
15,T_6,C_6_4,0.0,0.0,0,0,1,-72.17500905639386,0.7012357313602848
1,T_5,C_5_5,0.28,0.8,0,0,1,-37.96922127504337,0.559221700759194
35,T_4,C_4_1,0.83,0.7,0,0,1,-34.84036501398627,0.4909807003859179
11,T_4,C_4_3,0.0,0.64,0,0,1,-42.689856339791305,0.629257356937647
41,T_2,C_2_6,0.62,0.67,1,1,0,11.349554913884187,0.5418568544139226
19,T_5,C_5_5,0.42,0.71,0,0,1,-23.454892426399155,0.5146412821091542
31,T_4,C_4_3,0.0,0.73,0,0,0,-8.688906624577347,0.5602768982323499
46,T_3,C_3_4,0.64,0.66,0,0,1,-32.719796364061224,0.6599229494091305
18,T_3,C_3_5,0.79,0.56,0,0,0,-18.11259636406125,0.6006998778560162
16,T_4,C_4_3,0.0,0.59,0,0,1,-13.017396364061236,0.47048676054048
6,T_4,C_4_5,0.0,0.47,1,0,0,6.0981265775854485,0.4707622464608781
21,T_3,C_3_5,0.64,0.57,0,0,0,-26.02897174375749,0.5981052319295485
9,T_4,C_4_5,0.0,0.54,0,0,0,-9.033711128626294,0.48589298334268444
24,T_4,C_4_1,0.61,0.82,0,0,0,-19.14225063381385,0.4950430843657883
40,T_6,C_6_4,0.0,0.0,0,0,1,-10.68865494441286,0.6377323323054935
4,T_6,C_6_4,0.0,0.0,0,0,0,-9.35797765357622,0.6194501366009421
36,T_4,C_4_1,0.29,0.76,1,1,1,35.020790376325664,0.46860340945085155
29,T_5,C_5_7,0.0,0.88,1,0,1,4.975939351062275,0.5119029908966672
28,T_4,C_4_5,0.0,0.58,1,1,,10.774130157162585,
30,T_5,C_5_5,0.19,0.88,0,0,0,-17.366883052294504,0.5922901224972406
26,T_4,C_4_1,0.73,0.55,0,0,1,-8.286546740089648,0.44089780376152504
38,T_4,C_4_3,0.46,0.48,1,1,0,18.979656026853206,0.43811274602899103
32,T_3,C_3_1,0.46,0.55,0,0,1,-1.3026783580048367,0.5779952509871261
39,T_4,C_4_3,0.51,0.9,0,0,0,-18.06560303850786,0.5808200301508243
37,T_3,C_3_1,0.31,0.49,0,0,1,-0.9005546092778358,0.5796331214219476
49,T_5,C_5_7,0.87,0.96,0,0,0,-39.799767207703034,0.597136321266483
44,T_4,C_4_3,0.48,0.96,0,0,1,-25.605160072147292,0.6083902987730387
17,T_3,C_3_5,0.81,0.6,1,0,1,1.4656677043897695,0.7264625294514082
13,T_2,C_2_18,0.0,0.59,1,1,,23.733811813565246,
2,T_5,C_5_7,0.79,0.86,1,0,0,3.777733382192702,0.4817865165690202
43,T_5,C_5_5,0.7,0.94,1,0,1,2.6640078919966417,0.5369727342540506
5,T_5,C_5_1,0.0,0.79,1,1,,22.63372132145561,
23,T_4,C_4_1,0.48,0.69,1,1,0,26.853768306576974,0.3479718099796363
0,T_7,C_7_8,0.0,0.0,0,0,1,-26.198219247390316,0.5964452392733242
22,T_6,C_6_4,0.74,0.0,0,0,0,-34.78976854316498,0.547373751587594
20,T_5,C_5_7,0.82,0.82,0,0,1,-21.366450859283916,0.630225861425969
14,T_4,C_4_1,0.63,0.9,0,0,1,-29.302599760526274,0.5185476126602836
18,T_3,C_3_1,0.5,0.51,1,0,0,0.15789801952837124,0.5997608290236519
21,T_3,C_3_1,0.37,0.57,0,0,1,-7.789018451978272,0.5093647309950067
34,T_5,C_5_5,0.72,0.8,0,0,0,-29.408066071025864,0.588232144478955
33,T_4,C_4_3,0.54,0.7,0,0,1,-18.557742270840244,0.47949089183775806
47,T_5,C_5_7,0.53,0.87,0,0,0,-30.53282015246019,0.6023647045793268
48,T_5,C_5_5,0.6,0.82,1,1,1,40.49624272255345,0.5715524362535953
45,T_5,C_5_7,0.6,0.87,1,1,1,19.4606542729572,0.566915401566795
41,T_2,C_2_10,0.48,0.64,1,1,,32.17892633905536,
31,T_4,C_4_5,0.0,0.84,1,1,,20.438243109241686,
7,T_5,C_5_5,0.53,0.74,1,1,1,12.003736365605867,0.5365588452301947
25,T_5,C_5_5,0.89,0.78,1,0,0,9.648422168553896,0.5341471503258954
10,T_5,C_5_5,0.67,0.7,1,1,0,64.09587165807466,0.5087911244774803
12,T_5,C_5_5,0.58,0.71,0,0,1,-22.907015999569417,0.5336458135003109
6,T_4,C_4_2,0.0,0.61,1,0,0,7.454423530779639,0.3748400318217603
9,T_4,C_4_3,0.45,0.68,1,0,1,6.0732556536467,0.5352372431291799
42,T_6,C_6_4,0.89,0.81,0,0,1,-30.112764473397693,0.5863747783833251
30,T_5,C_5_7,0.85,0.47,0,0,1,-31.207525644430046,0.5598277997245747
24,T_4,C_4_3,0.55,0.75,0,0,1,-34.700591900208195,0.5587570037331953
27,T_6,C_6_4,0.82,0.77,0,0,0,-5.982643045393964,0.561411274969364
3,T_7,C_7_8,0.0,0.0,0,0,1,-14.451031162081893,0.5505888469399502
46,T_4,C_4_1,0.72,0.87,0,0,1,-29.416030858504598,0.5328879612570605
4,T_6,C_6_2,0.0,0.79,0,0,1,-35.947569320043065,0.6043440853939863
15,T_7,C_7_8,0.0,0.0,0,0,0,-59.88694790456384,0.7569173608140413
8,T_6,C_6_4,0.92,0.79,0,0,1,-42.36734759710804,0.5968067956949091
11,T_5,C_5_5,0.76,0.76,0,0,0,-60.53260509134325,0.6281348913797776
49,T_5,C_5_5,0.97,0.77,0,0,1,-5.238589698616357,0.6092300661570353
18,T_3,C_3_4,0.08,0.39,1,0,0,2.114937908745589,0.6221501409834178
1,T_6,C_6_4,0.83,0.83,1,0,1,8.905582080524733,0.5639854134573898
2,T_5,C_5_5,0.83,0.58,1,0,0,4.630275332058474,0.550219781083318
19,T_6,C_6_4,0.63,0.75,0,0,1,-10.406513345024175,0.5597973820568716
38,T_4,C_4_1,0.39,0.53,1,1,,17.5597959964766,
39,T_4,C_4_2,0.0,0.84,0,0,0,-46.202983289521384,0.48380980046074956
35,T_5,C_5_5,0.88,0.65,0,0,1,-31.614612975825903,0.5734780222198989
40,T_7,C_7_8,0.83,0.0,0,0,1,-51.88353487026394,0.649988022810924
23,T_4,C_4_3,0.37,0.69,0,0,1,-11.963676062876992,0.4119368743040267
47,T_5,C_5_5,0.36,0.84,0,0,1,-45.730621988238724,0.5978537337867604
16,T_5,C_5_5,0.63,1.0,0,0,1,-26.761292916237732,0.5139678067712006
32,T_4,C_4_3,0.51,0.73,0,0,0,-30.00330204865785,0.4929491271216083
34,T_5,C_5_7,0.3,0.83,0,0,1,-48.95611787818601,0.5652088502823851
36,T_5,C_5_7,0.6,0.73,0,0,0,-10.133439034959228,0.5015599562255404
29,T_6,C_6_4,0.61,0.49,0,0,0,-24.797061561595445,0.563059309419189
28,T_5,C_5_5,0.64,0.7,0,0,1,-25.449268563117517,0.5015510560198688
37,T_4,C_4_1,0.43,0.76,0,0,1,-0.853514154612447,0.42018803606097577
13,T_3,C_3_5,0.58,0.71,1,0,0,6.527508531947825,0.4893651829290908
17,T_4,C_4_1,0.65,0.41,1,1,1,41.9360467497358,0.5737456748179637
25,T_5,C_5_7,0.16,0.76,1,0,1,4.192962113387882,0.49498857199497176
26,T_5,C_5_5,0.47,0.7,0,0,1,-1.5712532012444216,0.5073350315339382
10,T_5,C_5_7,0.57,0.76,0,0,1,-33.886291568235,0.52203608277073
22,T_6,C_6_2,0.0,0.5,0,0,1,-23.570705923750808,0.616404707346368
44,T_5,C_5_5,0.78,0.86,0,0,0,-5.743820089084223,0.6191886949030944
15,T_7,C_7_6,0.0,0.0,0,0,0,-12.342678314995657,0.641419497791522
21,T_4,C_4_1,0.62,0.48,1,1,0,11.735931386879717,0.46801128259095914
5,T_6,C_6_4,0.8,0.56,0,0,0,-28.544411524261484,0.6649782801627646
18,T_3,C_3_10,0.0,0.55,0,0,1,-9.811178668195199,0.5304805410849357
41,T_3,C_3_1,0.56,0.6,0,0,1,-23.42917281458732,0.5608837395949893
20,T_6,C_6_4,0.83,0.56,1,1,1,14.803151513604778,0.6852307693134003
43,T_6,C_6_4,0.82,0.96,0,0,1,-21.71506956246752,0.6031669208186818
14,T_5,C_5_5,0.81,0.82,0,0,1,-40.43709435867413,0.6057821746610645
33,T_5,C_5_5,0.73,0.84,0,0,0,-29.55862474126975,0.5647237889363356
11,T_5,C_5_7,0.42,0.85,0,0,1,-7.294786309751785,0.6009820553419292
2,T_5,C_5_1,0.0,0.78,1,1,,10.464823683744365,
27,T_6,C_6_2,0.0,0.76,1,0,0,8.85479374362458,0.4772789903689527
45,T_6,C_6_4,0.94,0.7,0,0,1,-15.299717644989226,0.6706030133489713
48,T_6,C_6_4,1.09,0.64,0,0,0,-16.217566786139308,0.6494094535810125
31,T_5,C_5_5,0.61,0.85,0,0,1,-44.77917993027676,0.6311336175289607
0,T_8,C_8_2,0.0,0.0,0,0,0,-11.530788950151228,0.5317101648686924
42,T_7,C_7_8,0.68,0.0,1,1,1,51.6528493161885,0.6005166442236333
13,T_3,C_3_4,0.47,0.71,0,0,1,-2.46190294063575,0.5766455435779226
12,T_6,C_6_2,0.73,0.81,0,0,1,-56.29220990200826,0.5197238504101671
6,T_5,C_5_5,0.83,0.89,0,0,0,-58.29369468300306,0.5765726336533386
24,T_5,C_5_7,0.8,0.9,0,0,0,-48.04815728700935,0.5488624907296074
39,T_4,C_4_4,0.0,0.87,0,0,1,-60.45012995387104,0.5841660942589668
36,T_5,C_5_1,0.0,0.81,0,0,1,-30.694014312655355,0.5672825868079685
9,T_5,C_5_5,0.75,0.93,0,0,0,-70.68836500214286,0.5860489325459957
7,T_6,C_6_2,0.76,0.53,0,0,1,-21.50261821678184,0.5825310459778203
4,T_7,C_7_8,0.7,0.0,0,0,1,-19.903357860941156,0.583420661196699
8,T_7,C_7_8,0.76,0.0,0,0,1,-41.562129141474095,0.6371297563620186
30,T_6,C_6_2,0.84,0.64,1,1,0,26.274897671887885,0.5250437490759138
46,T_5,C_5_5,0.94,0.88,0,0,1,-41.55790375120433,0.5967539081107792
15,T_7,C_7_11,0.0,0.0,0,0,1,-7.559630861264479,0.6790052591192511
32,T_4,C_4_1,0.21,0.82,0,0,1,-19.325087786681074,0.46695442919293956
1,T_7,C_7_8,0.78,0.0,0,0,0,-7.0806280978247225,0.6268278512754148
29,T_6,C_6_2,0.72,0.49,1,1,,35.22215194767482,
3,T_8,C_8_2,0.0,0.0,1,1,1,16.386606224960982,0.4754010129916594
19,T_7,C_7_8,0.67,0.0,0,0,1,-24.98989910825188,0.5579656297613349
44,T_5,C_5_7,0.59,0.86,0,0,0,-26.54692633415328,0.589863538458756
49,T_6,C_6_2,0.86,0.65,0,0,1,-0.4302515516574932,0.6755542244252757
38,T_5,C_5_5,0.6,0.58,1,1,0,24.032337593900348,0.4593476898255663
33,T_5,C_5_7,0.67,0.91,0,0,0,-16.58311973393042,0.5487681076696183
23,T_5,C_5_7,0.59,0.47,0,0,0,-11.577999031662715,0.43903654478950477
35,T_6,C_6_2,0.87,0.84,0,0,1,-28.173991647321284,0.5982026780149238
21,T_4,C_4_3,0.42,0.7,0,0,0,-8.467874976300301,0.483103058607687
40,T_8,C_8_2,0.0,0.0,0,0,1,-41.29920953399358,0.5444568260573464
5,T_6,C_6_2,0.95,0.79,1,1,,12.963510214737408,
47,T_6,C_6_2,0.92,0.75,1,0,1,2.5297719811232966,0.6355059214673697
16,T_6,C_6_4,0.81,0.71,1,1,1,18.33450146838175,0.6335430261437321
34,T_6,C_6_2,0.91,0.74,0,0,0,-24.81890986496009,0.6154820733830071
37,T_5,C_5_7,0.79,0.8,0,0,0,-15.054203224574326,0.5103503251479528
18,T_4,C_4_3,0.33,0.78,1,1,0,18.52903838033623,0.5269086110648016
27,T_6,C_6_5,0.0,0.77,1,1,,13.950663924603269,
22,T_7,C_7_8,0.72,0.6,0,0,1,-15.60448847017173,0.6146432470275284
6,T_5,C_5_7,0.56,0.88,1,1,,13.604510078449476,
24,T_5,C_5_5,0.29,0.63,1,0,1,2.3411495523746124,0.5663186999236576
17,T_5,C_5_7,0.48,0.78,0,0,0,-31.025452480184132,0.6168409610485317
28,T_6,C_6_2,0.65,0.64,0,0,1,-13.868930741053699,0.5852724608940978
26,T_6,C_6_2,0.55,0.66,0,0,1,-7.1918468174108945,0.569767396155325
9,T_5,C_5_1,0.8,1.05,0,0,1,-3.0148446869888152,0.6347936979434646
25,T_6,C_6_2,0.67,0.66,1,0,0,5.679077165399029,0.6143333526767212
48,T_6,C_6_2,0.73,0.75,1,1,,29.956935341954757,
41,T_4,C_4_1,0.61,0.71,1,0,1,0.02495270809077077,0.4888275737343529
43,T_7,C_7_8,0.89,0.57,0,0,1,-16.535828768030747,0.5972375754059287
10,T_6,C_6_2,0.63,0.68,1,0,0,9.75120010123453,0.5965664920832915
20,T_7,C_7_8,0.82,0.87,0,0,1,-28.564786967172537,0.6788851551965713
1,T_7,C_7_11,0.66,0.56,1,1,,35.97735347480958,
13,T_4,C_4_3,0.71,0.77,1,1,0,17.119037577292694,0.4368001758494064
14,T_6,C_6_2,0.98,0.73,0,0,0,-47.687073841574765,0.6435257632754299
2,T_6,C_6_2,0.65,0.87,0,0,0,-11.964251667348712,0.5573898834594937
0,T_8,C_8_4,0.0,0.0,0,0,1,-28.497728989162937,0.5403822369909037
33,T_5,C_5_1,0.74,0.77,1,1,,16.227255601997822,
44,T_5,C_5_1,0.83,0.87,0,0,0,-21.265412062626055,0.6432419601189301
11,T_6,C_6_4,0.82,0.78,0,0,1,-20.88825689021226,0.660259163783804
45,T_7,C_7_11,0.74,0.58,1,0,1,6.248955753465915,0.5635849419565068
30,T_6,C_6_4,0.53,0.87,0,0,1,-1.413400568373187,0.6393658245614537
38,T_5,C_5_1,0.74,0.69,1,0,1,4.195076443121084,0.5334203229042229
23,T_5,C_5_1,0.72,0.55,1,1,,19.671462308653144,
31,T_6,C_6_2,0.83,0.84,0,0,0,-25.75166445582131,0.6294651067541128
12,T_7,C_7_8,0.82,0.6,1,0,1,0.1015822607731316,0.531818726050158
7,T_7,C_7_11,0.7,0.6,0,0,0,-34.075601014649465,0.5195054888498298
42,T_8,C_8_4,0.0,0.0,0,0,0,-14.525529483891242,0.49908708246058836
39,T_5,C_5_1,0.78,0.79,0,0,1,-4.393455275970384,0.6078572612658771
37,T_5,C_5_1,0.76,0.77,1,0,0,5.212691972063894,0.5591657104851483
36,T_6,C_6_4,0.41,0.61,1,1,1,36.16908939879727,0.5414681955643473
21,T_4,C_4_4,0.5,0.78,1,1,,39.866871824779565,
17,T_5,C_5_1,0.9,0.77,1,1,,24.456471114497596,
29,T_7,C_7_11,0.68,0.7,0,0,0,-19.13343010053024,0.4877922977485567
18,T_4,C_4_4,0.48,0.6,0,0,1,-24.717356131824694,0.552168375118482
34,T_6,C_6_4,0.78,0.84,0,0,1,-62.620697077977866,0.660738645042986
32,T_5,C_5_1,0.81,0.59,0,0,0,-52.77990105807737,0.604917101125376
4,T_8,C_8_2,0.68,0.0,0,0,1,-58.41813844258341,0.4981272756197929
46,T_6,C_6_2,0.89,0.73,0,0,0,-57.31010717037303,0.6196997304844897
49,T_7,C_7_11,0.78,0.87,0,0,1,-29.010047000443475,0.5519273885132069
8,T_8,C_8_2,0.69,0.0,0,0,0,-50.455359500443464,0.5591512101698071
3,T_9,C_9_1,0.0,0.0,0,0,1,-11.864793283904767,0.5716718708037032
15,T_8,C_8_2,0.62,0.0,0,0,1,-11.10150483599547,0.6627223352284265
35,T_7,C_7_11,0.66,0.5,0,0,0,-23.97015172818012,0.5235967326080662
16,T_7,C_7_11,0.81,0.62,0,0,0,-14.42670263095884,0.5093568579014881
5,T_7,C_7_11,0.79,0.55,0,0,1,-34.3729543989928,0.638396570677597
47,T_7,C_7_11,0.85,0.67,0,0,1,-33.62967292798855,0.5915705605598494
40,T_9,C_9_1,0.0,0.0,0,0,1,-48.44472212684834,0.6643464358216264
25,T_6,C_6_4,0.5,0.6,0,0,1,-13.573959414983943,0.5589513711717083
19,T_8,C_8_2,0.66,0.0,0,0,1,-6.3733711039928655,0.44944662251397566
10,T_6,C_6_4,0.61,0.67,0,0,1,-29.380615840913325,0.5677983684982929
44,T_5,C_5_10,0.0,0.84,0,0,0,-3.5410948531119617,0.5598427482732933
13,T_4,C_4_1,0.59,0.82,0,0,0,-13.708080629645725,0.3937435589700961
28,T_7,C_7_8,0.6,0.34,1,0,1,7.331358395577259,0.5803870070531395
14,T_6,C_6_4,0.23,0.61,1,0,0,3.2321775678455795,0.5619142262509391
27,T_7,C_7_8,0.84,0.29,1,1,1,11.65251089030668,0.5363574709589362
7,T_7,C_7_8,0.65,0.47,0,0,0,-3.759295153263224,0.5779025814819749
2,T_6,C_6_4,0.64,0.92,1,1,,53.08856222736332,
6,T_6,C_6_2,0.78,0.66,1,1,0,47.56575520981948,0.6396508009260997
26,T_7,C_7_8,0.64,0.49,1,1,1,21.704702578240514,0.5851918189059633
48,T_7,C_7_11,0.66,0.72,1,0,0,5.798118036999552,0.5781588627928602
24,T_6,C_6_4,0.63,0.77,1,0,1,7.275342984441707,0.5920180975254129
41,T_5,C_5_5,0.66,0.79,0,0,0,-33.99303411848338,0.5520756610198336
29,T_7,C_7_8,0.68,0.56,0,0,0,-23.996530621979904,0.5850852018660728
37,T_5,C_5_5,0.37,0.8,0,0,0,-16.851630239343663,0.504828594167942
22,T_8,C_8_2,0.71,0.91,0,0,0,-33.93968055380906,0.4953721155723949
9,T_6,C_6_2,0.78,0.51,1,0,1,0.8245210915988439,0.6590480204257264
3,T_10,C_10_4,0.0,0.0,0,0,0,-19.204070261260284,0.4463932000878861
31,T_6,C_6_4,0.65,0.85,1,0,1,3.3579938949461203,0.614361268342206
32,T_5,C_5_7,0.57,0.7,1,0,1,6.431755191123159,0.513961318986796
16,T_7,C_7_8,0.68,0.62,0,0,0,-18.832749066625166,0.5546381193831922
35,T_7,C_7_8,0.59,0.61,1,0,1,5.144450476930136,0.5914830316693769
1,T_8,C_8_4,0.78,0.91,1,1,1,22.136105553425264,0.5137577124578482
30,T_7,C_7_8,0.94,0.88,1,1,1,19.858636846888405,0.5460159721450595
20,T_8,C_8_2,0.87,1.02,1,1,1,18.000964153332525,0.5642997082640244
40,T_10,C_10_4,0.0,0.0,0,0,0,-5.908232047732993,0.4819815628469749
11,T_7,C_7_8,0.83,0.64,1,0,1,0.5744085206700396,0.670560232884126
0,T_9,C_9_1,0.92,0.0,0,0,1,-37.235050640934645,0.5508611804785449
43,T_8,C_8_4,0.8,0.92,0,0,0,-17.249613747730777,0.5450112500429495
42,T_8,C_8_2,0.61,0.91,1,1,,18.470170797296447,
33,T_6,C_6_4,0.68,0.73,1,1,0,17.515779745259998,0.5875228366815397
46,T_6,C_6_4,0.57,0.61,1,1,,10.589699269074083,
36,T_7,C_7_8,0.68,0.57,1,1,1,19.548717106133218,0.5636903825776216
38,T_6,C_6_2,0.53,0.34,0,0,1,-17.970439234882313,0.53787553900504
3,T_10,C_10_1,0.0,0.0,0,0,0,-13.626938488434156,0.4862675486069553
44,T_5,C_5_2,0.0,0.9,0,0,1,-2.8548390409203614,0.5704113585904029
45,T_8,C_8_2,0.58,0.97,1,0,1,7.3530143462508315,0.5479399060344337
23,T_6,C_6_2,0.59,0.76,1,0,1,5.074718970129355,0.4968177879790846
21,T_5,C_5_1,0.82,0.37,1,0,0,1.0394697959569843,0.47116305461313446
48,T_7,C_7_8,0.47,0.77,1,1,,12.898478402161885,
7,T_7,C_7_2,0.0,0.58,0,0,0,-11.09807807166733,0.5106746550588612
34,T_7,C_7_8,0.64,0.75,0,0,1,-36.582305157643134,0.6115295767994271
8,T_8,C_8_4,0.34,0.95,0,0,0,-39.23956599728528,0.5047849519560796
12,T_8,C_8_2,0.63,0.88,0,0,1,-35.864479968379555,0.48761493492418695
39,T_6,C_6_2,0.61,0.54,0,0,0,-38.4392377857682,0.6974481134135099
17,T_6,C_6_4,1.0,0.75,0,0,1,-37.58779349415886,0.6275063723537132
18,T_5,C_5_1,0.59,0.74,0,0,0,-37.05031896010895,0.6661194405073525
40,T_10,C_10_1,0.0,0.0,0,0,1,-5.8150937042651245,0.5558741939328153
13,T_4,C_4_4,0.42,0.86,0,0,0,-0.6399563416277889,0.4487343147195904
29,T_7,C_7_2,0.0,0.61,0,0,0,-10.832950847122301,0.5154547453557538
14,T_6,C_6_5,0.0,0.76,1,0,0,6.729363209622879,0.5920184746695758
4,T_9,C_9_1,0.95,0.0,1,1,1,24.660137712707225,0.6181579814989178
37,T_5,C_5_2,0.0,0.76,1,1,,19.60500049167945,
41,T_5,C_5_7,0.56,0.7,1,1,,16.931712820446595,
16,T_7,C_7_2,0.0,0.65,1,1,,33.505000491679496,
49,T_8,C_8_2,0.73,1.01,0,0,1,-7.903860018573405,0.5924763107584583
3,T_10,C_10_2,0.0,0.0,1,1,,13.72870187898364,
25,T_7,C_7_8,0.48,0.61,1,1,0,21.283725802428606,0.6094094009589583
0,T_10,C_10_2,0.0,0.0,0,0,0,-23.007348847683986,0.4461594175790516
6,T_6,C_6_4,0.63,0.56,1,0,0,3.452350605867924,0.568092294312992
10,T_7,C_7_8,0.47,0.54,0,0,1,-15.835217700143017,0.5819652859628823
15,T_9,C_9_1,1.07,0.0,0,0,1,-34.88425861847419,0.7486320447527608
19,T_9,C_9_1,0.89,0.0,1,0,1,5.6361286965403,0.5507991734596858
47,T_8,C_8_2,0.54,1.0,1,1,0,11.745461353782547,0.5904549540961963
2,T_7,C_7_8,0.93,0.88,0,0,1,-11.31894231662291,0.5633940139198916
5,T_8,C_8_2,0.68,1.02,0,0,0,-36.97040589729002,0.5799781812581912
24,T_7,C_7_8,0.66,0.83,0,0,1,-23.65621476191891,0.6200344352215112
28,T_8,C_8_2,0.45,0.89,0,0,0,-15.80760647950206,0.4481844870229903
27,T_8,C_8_2,0.47,0.87,0,0,1,-38.3668768647463,0.4352744598194372
22,T_8,C_8_4,0.3,0.92,1,1,,36.4515802577346,
7,T_7,C_7_3,0.0,0.63,1,1,,14.697308683022886,
26,T_8,C_8_4,0.49,0.92,1,0,0,2.918404017708479,0.46319210439695835
9,T_7,C_7_11,0.48,0.57,1,0,1,4.982636607296044,0.5834050311611114
33,T_6,C_6_2,0.36,0.68,1,1,,26.668234984578007,
21,T_5,C_5_2,0.64,0.34,1,0,0,7.132061894652375,0.4724109432596342
31,T_7,C_7_8,1.13,0.72,0,0,1,-7.8415931498444476,0.6298615420682674
43,T_8,C_8_2,0.33,0.95,1,1,,13.991603466758646,
29,T_7,C_7_3,0.0,0.66,1,1,,41.43838551302892,
32,T_6,C_6_2,0.6,0.93,1,1,1,44.60572694352825,0.5912746708082606
0,T_10,C_10_1,0.33,0.0,1,1,,19.042973907091046,
4,T_10,C_10_1,0.48,0.0,1,1,0,21.737305890896714,0.5190931058622678
18,T_5,C_5_2,0.76,0.7,1,1,,10.06026132010831,
35,T_8,C_8_4,0.66,0.94,0,0,1,-10.714671294446937,0.5604214693542245
20,T_9,C_9_1,1.04,0.4,1,0,0,7.666730322803747,0.715195558351464
1,T_9,C_9_1,0.94,0.44,0,0,0,-7.53789288100685,0.5800752515191088
46,T_7,C_7_8,0.71,0.48,1,0,0,0.5476845151928282,0.5842060400143295
30,T_8,C_8_2,1.01,0.98,1,1,1,49.65351662088544,0.5010263054287077
38,T_7,C_7_8,0.34,0.58,1,1,1,20.820760976585632,0.5377490278799562
25,T_7,C_7_11,0.28,0.76,1,0,1,7.54504440318296,0.483334836484026
39,T_6,C_6_4,0.49,0.6,1,1,,25.04169319674867,
23,T_7,C_7_8,0.74,0.51,1,0,0,2.2943741618960862,0.5342221646649643
11,T_8,C_8_2,0.6,1.03,0,0,0,-6.736456937299611,0.5587226485844816
42,T_9,C_9_1,0.96,0.36,1,0,1,1.3540256364269485,0.5792729758688446
13,T_4,C_4_5,0.0,0.86,1,1,,23.51689426913469,
36,T_8,C_8_2,0.67,0.91,1,0,0,1.2781931994421658,0.4228634167128963
15,T_10,C_10_1,0.46,0.0,0,0,1,-38.08803303615434,0.6169645122700094
19,T_10,C_10_1,0.33,0.0,0,0,0,-28.26206248729224,0.5210695318690957
14,T_6,C_6_9,0.0,0.7,0,0,0,-28.977591269086105,0.5456126760864002
8,T_8,C_8_5,0.0,0.98,1,0,1,6.199947425267674,0.5137744563088487
44,T_6,C_6_4,0.92,0.86,0,0,1,-3.2314907018226036,0.6400394586242516
45,T_9,C_9_1,0.99,0.38,0,0,0,-0.5855259887862738,0.6267560387205398
17,T_7,C_7_11,0.75,0.79,0,0,1,-10.752579082739217,0.5841101959713296
4,T_10,C_10_3,0.0,0.0,1,0,0,8.402294081479763,0.42954079875274664
48,T_8,C_8_2,0.81,0.96,1,1,1,24.266019876424483,0.5304316903174232
12,T_9,C_9_1,0.91,0.25,0,0,1,-14.668072629690691,0.5256574348899442
34,T_8,C_8_2,0.87,0.82,1,1,0,31.03449254464344,0.5709868548849854
6,T_6,C_6_9,0.0,0.42,1,1,,23.8573501583109,
37,T_6,C_6_4,0.71,0.99,0,0,0,-27.692212223487566,0.5374179428978165
21,T_5,C_5_7,0.6,0.34,1,1,,21.236121492656057,
16,T_8,C_8_2,0.74,0.78,1,1,0,12.615118093839929,0.5265447924049376
41,T_6,C_6_2,0.65,0.93,1,0,1,8.65954780206272,0.5824166017267207
20,T_9,C_9_17,0.0,0.25,0,0,1,-0.42997474435638416,0.6444118829165523
1,T_9,C_9_17,0.0,0.36,1,1,,26.01373742998924,
47,T_8,C_8_4,0.44,0.6,1,1,,30.815592963455114,
49,T_9,C_9_1,0.85,0.4,0,0,1,-25.191067295740247,0.630336597647484
46,T_7,C_7_11,0.45,0.39,0,0,1,-6.059941467925677,0.5231105949319278
19,T_10,C_10_3,0.0,0.0,1,0,0,7.857461593947284,0.388795827846791
5,T_8,C_8_4,0.65,0.8,0,0,0,-16.717691403918547,0.5746147770122532
28,T_8,C_8_4,0.42,0.68,0,0,1,-5.095535576463694,0.4482660985401506
42,T_10,C_10_1,0.27,0.0,0,0,1,-12.286168821846246,0.5402393106002144
4,T_10,C_10_5,0.0,0.0,1,1,,14.141936225088845,
23,T_7,C_7_11,0.49,0.61,0,0,1,-6.042765127914888,0.43828349312963816
26,T_8,C_8_2,0.2,0.65,0,0,1,-27.891924638570554,0.501752247124078
10,T_8,C_8_2,0.46,0.74,1,1,0,10.003529906883994,0.4938068513198346
33,T_7,C_7_8,0.7,0.72,1,1,0,19.587835592201834,0.5911736734105955
22,T_9,C_9_1,0.93,0.42,0,0,1,-3.398560349273996,0.5904520899334981
24,T_8,C_8_2,0.94,0.52,1,0,1,4.501636630371426,0.4947663542901719
2,T_8,C_8_2,1.18,0.73,1,1,0,21.17662021540099,0.4281077395646353
27,T_9,C_9_1,0.48,0.15,0,0,0,-24.725905018846245,0.4731336219261589
45,T_9,C_9_17,0.0,0.49,0,0,1,-16.53036696110347,0.6406108493324327
32,T_7,C_7_8,0.95,0.79,0,0,1,-15.475905018846255,0.5913269693655054
7,T_8,C_8_2,0.43,0.74,0,0,0,-22.901057551009245,0.5183675049614511
12,T_10,C_10_1,0.34,0.0,0,0,1,-20.018434600189547,0.47777194680301927
43,T_9,C_9_1,0.77,0.46,1,0,0,9.1743419787663,0.5936970137689742
9,T_8,C_8_4,0.53,0.74,0,0,0,-8.33580864336864,0.5548347957936204
31,T_8,C_8_2,0.73,0.98,0,0,1,-0.39802213387288177,0.522343304422314
19,T_10,C_10_5,0.0,0.0,0,0,0,-0.01229849274648842,0.38901399617353455
18,T_6,C_6_2,0.83,0.63,0,0,1,-21.456918431265144,0.6034148392759606
29,T_8,C_8_2,0.58,0.75,0,0,0,-21.00724522865078,0.46697961685309963
20,T_10,C_10_1,0.5,0.0,0,0,1,-25.681101437801075,0.6030614771614082
1,T_10,C_10_1,0.76,0.0,0,0,1,-19.365056561326632,0.53729176018276
14,T_6,C_6_8,0.0,0.8,0,0,0,-30.89302476931403,0.5183654792525265
49,T_10,C_10_1,0.71,0.0,0,0,1,-21.654929531218748,0.546004580061807
35,T_9,C_9_1,0.96,0.74,0,0,0,-10.607239310602118,0.5283659112192242
39,T_7,C_7_8,0.65,0.76,0,0,1,-3.772106781605122,0.6539952612125455
11,T_8,C_8_4,0.56,0.88,0,0,0,-22.566511466055356,0.5658883629037063
30,T_9,C_9_17,0.8,0.22,1,0,1,0.7614000498848092,0.5520753992890152
36,T_8,C_8_4,0.5,0.8,0,0,0,-10.990800490120026,0.44147586356539925
38,T_8,C_8_4,0.45,0.76,1,0,0,1.9424360184246359,0.44412570733815876
25,T_8,C_8_4,0.69,0.8,1,1,0,17.187580611007522,0.5458075660816668
37,T_6,C_6_2,0.6,0.88,1,1,,12.395616903943345,
44,T_7,C_7_11,0.87,0.77,1,1,1,18.469636208910813,0.5412164897159981
13,T_5,C_5_7,0.86,0.71,0,0,0,-2.5489969382964714,0.4676131592197112
33,T_7,C_7_11,0.52,0.72,1,0,1,1.3940451329009464,0.5206368390127537
22,T_10,C_10_1,0.51,0.0,0,0,1,-34.00207137195341,0.5365151205009386
19,T_10,C_10_2,0.0,0.0,1,0,1,6.901040531821642,0.48866473881641004
27,T_9,C_9_17,0.7,0.68,1,1,,24.070648021016062,
34,T_8,C_8_5,0.74,0.88,1,1,,40.13007954556387,
45,T_10,C_10_1,0.96,0.0,1,0,0,2.862697890057481,0.5206060607509547
6,T_7,C_7_11,0.65,0.75,1,1,1,39.952200604227286,0.5419117337147047
43,T_9,C_9_17,0.79,0.69,1,0,0,7.678474225502571,0.630405571131407
16,T_8,C_8_5,0.64,0.83,1,1,,54.05452515121336,
8,T_9,C_9_17,0.83,0.67,1,1,1,17.654653934213993,0.6075779635569101
48,T_9,C_9_17,0.89,0.77,1,1,1,10.825484087336497,0.6600904954444038
17,T_8,C_8_5,0.8,0.91,0,0,0,-5.744013982161572,0.5871402302380215
41,T_7,C_7_8,0.9,0.71,0,0,1,-0.7608822163189082,0.5800377870351522
21,T_6,C_6_4,0.42,0.66,1,0,0,4.316032114170593,0.5475014776670213
35,T_9,C_9_17,0.78,0.88,0,0,1,-23.055520574107543,0.598010795711899
5,T_8,C_8_5,0.72,0.93,0,0,1,-39.070264163851135,0.5413531672192105
47,T_9,C_9_17,0.88,0.8,0,0,1,-43.905658631065215,0.6434339457702949
30,T_10,C_10_2,0.64,0.0,0,0,1,-40.84466970284347,0.5054366777279229
2,T_8,C_8_5,0.62,0.82,0,0,0,-19.668838500797456,0.48492181592582256
10,T_8,C_8_5,0.68,0.85,0,0,0,-24.071651800030196,0.5043456146229144
45,T_10,C_10_2,0.33,0.0,0,0,1,-6.768900557096231,0.5486166691479926
7,T_8,C_8_5,0.7,0.76,0,0,0,-6.757766951382624,0.47507914461168577
26,T_9,C_9_17,0.79,0.83,0,0,0,-5.0002685467878685,0.6058566965741669
46,T_8,C_8_5,0.71,0.82,0,0,0,-4.027071354701057,0.48689810426578717
28,T_9,C_9_17,0.77,0.68,0,0,1,-2.2651424446558757,0.6128674304744901
9,T_8,C_8_5,0.75,0.8,0,0,1,-48.3958354962551,0.517421098606775
24,T_9,C_9_17,0.88,0.61,0,0,1,-7.2648165097612,0.5639204455543116
27,T_10,C_10_1,0.64,0.0,0,0,1,-0.709158828946105,0.5134413911466837
14,T_6,C_6_3,0.0,0.84,0,0,0,-19.99878327197605,0.48733779163075924
23,T_8,C_8_5,0.61,0.62,1,1,0,21.047445852275054,0.38728100532662446
13,T_5,C_5_2,0.42,0.72,1,0,1,5.753095742518971,0.44826345981558113
29,T_8,C_8_5,0.69,0.97,0,0,0,-6.201286037317356,0.4688511394665835
43,T_9,C_9_3,0.0,0.66,0,0,1,-1.4374765135078036,0.5351120347106493
32,T_8,C_8_2,0.7,0.82,0,0,0,-9.806692934424753,0.44797749624293665
8,T_10,C_10_1,0.81,0.0,0,0,1,-21.573190396353652,0.5890493484133263
48,T_10,C_10_1,0.35,0.0,0,0,0,-10.51140251990526,0.4786147021819973
18,T_7,C_7_11,0.67,0.7,0,0,1,-21.605192127002894,0.5616241560829862
31,T_9,C_9_1,0.7,0.87,1,1,0,17.00972060080818,0.6042606517666056
36,T_8,C_8_5,0.63,0.86,1,1,,32.244863987309216,
35,T_10,C_10_1,0.83,0.0,1,0,0,5.539427830545673,0.4831918831805435
37,T_7,C_7_11,1.02,0.6,0,0,0,-7.075081550113282,0.47504569868282787
11,T_8,C_8_5,0.77,0.64,0,0,1,-14.00248054001225,0.577788479767665
38,T_8,C_8_5,0.6,0.76,1,0,0,6.366837641805901,0.4357339797521792
47,T_10,C_10_1,0.69,0.0,0,0,0,-20.56103453421293,0.5528506253028079
25,T_8,C_8_5,0.63,0.81,0,0,0,-1.6481007802697292,0.48942219984757385
26,T_9,C_9_1,0.52,0.87,1,1,,23.96828252675083,
28,T_10,C_10_1,0.7,0.0,0,0,0,-12.314822026145452,0.4919762533270001
24,T_10,C_10_2,0.89,0.0,1,1,0,14.924839258600151,0.553035458010655
39,T_8,C_8_5,0.76,1.06,1,1,0,45.08105004906438,0.5778636397718085
48,T_10,C_10_2,0.56,0.0,1,1,,35.196482922339186,
21,T_6,C_6_2,0.28,0.66,1,1,,43.32323419103493,
35,T_10,C_10_2,0.36,0.0,1,1,,19.805796263090482,
43,T_10,C_10_1,0.62,0.0,1,1,0,10.024331015751725,0.5326109611838249
44,T_8,C_8_5,0.77,0.89,1,1,1,36.921671774354934,0.5880602571015984
33,T_8,C_8_5,0.72,0.84,1,0,1,6.871673770283243,0.5089016393375208
47,T_10,C_10_2,0.65,0.0,1,1,,11.427100698242922,
17,T_8,C_8_2,0.47,1.0,1,1,,32.23563289682977,
34,T_9,C_9_3,0.85,0.67,1,1,0,31.974541397369002,0.5772996704704385
31,T_9,C_9_3,0.85,0.8,1,1,,20.933987753802743,
24,T_10,C_10_1,0.71,0.0,1,1,,12.253833803058896,
28,T_10,C_10_2,0.29,0.0,1,0,0,8.319295149692307,0.47027195501312596
16,T_9,C_9_3,0.82,0.5,1,1,1,44.40568004415398,0.546943280112899
6,T_8,C_8_5,0.66,0.99,1,1,0,32.65365512203557,0.4987979834951729
2,T_8,C_8_4,0.06,0.77,1,1,,33.256147333873585,
37,T_7,C_7_8,0.8,0.44,1,0,1,8.70179546801231,0.602357225283183
14,T_6,C_6_6,0.0,0.9,1,1,,16.52558127125016,
43,T_10,C_10_2,0.36,0.0,1,0,0,6.377386999768259,0.46226205510162266
10,T_8,C_8_4,0.15,0.79,1,0,1,5.688892702170776,0.4985773966301672
26,T_10,C_10_1,0.55,0.0,0,0,0,-21.769725841699767,0.5059964931552823
7,T_8,C_8_4,0.03,0.84,1,0,1,1.420691084249178,0.5050763734310252
41,T_8,C_8_5,0.58,0.78,0,0,1,-39.77562509465716,0.47318338382631164
46,T_8,C_8_4,0.29,0.95,0,0,0,-0.11477923075107554,0.5668148757003617
5,T_9,C_9_17,0.93,0.43,0,0,1,-8.51875685660563,0.6769196328421072
28,T_10,C_10_5,0.0,0.0,0,0,1,-13.929849647112526,0.42400995727203233
29,T_8,C_8_3,0.0,0.87,1,1,,23.545754642872694,
23,T_8,C_8_4,0.33,0.57,0,0,0,-10.070755916510446,0.3705064047561931
9,T_9,C_9_17,0.96,0.56,0,0,1,-13.003903146890652,0.6281294454752704
32,T_8,C_8_5,0.39,0.73,0,0,0,-10.259947784212434,0.48344722198457346
31,T_10,C_10_1,0.76,0.0,0,0,0,-26.188652061955736,0.5653095299515838
34,T_9,C_9_17,0.76,0.52,0,0,1,-7.27234704025704,0.6059807048673416
43,T_10,C_10_5,0.0,0.0,0,0,1,-17.547365535192014,0.37623421416480896
13,T_6,C_6_4,0.72,0.84,0,0,0,-7.81609618534686,0.5744057559494912
26,T_10,C_10_2,0.11,0.0,0,0,0,-18.063276852108775,0.46612266936743085
16,T_10,C_10_2,0.42,0.0,1,0,1,3.2323323006432645,0.4061067446328195
38,T_8,C_8_2,0.04,0.76,0,0,0,-3.5664070301524973,0.44257400067888514
25,T_8,C_8_2,0.38,0.81,0,0,0,-8.373316345389991,0.46406753729148303
36,T_9,C_9_17,0.88,0.52,1,0,1,2.8603934580529113,0.569870909727572
31,T_10,C_10_5,0.44,0.0,1,1,,19.176118353846803,
18,T_8,C_8_2,0.54,1.06,1,1,1,25.29181066153906,0.4820477977256066
11,T_9,C_9_17,0.66,0.72,0,0,0,-12.09577341484066,0.6852656100884915
39,T_8,C_8_2,0.43,1.07,1,1,,22.1831042922792,
5,T_10,C_10_5,0.89,0.0,1,0,0,7.186097868477223,0.5036869401698159
21,T_7,C_7_8,0.64,0.63,1,1,1,26.179345259514648,0.5060241034169214
26,T_10,C_10_5,0.72,0.0,0,0,0,-14.820271159863971,0.4059691826184544
9,T_10,C_10_5,0.87,0.0,0,0,0,-42.632585989314634,0.5090068865874182
34,T_10,C_10_5,0.63,0.0,0,0,0,-8.696887447578902,0.4370339862018633
5,T_10,C_10_2,0.39,0.0,1,1,,23.535150490855255,
26,T_10,C_10_3,0.0,0.0,1,0,1,3.6235999792943456,0.3827124985073133
36,T_10,C_10_1,0.47,0.0,1,1,0,32.833055326333586,0.4905627956569295
9,T_10,C_10_1,0.51,0.0,1,1,,30.47918101272774,
44,T_9,C_9_17,0.8,0.58,1,1,1,39.80865020125732,0.6805289403747179
17,T_9,C_9_17,1.06,0.68,1,1,1,37.74231699689416,0.6439996330907767
34,T_10,C_10_2,0.56,0.0,1,1,,27.091707240796616,
33,T_9,C_9_17,0.86,0.47,1,1,1,36.12103580223353,0.6275610260160821
14,T_7,C_7_11,0.9,0.53,1,1,1,36.46853650908928,0.5464224965316771
6,T_8,C_8_2,0.25,1.11,1,1,,39.68012187494291,
11,T_9,C_9_3,0.48,0.7,1,1,,14.136149951220037,
36,T_10,C_10_2,0.44,0.0,1,1,,14.591565420086138,
2,T_9,C_9_17,0.68,0.44,1,1,0,22.00873959791805,0.5393820371181234
46,T_8,C_8_2,0.38,1.05,0,0,0,-10.017480967978841,0.5113021219078377
37,T_8,C_8_5,0.59,0.63,0,0,0,-11.227336247085539,0.47511122070053363
13,T_6,C_6_2,0.65,0.83,0,0,1,-9.237664315129297,0.5215842123476162
10,T_9,C_9_1,0.76,0.53,0,0,1,-17.72065337952781,0.5526268213350085
23,T_8,C_8_2,0.08,0.55,0,0,1,-4.136813768349228,0.39170458778441586
7,T_9,C_9_17,0.92,0.44,1,0,1,1.9997853429625891,0.5825279709562233
32,T_8,C_8_4,0.2,0.7,1,1,,11.372634078723749,
17,T_10,C_10_1,0.6,0.0,1,0,0,3.1312756796940686,0.564893187051426
44,T_10,C_10_1,0.58,0.0,0,0,1,-17.16340171891298,0.5631527883895092
41,T_9,C_9_1,0.69,0.44,0,0,1,-16.516128991640272,0.5899977398490679
33,T_10,C_10_5,0.47,0.0,0,0,1,-13.179139839060552,0.4410333489344774
29,T_9,C_9_17,0.94,0.47,0,0,1,-20.242074402161975,0.5609689653711849
25,T_8,C_8_3,0.0,0.71,0,0,0,-4.5263484273769645,0.454046375225048
11,T_10,C_10_1,0.68,0.0,0,0,1,-19.623430334365324,0.5955842504167808
38,T_8,C_8_3,0.0,0.88,0,0,0,-10.364218965791983,0.39867134188834796
17,T_10,C_10_2,0.44,0.0,1,1,,17.679443175008082,
2,T_9,C_9_1,0.44,0.44,1,0,0,0.521871856552762,0.5211244405279303
10,T_10,C_10_2,0.53,0.0,0,0,1,-17.762346293687308,0.4586123512578114
7,T_10,C_10_2,0.44,0.0,0,0,0,-0.6400696908796171,0.4694003947537905
39,T_9,C_9_1,1.13,0.53,0,0,1,-6.878465399363918,0.6694355912849009
18,T_9,C_9_17,1.01,0.51,0,0,1,-0.9302414378949386,0.6086033480514521
41,T_10,C_10_1,0.5,0.0,0,0,0,-10.507370825828335,0.5259813721542843
29,T_10,C_10_2,0.47,0.0,1,1,1,15.86989850907862,0.4953493321897296
7,T_10,C_10_3,0.43,0.0,1,1,,17.994297547540178,
21,T_8,C_8_2,0.65,0.98,1,1,1,23.49320341973543,0.41823278684843695
41,T_10,C_10_3,0.44,0.0,1,0,0,6.613779304558495,0.4061009767455185
41,T_10,C_10_5,0.36,0.0,0,0,0,-7.827642240965517,0.38424096471245944
2,T_9,C_9_3,0.4,0.47,1,0,0,3.334633208136271,0.508180304344747
37,T_8,C_8_4,0.23,0.63,1,1,,18.940587547213923,
46,T_8,C_8_3,0.0,1.03,1,1,,23.10515965972142,
41,T_10,C_10_2,0.25,0.0,1,1,,15.669492394610721,
39,T_10,C_10_2,0.58,0.0,1,0,1,6.992652179170886,0.5395539161903888
18,T_10,C_10_1,0.43,0.0,1,1,1,17.865185745009732,0.5184885954910625
13,T_7,C_7_8,0.83,0.5,1,0,1,8.020090051229804,0.5361233817055325
6,T_9,C_9_17,1.14,0.67,1,1,1,16.783247945966664,0.6108774543792648
14,T_8,C_8_5,0.53,0.88,1,1,0,15.7031044052968,0.49059005288104257
2,T_9,C_9_12,0.0,0.48,1,0,0,4.062728999861122,0.5129693220537399
23,T_9,C_9_17,0.49,0.48,1,1,0,24.89208425266365,0.5427837315387154
25,T_8,C_8_6,0.0,0.69,1,1,,29.319079408013177,
38,T_8,C_8_6,0.0,0.8,1,1,,23.24046118287915,
32,T_9,C_9_1,0.72,0.63,1,1,1,15.154100253754693,0.5827137576376146
6,T_10,C_10_5,0.67,0.0,0,0,1,-7.340720926653116,0.4539844363255156
2,T_9,C_9_15,0.0,0.48,1,0,1,5.74568172482982,0.5302750994940704
23,T_9,C_9_3,0.43,0.48,0,0,0,-8.166829301037394,0.4749195537327103
32,T_10,C_10_1,0.63,0.0,0,0,0,-32.73638934859979,0.5047845459698861
32,T_10,C_10_2,0.37,0.0,1,1,,11.777463510875464,
2,T_10,C_10_2,0.45,0.0,1,0,0,9.618318617763837,0.48454881619498236
21,T_9,C_9_17,1.02,0.69,0,0,0,-0.9150828497044898,0.49382163419572395
2,T_10,C_10_1,0.42,0.0,1,0,0,9.84100023634895,0.46737425979716196
23,T_9,C_9_15,0.68,0.48,1,1,,26.49916047373764,
2,T_10,C_10_3,0.16,0.0,1,1,,29.126076045179225,
14,T_8,C_8_2,0.47,0.89,1,1,,41.75203929354909,
37,T_9,C_9_15,0.75,0.51,1,1,0,35.41416140380397,0.5057454797075076
46,T_9,C_9_17,1.07,0.58,1,1,0,34.45091303391663,0.5830486562621447
21,T_9,C_9_1,0.91,0.69,1,1,,27.78047742823488,
23,T_10,C_10_3,0.48,0.0,1,1,0,39.231039891230736,0.31353329279982056
13,T_8,C_8_2,0.5,0.6,1,1,0,26.2020286419708,0.4508329548006677
23,T_10,C_10_1,0.36,0.0,1,1,,39.35384285226296,
25,T_9,C_9_17,0.62,0.3,1,1,1,36.55456088962751,0.5765684575714353
38,T_9,C_9_17,0.74,0.5,1,1,0,36.63498667318752,0.5819778120368861
37,T_9,C_9_17,0.51,0.51,1,1,,35.658641315411046,
46,T_9,C_9_1,0.74,0.58,1,1,,11.668162239004621,
21,T_10,C_10_2,0.69,0.0,1,0,0,4.258941752478968,0.43444545262221673
21,T_10,C_10_1,0.12,0.0,1,0,1,6.962955292501739,0.42877692378508414
25,T_10,C_10_1,0.3,0.0,1,1,0,10.099909247637521,0.4471475488336633
38,T_9,C_9_1,0.56,0.46,1,0,1,1.4773475776100184,0.5001458250604789
25,T_10,C_10_3,0.26,0.0,1,1,,17.81548485706682,
37,T_10,C_10_5,0.51,0.0,1,1,0,18.27715938536869,0.39021814848231096
46,T_10,C_10_5,0.58,0.0,1,1,0,10.559588630651739,0.47305570456717116
37,T_10,C_10_1,0.36,0.0,1,1,,23.830905986792093,
46,T_10,C_10_1,0.3,0.0,1,1,,11.62844572990991,
38,T_10,C_10_2,0.46,0.0,1,1,0,13.987480456219483,0.4084235344158388
38,T_10,C_10_5,0.42,0.0,1,1,,14.151517779212249,
13,T_8,C_8_5,0.3,0.61,1,1,,12.569164838035743,
14,T_9,C_9_1,0.91,0.68,1,1,0,17.876223661565188,0.5955471196297033
14,T_9,C_9_17,0.75,0.68,1,1,,18.510541536863453,
14,T_10,C_10_1,0.68,0.0,1,1,0,16.98731990253073,0.5234920169152195
14,T_10,C_10_3,0.34,0.0,1,1,,18.33036550161497,
13,T_9,C_9_1,0.72,0.6,1,1,0,10.903808509840545,0.5466130494318091
13,T_9,C_9_17,0.52,0.6,1,1,,11.698844987253388,
13,T_10,C_10_2,0.6,0.0,1,0,0,9.798668827535264,0.4390296478827598
13,T_10,C_10_1,0.37,0.0,1,1,,10.711845036875859,
