student_number,topic,arm_pulled,pay-off,pay-off_next_topic,actual_decision,skip_decision,reward,confidence_score
0,T_1,C_1_2,0.57,0.6,0,0,1,-10.0
1,T_1,C_1_12,0.57,0.61,0,0,1,-10.0
2,T_1,C_1_13,0.52,0.56,0,0,1,-10.0
29,T_1,C_1_13,0.53,0.59,0,0,0,-10.0
27,T_1,C_1_13,0.55,0.58,0,0,1,-10.0
18,T_1,C_1_13,0.57,0.63,0,0,1,-10.0
12,T_1,C_1_2,0.52,0.52,0,0,0,-10.0
7,T_1,C_1_13,0.54,0.57,0,0,1,-10.0
22,T_1,C_1_13,0.52,0.61,0,0,1,-10.0
9,T_1,C_1_12,0.57,0.65,0,0,0,-10.0
17,T_1,C_1_12,0.63,0.69,0,0,0,-10.0
16,T_1,C_1_2,0.57,0.61,1,0,0,27.035856573705182
30,T_1,C_1_13,0.61,0.61,1,0,1,30.88247011952192
31,T_1,C_1_13,0.57,0.62,1,0,1,27.158366533864545
42,T_1,C_1_13,0.61,0.58,1,0,1,28.932270916334666
11,T_1,C_1_2,0.6,0.65,0,0,1,-18.470686408594467
13,T_1,C_1_13,0.49,0.52,0,0,0,-7.292576955858151
32,T_1,C_1_13,0.52,0.58,0,0,0,-5.482626707101931
23,T_1,C_1_13,0.48,0.56,0,0,1,-12.212974965808403
48,T_1,C_1_13,0.61,0.65,0,0,1,-1.3628528131521982
40,T_1,C_1_3,0.56,0.64,0,0,1,-7.974184821104485
39,T_1,C_1_13,0.62,0.65,0,0,0,-0.12740282650491608
3,T_1,C_1_13,0.5,0.53,0,0,0,-5.775377664046831
33,T_1,C_1_13,0.58,0.6,0,0,1,-4.216955065310889
8,T_1,C_1_12,0.56,0.63,0,0,0,-6.047743469215817
46,T_1,C_1_13,0.57,0.6,0,0,0,-7.564642077565718
15,T_1,C_1_2,0.67,0.73,0,0,0,-0.4751788568897677
35,T_1,C_1_2,0.56,0.58,1,0,0,24.291936425596045
43,T_1,C_1_12,0.53,0.59,1,0,1,24.17872887842623
36,T_1,C_1_13,0.59,0.6,1,0,1,15.142979126688399
25,T_1,C_1_3,0.53,0.58,1,0,0,27.347547150521564
21,T_1,C_1_13,0.54,0.54,1,0,0,24.402164826787708
20,T_1,C_1_13,0.61,0.67,1,0,1,39.00792450901214
24,T_1,C_1_13,0.55,0.62,1,0,1,29.469692135625834
49,T_1,C_1_12,0.6,0.65,1,0,1,35.556087368992266
4,T_1,C_1_13,0.57,0.59,1,0,1,29.360456783093557
38,T_1,C_1_13,0.55,0.55,1,0,0,22.030764628177973
14,T_1,C_1_13,0.54,0.64,1,0,1,32.42599799461293
6,T_1,C_1_13,0.57,0.6,1,0,0,31.718947349131298
34,T_1,C_1_2,0.59,0.6,0,0,1,-10.579444069667272
28,T_1,C_1_13,0.54,0.57,1,0,1,23.50643493602306
45,T_1,C_1_13,0.61,0.65,0,0,0,-11.838372641095843
19,T_1,C_1_11,0.53,0.55,0,0,0,-15.783809149032347
41,T_1,C_1_13,0.53,0.56,0,0,1,-10.104245656968857
37,T_1,C_1_13,0.52,0.6,0,0,0,-14.941585589638326
26,T_1,C_1_13,0.51,0.58,1,0,0,30.469267230034127
5,T_1,C_1_2,0.65,0.67,1,0,1,40.362336536964825
10,T_1,C_1_13,0.58,0.57,1,0,1,27.009861289440067
44,T_1,C_1_13,0.58,0.65,1,0,1,38.87223752706383
47,T_1,C_1_2,0.59,0.64,1,0,1,40.40739926282198
29,T_1,C_1_3,0.49,0.59,0,0,0,-12.35404495313195
12,T_1,C_1_13,0.48,0.52,0,0,0,-6.570472844935673
9,T_1,C_1_3,0.57,0.65,1,0,1,57.500121700183406
16,T_1,C_1_13,0.56,0.61,1,0,1,10.239628414658439
17,T_1,C_1_3,0.62,0.69,0,0,0,-3.958852117155417
13,T_1,C_1_12,0.47,0.52,0,0,1,-18.865244083003432
32,T_1,C_1_2,0.49,0.58,1,0,1,6.96137354157276
39,T_1,C_1_2,0.59,0.65,0,0,1,-27.513557771948058
0,T_2,C_2_10,0.6,0.63,0,0,1,-34.27136288074654
3,T_1,C_1_2,0.49,0.53,0,0,1,-24.774674139024683
8,T_1,C_1_3,0.54,0.63,0,0,1,-21.82103175491872
1,T_2,C_2_5,0.61,0.67,0,0,1,-26.068903088882763
2,T_2,C_2_14,0.56,0.67,0,0,1,-24.141750771001973
46,T_1,C_1_3,0.55,0.6,0,0,1,-26.753899823632807
35,T_1,C_1_13,0.54,0.58,0,0,1,-30.81338990861864
15,T_1,C_1_13,0.65,0.73,0,0,1,-25.579575175782473
27,T_2,C_2_15,0.58,0.61,0,0,0,-31.96034803157888
18,T_2,C_2_5,0.63,0.68,0,0,1,-22.99710580726221
25,T_1,C_1_13,0.52,0.58,0,0,0,-12.70612953808572
7,T_2,C_2_10,0.57,0.62,1,0,0,12.819515176814106
21,T_1,C_1_2,0.48,0.54,0,0,0,-23.851104783942535
22,T_2,C_2_5,0.61,0.65,1,0,1,7.562445455526608
42,T_2,C_2_5,0.58,0.65,1,0,1,1.3372362898289123
30,T_2,C_2_15,0.61,0.66,0,0,0,-1.8091209446536611
38,T_1,C_1_14,0.49,0.55,0,0,0,-21.64177228877341
31,T_2,C_2_14,0.62,0.71,0,0,1,-43.17774428109511
6,T_1,C_1_14,0.54,0.6,1,0,0,2.88597827405491
45,T_1,C_1_2,0.59,0.65,1,0,1,25.056848309999637
37,T_1,C_1_12,0.51,0.6,1,0,1,4.686508550338543
11,T_2,C_2_5,0.65,0.72,1,0,1,2.852603962004568
23,T_2,C_2_5,0.56,0.57,1,0,1,7.660403404901503
19,T_1,C_1_13,0.53,0.55,0,0,0,-25.570662584421548
40,T_2,C_2_14,0.64,0.75,0,0,0,-41.78487436231661
48,T_2,C_2_7,0.65,0.66,0,0,0,-43.28109685914154
26,T_1,C_1_2,0.51,0.58,0,0,1,-39.55980056284525
33,T_2,C_2_10,0.6,0.63,0,0,1,-42.342543736175834
29,T_1,C_1_12,0.49,0.59,1,0,1,43.86191199916126
43,T_2,C_2_10,0.59,0.65,1,0,1,5.165975290946276
12,T_1,C_1_12,0.47,0.52,0,0,0,-30.441597907089065
20,T_2,C_2_5,0.67,0.73,0,0,1,-31.562113086481904
36,T_2,C_2_15,0.6,0.63,0,0,1,-23.379960372590446
49,T_2,C_2_14,0.65,0.72,0,0,1,-38.49261430031899
17,T_1,C_1_13,0.62,0.69,0,0,0,-35.55219266878828
4,T_2,C_2_7,0.59,0.7,0,0,1,-39.23909147117745
24,T_2,C_2_5,0.62,0.67,0,0,1,-34.16857865066464
0,T_3,C_3_5,0.63,0.59,0,0,1,-52.47535520744119
14,T_2,C_2_5,0.64,0.69,0,0,0,-3.0573957652365698
27,T_2,C_2_5,0.55,0.61,1,0,1,7.72302509478174
34,T_2,C_2_10,0.6,0.69,1,0,0,11.714790877032423
1,T_3,C_3_5,0.67,0.59,0,0,1,-28.92564303758043
41,T_2,C_2_5,0.56,0.64,0,0,0,-18.057558879724567
7,T_2,C_2_7,0.57,0.62,0,0,1,-6.992836910718194
28,T_2,C_2_5,0.57,0.58,0,0,1,-14.248078478630683
10,T_2,C_2_10,0.57,0.59,0,0,1,-33.458767237699796
2,T_3,C_3_5,0.67,0.56,0,0,1,-9.17760254252234
44,T_2,C_2_5,0.65,0.72,0,0,0,-28.758005388084435
47,T_2,C_2_10,0.64,0.69,0,0,0,-0.5317226698943638
5,T_2,C_2_7,0.67,0.7,0,0,0,-9.062581433829472
18,T_3,C_3_5,0.68,0.62,0,0,1,-8.369296497350351
30,T_2,C_2_7,0.6,0.66,0,0,0,-2.343157588945112
42,T_3,C_3_5,0.65,0.6,0,0,1,-40.13681241044642
22,T_3,C_3_5,0.65,0.58,1,0,1,16.042284806315898
9,T_2,C_2_5,0.65,0.68,1,0,1,26.29061492240227
31,T_3,C_3_5,0.71,0.67,0,0,1,-11.989668147709116
40,T_2,C_2_5,0.61,0.75,1,0,1,2.031394247657609
48,T_2,C_2_10,0.63,0.66,0,0,1,-31.115955258182474
16,T_2,C_2_10,0.61,0.62,0,0,1,-19.42244652106071
38,T_1,C_1_12,0.48,0.55,0,0,0,-33.277024618008646
25,T_1,C_1_12,0.5,0.58,1,0,1,1.5955068003037383
21,T_1,C_1_3,0.47,0.54,0,0,1,-22.29025894192011
11,T_3,C_3_5,0.72,0.73,0,0,1,-71.75708757539566
32,T_2,C_2_5,0.58,0.65,0,0,1,-75.05388031379249
6,T_1,C_1_9,0.53,0.6,0,0,0,-32.35393572672292
23,T_3,C_3_5,0.57,0.47,0,0,1,-29.982737157849925
13,T_2,C_2_5,0.52,0.59,0,0,0,-40.66967812386066
33,T_3,C_3_5,0.63,0.56,1,0,1,7.865933585765827
39,T_2,C_2_18,0.65,0.67,1,0,1,5.1179371476536115
3,T_2,C_2_10,0.53,0.64,1,0,0,2.505139544639339
43,T_3,C_3_5,0.65,0.54,1,0,1,46.870320248474854
36,T_3,C_3_5,0.63,0.56,0,0,1,-1.616933747972759
35,T_2,C_2_14,0.58,0.67,1,0,0,11.22420046615772
19,T_1,C_1_3,0.5,0.55,0,0,1,-10.915335168931913
14,T_2,C_2_14,0.6,0.69,1,0,1,0.7636858255188379
20,T_3,C_3_5,0.73,0.68,0,0,0,-13.999402018314353
8,T_2,C_2_5,0.63,0.68,0,0,0,-4.291211846996608
12,T_1,C_1_3,0.45,0.52,1,0,0,0.5872309757692689
4,T_3,C_3_5,0.7,0.6,0,0,1,-1.934892918036049
49,T_3,C_3_5,0.72,0.67,1,0,0,7.358912391698448
34,T_2,C_2_15,0.6,0.69,1,0,1,3.9963927325355275
46,T_2,C_2_10,0.6,0.65,1,0,1,3.7594342886805325
41,T_2,C_2_10,0.55,0.64,0,0,1,-15.57838395903171
24,T_3,C_3_5,0.67,0.57,0,0,1,-1.331917527936311
15,T_2,C_2_5,0.73,0.76,1,0,1,1.3625587202838751
27,T_3,C_3_5,0.61,0.58,0,0,1,-4.848032613655427
0,T_4,C_4_1,0.59,0.57,0,0,0,-2.4138869910209513
44,T_2,C_2_14,0.64,0.72,1,0,1,1.5077679385564973
1,T_4,C_4_1,0.59,0.58,1,0,1,12.671100257328915
17,T_1,C_1_2,0.59,0.69,1,0,1,20.98041484432364
5,T_2,C_2_10,0.66,0.7,0,0,1,-48.6521054439389
47,T_2,C_2_2,0.62,0.69,0,0,1,-33.304737022886265
10,T_3,C_3_5,0.59,0.57,0,0,0,-32.26438614569328
28,T_3,C_3_5,0.58,0.54,0,0,0,-36.576552297268535
7,T_3,C_3_5,0.62,0.56,0,0,1,-31.276087685005656
30,T_2,C_2_2,0.57,0.66,0,0,1,-37.36978295645924
2,T_4,C_4_1,0.56,0.56,0,0,0,-22.44946465561636
45,T_2,C_2_15,0.65,0.71,0,0,1,-24.50802803012464
37,T_2,C_2_5,0.6,0.62,1,0,1,5.048358051043106
20,T_3,C_3_1,0.7,0.68,0,0,1,-49.87649743941918
18,T_4,C_4_4,0.62,0.6,0,0,0,-49.96708977391394
42,T_4,C_4_1,0.6,0.58,0,0,0,-49.57225717279289
9,T_3,C_3_5,0.68,0.6,1,0,1,4.367911300746172
31,T_4,C_4_1,0.67,0.6,1,0,1,19.66468373293077
22,T_4,C_4_1,0.58,0.55,1,0,1,23.377357344041865
26,T_2,C_2_5,0.58,0.61,1,0,0,32.12909345515298
40,T_3,C_3_5,0.75,0.61,0,0,1,-8.531963600113468
49,T_3,C_3_1,0.67,0.67,1,0,0,1.6068048300686484
29,T_2,C_2_5,0.59,0.61,0,0,1,-0.1676964708853843
48,T_3,C_3_5,0.66,0.62,1,0,1,37.18715197641753
16,T_3,C_3_5,0.62,0.53,1,0,1,39.491048080313654
13,T_2,C_2_15,0.5,0.59,0,0,1,-7.69370603523631
11,T_4,C_4_1,0.73,0.64,0,0,1,-18.526066901693838
38,T_1,C_1_2,0.48,0.55,1,0,1,27.580560947098412
3,T_2,C_2_7,0.52,0.64,1,0,1,19.161002617979975
23,T_4,C_4_1,0.47,0.46,1,0,1,25.16531296280757
32,T_3,C_3_5,0.65,0.55,1,0,1,19.12996813522134
33,T_4,C_4_4,0.56,0.55,0,0,1,-17.57049445648022
35,T_2,C_2_10,0.57,0.67,0,0,1,-14.182499508804675
6,T_1,C_1_3,0.53,0.6,0,0,1,-16.353755963193677
10,T_3,C_3_10,0.57,0.57,0,0,0,-11.657596555880115
28,T_3,C_3_1,0.58,0.54,0,0,0,-15.447794320282517
43,T_4,C_4_1,0.54,0.56,1,0,1,21.423964639393425
39,T_3,C_3_5,0.67,0.64,1,0,1,16.121559141111597
8,T_2,C_2_10,0.58,0.68,1,0,1,19.853517903998217
36,T_4,C_4_1,0.56,0.57,1,0,1,25.62491642310118
14,T_3,C_3_5,0.69,0.65,0,0,0,-15.136779637391987
0,T_4,C_4_4,0.51,0.57,0,0,1,-2.6885478957470585
34,T_3,C_3_5,0.69,0.6,0,0,1,-9.398736541997085
46,T_3,C_3_5,0.65,0.57,0,0,1,-17.850569449072953
4,T_4,C_4_1,0.6,0.61,0,0,1,-45.891331861733754
24,T_4,C_4_4,0.57,0.59,0,0,0,-37.64954988488851
12,T_1,C_1_6,0.41,0.52,0,0,0,-31.152222176215865
2,T_4,C_4_4,0.47,0.56,0,0,0,-27.79568567366919
49,T_3,C_3_4,0.64,0.67,1,0,1,8.18953244015346
41,T_3,C_3_5,0.64,0.55,1,0,1,19.547217781077265
15,T_3,C_3_5,0.76,0.75,1,0,1,41.887895747178916
27,T_4,C_4_1,0.58,0.52,1,0,0,26.276031340399307
44,T_3,C_3_5,0.72,0.67,0,0,1,-5.287042975324917
5,T_3,C_3_5,0.7,0.7,0,0,1,-6.259124193599027
25,T_2,C_2_5,0.58,0.66,1,0,1,4.8503640014026566
47,T_3,C_3_5,0.69,0.6,0,0,0,-0.7771599251475703
21,T_2,C_2_7,0.54,0.59,0,0,0,-21.64559547064674
18,T_4,C_4_1,0.61,0.6,0,0,0,-35.65655668481202
42,T_4,C_4_4,0.59,0.58,0,0,0,-41.89059180839181
7,T_4,C_4_4,0.56,0.53,1,0,0,7.87447906844376
30,T_3,C_3_5,0.66,0.61,1,0,1,22.95790095105071
45,T_3,C_3_5,0.71,0.62,1,0,1,34.65899247078202
1,T_5,C_5_7,0.58,0.56,1,0,1,24.926582449312292
37,T_3,C_3_5,0.62,0.52,0,0,1,-16.073669298860786
10,T_3,C_3_1,0.57,0.57,0,0,1,-4.81046728712568
26,T_2,C_2_10,0.55,0.61,0,0,0,-7.914274251536996
20,T_4,C_4_4,0.68,0.68,0,0,0,-13.657992844501846
28,T_3,C_3_10,0.56,0.54,0,0,0,-8.568378104133318
9,T_4,C_4_1,0.6,0.63,0,0,0,-18.376186985844363
19,T_2,C_2_5,0.55,0.6,0,0,0,-13.271099412866864
14,T_3,C_3_1,0.64,0.65,1,0,1,21.574335671925994
29,T_3,C_3_5,0.61,0.58,1,0,0,30.635916370761272
40,T_4,C_4_1,0.61,0.63,1,0,1,4.828521718437646
48,T_4,C_4_4,0.62,0.64,0,0,1,-20.67624524093707
22,T_5,C_5_7,0.55,0.52,0,0,1,-11.680422831545572
16,T_4,C_4_4,0.53,0.55,0,0,0,-19.642280211313384
31,T_5,C_5_5,0.6,0.57,0,0,0,-27.993855667366454
13,T_3,C_3_5,0.59,0.5,0,0,1,-16.124527219849814
3,T_3,C_3_5,0.64,0.51,0,0,1,-20.28513911777363
32,T_4,C_4_4,0.55,0.55,1,0,1,9.647483427243582
47,T_3,C_3_1,0.63,0.6,1,0,1,20.570653352829517
17,T_2,C_2_14,0.69,0.74,1,0,1,16.461759466738513
35,T_3,C_3_5,0.67,0.64,1,0,1,4.183899830750567
11,T_5,C_5_1,0.64,0.63,0,0,1,-1.754610711255964
39,T_4,C_4_4,0.64,0.65,1,0,0,45.999921988358686
24,T_4,C_4_1,0.56,0.59,1,0,1,50.41106039949712
2,T_4,C_4_3,0.45,0.56,1,0,1,29.139971128407876
23,T_5,C_5_7,0.46,0.46,1,0,0,41.787800776237525
27,T_4,C_4_4,0.52,0.52,0,0,0,-7.231266484753171
8,T_3,C_3_5,0.68,0.54,0,0,0,-22.913196165865198
33,T_5,C_5_2,0.55,0.57,0,0,1,-25.9881364445114
46,T_4,C_4_1,0.57,0.57,0,0,0,-19.38479543437162
34,T_4,C_4_1,0.6,0.61,0,0,1,-17.746133117895287
28,T_3,C_3_12,0.52,0.54,0,0,0,-10.852984667650581
49,T_4,C_4_1,0.67,0.65,0,0,1,-3.9342950365477427
36,T_5,C_5_9,0.57,0.56,0,0,0,-11.872312247751506
43,T_5,C_5_7,0.56,0.55,0,0,1,-19.935675367166596
41,T_4,C_4_1,0.55,0.54,0,0,0,-15.638356114526491
29,T_3,C_3_1,0.59,0.58,1,0,1,22.836485504049886
42,T_4,C_4_3,0.54,0.58,1,0,1,10.076745244309627
18,T_4,C_4_3,0.52,0.6,1,0,0,16.0932956545644
15,T_4,C_4_1,0.75,0.74,1,0,0,27.293620066567605
21,T_2,C_2_15,0.51,0.59,1,0,0,14.90641567517537
7,T_4,C_4_1,0.54,0.53,1,0,1,21.780248041546454
5,T_4,C_4_1,0.7,0.64,1,0,1,22.236558721158083
12,T_1,C_1_5,0.41,0.52,0,0,0,-23.311347268120663
4,T_5,C_5_5,0.61,0.59,0,0,1,-37.48919690433734
25,T_3,C_3_5,0.66,0.56,0,0,1,-15.404314123415759
44,T_4,C_4_1,0.67,0.66,1,0,1,3.519593057305731
0,T_5,C_5_7,0.57,0.58,0,0,1,-31.526451553687792
38,T_2,C_2_10,0.55,0.56,1,0,0,21.957359532255616
20,T_4,C_4_1,0.63,0.68,0,0,1,-17.262216252101467
26,T_2,C_2_15,0.52,0.61,1,0,1,47.39939890683355
9,T_4,C_4_4,0.56,0.63,1,0,1,49.6111541403279
31,T_5,C_5_7,0.59,0.57,0,0,1,-3.879671131759375
45,T_4,C_4_4,0.62,0.67,0,0,1,-8.724401622507582
30,T_4,C_4_4,0.61,0.62,0,0,0,-18.90966202787142
37,T_4,C_4_1,0.52,0.53,1,0,0,7.708008654859494
6,T_2,C_2_10,0.6,0.65,1,0,1,0.22065377788771645
19,T_2,C_2_15,0.51,0.6,0,0,0,-9.951898389046468
10,T_4,C_4_4,0.57,0.52,1,0,0,2.098462754274851
8,T_3,C_3_1,0.62,0.54,0,0,1,-17.875896220084115
16,T_4,C_4_3,0.53,0.55,0,0,0,-53.976499779855
28,T_3,C_3_9,0.52,0.54,0,0,1,-19.194273999230518
14,T_4,C_4_1,0.65,0.62,1,0,1,0.685098508360193
23,T_5,C_5_1,0.46,0.46,1,0,1,8.991386420565831
1,T_6,C_6_5,0.56,0.72,0,0,0,-8.564855632000851
39,T_4,C_4_1,0.62,0.65,0,0,0,-22.762622777136436
3,T_4,C_4_1,0.51,0.52,0,0,0,-46.352376614974645
13,T_4,C_4_4,0.5,0.51,0,0,1,-45.97847048927853
36,T_5,C_5_10,0.52,0.56,0,0,1,-29.447117235095305
27,T_4,C_4_3,0.49,0.52,0,0,0,-31.136553295460672
46,T_4,C_4_3,0.52,0.57,0,0,0,-41.92448022159253
48,T_5,C_5_10,0.64,0.64,0,0,1,-55.24080333013171
40,T_5,C_5_8,0.63,0.59,0,0,1,-29.345681041194975
35,T_4,C_4_1,0.64,0.6,0,0,1,-9.897943490425764
17,T_3,C_3_5,0.74,0.67,1,0,0,17.145840397644612
47,T_4,C_4_4,0.6,0.59,1,0,0,10.267675840682585
32,T_5,C_5_1,0.55,0.54,0,0,0,-19.7693089814423
22,T_6,C_6_5,0.52,0.63,1,0,0,14.748628428393722
41,T_4,C_4_4,0.55,0.54,0,0,1,-21.184651208294937
11,T_6,C_6_9,0.63,0.72,0,0,0,-14.160008271311924
18,T_4,C_4_5,0.46,0.6,0,0,0,-14.744260239815862
24,T_5,C_5_9,0.59,0.58,1,0,1,21.693855773269984
15,T_4,C_4_4,0.72,0.74,1,0,0,17.99967338333282
2,T_5,C_5_9,0.56,0.57,1,0,0,21.817687335419546
21,T_2,C_2_18,0.5,0.59,1,0,0,3.316903257661341
34,T_5,C_5_8,0.61,0.62,0,0,1,-20.894247731868234
29,T_4,C_4_4,0.58,0.53,0,0,1,-16.57656385080408
33,T_6,C_6_5,0.57,0.66,0,0,0,-24.926329109020035
49,T_5,C_5_7,0.65,0.63,1,0,1,37.205774990989845
43,T_6,C_6_5,0.55,0.65,0,0,0,-17.379959646042828
38,T_2,C_2_7,0.54,0.56,0,0,1,-1.4025985408150357
42,T_5,C_5_9,0.58,0.58,1,0,0,37.599661770154434
30,T_4,C_4_3,0.56,0.62,1,0,1,27.04177521226789
37,T_4,C_4_4,0.5,0.53,0,0,1,-8.244533285997122
25,T_4,C_4_1,0.56,0.6,1,0,0,3.0528269624500695
10,T_4,C_4_3,0.55,0.52,1,0,1,44.75993295727488
12,T_1,C_1_15,0.4,0.52,1,0,0,34.01226665745713
5,T_5,C_5_10,0.64,0.66,1,0,0,53.185975518444586
16,T_4,C_4_1,0.51,0.55,1,0,1,24.52447280736795
7,T_5,C_5_10,0.53,0.56,1,0,1,5.850901548377973
19,T_2,C_2_12,0.5,0.6,0,0,0,-22.615703581890024
26,T_3,C_3_5,0.61,0.57,1,0,0,10.258648983522829
17,T_3,C_3_1,0.68,0.67,1,0,1,19.777968921699006
44,T_5,C_5_7,0.66,0.62,0,0,0,-38.255431447095496
39,T_4,C_4_3,0.6,0.65,0,0,0,-3.52004725337798
4,T_6,C_6_5,0.59,0.64,0,0,1,-22.18077309744354
6,T_3,C_3_5,0.65,0.56,0,0,1,-37.41516014447515
20,T_5,C_5_9,0.68,0.64,0,0,1,-57.75684502048754
0,T_6,C_6_9,0.58,0.66,0,0,0,-27.592102911172645
9,T_5,C_5_7,0.63,0.58,0,0,1,-21.14791507437513
3,T_4,C_4_4,0.49,0.52,0,0,1,-35.016275351511354
8,T_4,C_4_1,0.54,0.55,0,0,0,-42.316405629239796
1,T_6,C_6_4,0.54,0.72,0,0,1,-13.951021013855183
32,T_5,C_5_9,0.55,0.54,0,0,1,-9.211001502236904
46,T_4,C_4_4,0.51,0.57,1,0,1,24.253256760637814
27,T_4,C_4_5,0.38,0.52,0,0,0,-6.977735941419304
45,T_5,C_5_9,0.67,0.66,0,0,1,-46.760378030513046
31,T_6,C_6_5,0.57,0.68,0,0,1,-8.13902626399998
28,T_4,C_4_4,0.54,0.52,1,0,0,2.5607645975721676
47,T_4,C_4_1,0.6,0.59,1,0,1,15.387748682678282
2,T_5,C_5_8,0.55,0.57,1,0,0,4.7594190034462525
14,T_5,C_5_7,0.62,0.55,1,0,0,52.13785193109332
18,T_4,C_4_2,0.38,0.6,0,0,1,-7.431504334034198
22,T_6,C_6_4,0.52,0.63,1,0,0,9.029623714746302
15,T_4,C_4_5,0.66,0.74,1,0,0,29.174464552175543
11,T_6,C_6_5,0.61,0.72,1,0,0,21.411507324951707
23,T_6,C_6_5,0.46,0.61,1,0,1,34.40940180447539
13,T_5,C_5_9,0.51,0.52,0,0,1,-20.78339438889776
36,T_6,C_6_5,0.56,0.71,1,0,1,38.751586933458675
21,T_2,C_2_10,0.49,0.59,0,0,0,-8.434672331324325
42,T_5,C_5_5,0.56,0.58,1,0,0,0.70975186525569
33,T_6,C_6_4,0.56,0.66,0,0,1,-16.244862355621763
26,T_3,C_3_1,0.59,0.57,1,0,0,1.6453678665730163
40,T_6,C_6_5,0.59,0.66,0,0,1,-7.8822209467300866
48,T_6,C_6_5,0.64,0.7,0,0,1,-31.960830168196463
35,T_5,C_5_7,0.6,0.56,0,0,1,-23.948375068667538
5,T_5,C_5_1,0.62,0.66,0,0,0,-16.384657916527104
43,T_6,C_6_4,0.53,0.65,0,0,0,-11.59437987788056
41,T_5,C_5_1,0.54,0.55,1,0,1,12.98150310211916
25,T_4,C_4_5,0.49,0.6,1,0,0,24.61328021055289
24,T_6,C_6_5,0.58,0.67,1,0,0,12.704309020712142
44,T_5,C_5_1,0.62,0.62,1,0,0,3.7638362899168163
38,T_3,C_3_5,0.56,0.53,0,0,0,-17.751542554794334
29,T_5,C_5_9,0.53,0.55,1,0,1,6.950186374258674
39,T_4,C_4_5,0.53,0.65,1,0,1,24.222437683159168
19,T_2,C_2_8,0.5,0.6,1,0,0,32.091087622771624
34,T_6,C_6_5,0.62,0.67,0,0,1,-24.804971317622886
37,T_5,C_5_7,0.53,0.51,0,0,0,-9.321004128957691
30,T_5,C_5_9,0.62,0.6,0,0,1,-20.555334067126985
49,T_6,C_6_5,0.63,0.73,0,0,1,-4.65808909318807
8,T_4,C_4_4,0.53,0.55,1,0,1,12.488640643010239
12,T_1,C_1_7,0.4,0.52,0,0,1,-6.1481634373579555
17,T_4,C_4_1,0.67,0.66,0,0,1,-11.682735928064314
10,T_5,C_5_10,0.52,0.58,1,0,1,28.678958191909103
0,T_6,C_6_5,0.58,0.66,1,0,1,31.270204482710298
27,T_4,C_4_2,0.38,0.52,1,0,0,39.834002702294896
14,T_5,C_5_10,0.6,0.55,1,0,1,35.70343890407527
16,T_5,C_5_9,0.55,0.61,1,0,0,3.462340981226628
2,T_5,C_5_3,0.54,0.57,1,0,1,4.237184370610081
6,T_4,C_4_4,0.56,0.57,0,0,1,-33.03170451827882
26,T_3,C_3_12,0.55,0.57,1,0,0,0.030984157092790454
28,T_4,C_4_1,0.51,0.52,0,0,1,-7.500427520660351
4,T_7,C_7_8,0.64,0.59,0,0,1,-57.95572625094898
7,T_6,C_6_5,0.56,0.63,0,0,1,-58.958676103456355
42,T_5,C_5_2,0.55,0.58,0,0,1,-41.50409036440752
15,T_4,C_4_3,0.65,0.74,0,0,0,-76.18348026059955
1,T_7,C_7_8,0.72,0.56,0,0,1,-39.923635759885286
20,T_6,C_6_5,0.64,0.68,0,0,0,-84.40378281870883
9,T_6,C_6_5,0.58,0.72,0,0,0,-25.489526102806618
38,T_3,C_3_1,0.54,0.53,0,0,1,-22.198777204128177
22,T_6,C_6_2,0.48,0.63,0,0,0,-5.657661198254483
3,T_5,C_5_8,0.52,0.53,0,0,0,-30.98693130403952
11,T_6,C_6_4,0.59,0.72,1,0,0,39.33237523255927
5,T_5,C_5_5,0.62,0.66,1,0,0,6.492932417309991
31,T_7,C_7_8,0.68,0.58,0,0,1,-7.983708146427326
46,T_5,C_5_5,0.57,0.56,0,0,0,-16.414501511188476
32,T_6,C_6_5,0.54,0.59,0,0,1,-24.451840014559192
21,T_2,C_2_5,0.48,0.59,0,0,1,-23.695063457782634
44,T_5,C_5_5,0.62,0.62,0,0,1,-9.241804579056947
45,T_6,C_6_5,0.66,0.74,0,0,1,-37.66164475206422
47,T_5,C_5_9,0.59,0.62,0,0,1,-35.199937968694414
43,T_6,C_6_9,0.51,0.65,1,0,1,29.6767076880053
18,T_5,C_5_10,0.6,0.57,0,0,0,-18.505979984920522
36,T_7,C_7_8,0.71,0.56,1,0,1,28.5690339827297
25,T_4,C_4_4,0.48,0.6,1,0,0,3.5912319448839747
37,T_5,C_5_2,0.51,0.51,1,0,1,33.99759558124763
23,T_7,C_7_8,0.61,0.43,1,0,0,6.6639063634886595
24,T_6,C_6_2,0.53,0.67,0,0,1,-0.2693471704831154
33,T_7,C_7_8,0.66,0.58,1,0,1,19.312917636303805
26,T_3,C_3_10,0.52,0.57,1,0,1,41.112568191736756
40,T_7,C_7_8,0.66,0.6,0,0,1,-13.337310073330563
19,T_2,C_2_10,0.49,0.6,1,0,0,38.00778896038208
13,T_6,C_6_5,0.52,0.58,0,0,1,-13.048018953159746
16,T_5,C_5_8,0.55,0.61,0,0,0,-14.60839494737523
48,T_7,C_7_8,0.7,0.63,0,0,1,-54.24191866017184
35,T_6,C_6_5,0.56,0.69,0,0,1,-13.193093441392046
41,T_6,C_6_4,0.55,0.59,1,0,1,4.880643169606701
34,T_7,C_7_8,0.67,0.65,0,0,0,-4.172348922460885
39,T_5,C_5_5,0.65,0.63,0,0,0,-0.06107828355207534
49,T_7,C_7_8,0.73,0.66,1,0,1,11.926453657769624
29,T_6,C_6_5,0.55,0.62,0,0,1,-33.580537996488694
17,T_5,C_5_10,0.66,0.65,0,0,1,-5.875977437022914
3,T_5,C_5_9,0.52,0.53,0,0,0,-6.745791457051511
8,T_5,C_5_9,0.55,0.54,0,0,1,-6.199296464204591
15,T_4,C_4_2,0.57,0.74,1,0,0,1.2656534642645978
5,T_5,C_5_9,0.62,0.66,0,0,0,-5.632643500356527
30,T_6,C_6_5,0.6,0.64,0,0,1,-20.383179597568798
0,T_7,C_7_8,0.66,0.59,1,0,0,43.26319995925749
46,T_5,C_5_11,0.56,0.56,0,0,1,-33.35896982994224
10,T_6,C_6_5,0.58,0.68,1,0,1,2.2142548180318267
20,T_6,C_6_2,0.6,0.68,0,0,1,-50.406758702980795
22,T_6,C_6_9,0.48,0.63,1,0,0,14.19627176631218
9,T_6,C_6_4,0.57,0.72,1,0,0,29.77730156424589
27,T_5,C_5_9,0.52,0.52,1,0,1,6.4294233807618255
11,T_6,C_6_2,0.57,0.72,1,0,0,9.05673490281016
7,T_7,C_7_8,0.63,0.61,0,0,0,-0.5150551006373574
23,T_7,C_7_11,0.49,0.43,0,0,0,-8.681529677559652
2,T_6,C_6_5,0.57,0.66,1,0,1,17.282053849189225
14,T_6,C_6_4,0.55,0.66,1,0,0,33.55174866820978
18,T_5,C_5_1,0.59,0.57,0,0,1,-14.109887017277135
28,T_5,C_5_7,0.52,0.53,0,0,1,-6.237546591745203
6,T_5,C_5_10,0.57,0.56,1,0,1,15.680802650027891
38,T_4,C_4_4,0.53,0.5,1,0,1,22.257698468596296
42,T_6,C_6_5,0.58,0.69,0,0,1,-30.727194430676533
25,T_4,C_4_3,0.46,0.6,0,0,0,-21.313901124493803
21,T_3,C_3_5,0.59,0.53,1,0,1,3.928862984684126
4,T_8,C_8_4,0.59,0.65,0,0,1,-3.407993956823984
32,T_7,C_7_8,0.59,0.51,0,0,0,-14.48055993762776
34,T_7,C_7_2,0.65,0.65,1,0,1,12.770662173363295
12,T_2,C_2_15,0.52,0.65,1,0,0,15.659472870055783
1,T_8,C_8_4,0.56,0.65,1,0,1,0.8389239608369321
16,T_5,C_5_3,0.55,0.61,1,0,1,1.8827812110091378
45,T_7,C_7_8,0.74,0.63,0,0,1,-42.037628817540885
39,T_5,C_5_10,0.63,0.63,1,0,0,0.17400397853477834
19,T_2,C_2_16,0.49,0.6,0,0,0,-3.4104870007580934
43,T_7,C_7_8,0.65,0.58,0,0,0,-12.98821809319507
0,T_7,C_7_2,0.63,0.59,1,0,1,3.238170362817142
31,T_8,C_8_4,0.58,0.69,0,0,1,-10.512004584698595
44,T_6,C_6_5,0.62,0.72,0,0,1,-4.798694871318928
3,T_5,C_5_1,0.5,0.53,0,0,1,-14.831562004186036
26,T_4,C_4_1,0.57,0.53,1,0,1,26.48314969920491
24,T_7,C_7_8,0.67,0.57,0,0,1,-22.90370375327783
47,T_6,C_6_4,0.62,0.68,0,0,1,-21.518198192026112
5,T_5,C_5_11,0.61,0.66,1,0,1,19.931623261050948
37,T_6,C_6_5,0.51,0.65,0,0,1,-16.57795959563576
7,T_7,C_7_2,0.58,0.61,0,0,1,-16.35326319037951
23,T_7,C_7_2,0.46,0.43,0,0,0,-16.680651144268786
13,T_7,C_7_8,0.58,0.51,0,0,1,-1.5985021581072791
36,T_8,C_8_2,0.56,0.65,0,0,0,-18.261415876716548
41,T_7,C_7_8,0.59,0.55,0,0,0,-1.8482907686569354
35,T_7,C_7_8,0.69,0.56,0,0,1,-11.450783364196042
40,T_8,C_8_4,0.6,0.66,0,0,1,-20.009260872846575
22,T_6,C_6_3,0.46,0.63,0,0,0,-16.41826179921677
29,T_7,C_7_8,0.62,0.55,0,0,1,-37.15030599811179
9,T_6,C_6_9,0.54,0.72,0,0,0,-45.58868462844935
33,T_8,C_8_4,0.58,0.62,0,0,0,-44.69979573956044
11,T_6,C_6_3,0.5,0.72,0,0,1,-35.79275953904599
48,T_8,C_8_4,0.63,0.64,0,0,1,-56.05102400185591
32,T_7,C_7_2,0.59,0.51,0,0,1,-23.526230613426158
14,T_6,C_6_5,0.55,0.66,1,0,1,32.01209274924226
15,T_5,C_5_10,0.74,0.71,1,0,0,20.949168388379732
30,T_7,C_7_8,0.64,0.61,0,0,1,-25.504128314916912
49,T_8,C_8_4,0.66,0.7,0,0,1,-18.489784902666887
8,T_6,C_6_5,0.54,0.64,0,0,1,-27.652447908843925
25,T_4,C_4_2,0.39,0.6,0,0,0,-18.58502741088627
17,T_6,C_6_5,0.65,0.78,0,0,1,-46.2066860812084
10,T_7,C_7_8,0.68,0.58,0,0,0,-17.728961612394148
43,T_7,C_7_11,0.62,0.58,0,0,1,-26.109359144950673
20,T_7,C_7_8,0.68,0.64,1,0,1,6.343968570819832
46,T_6,C_6_5,0.56,0.68,1,0,1,0.703525278781771
39,T_5,C_5_7,0.6,0.63,1,0,1,24.904482216580785
2,T_7,C_7_8,0.66,0.54,0,0,1,-39.203291640680504
27,T_6,C_6_5,0.52,0.65,0,0,1,-22.114450743962493
23,T_7,C_7_6,0.45,0.43,0,0,0,-12.83379679300881
21,T_4,C_4_4,0.53,0.51,0,0,0,-12.539464609073073
12,T_2,C_2_10,0.51,0.65,1,0,0,7.295449933439094
41,T_7,C_7_2,0.58,0.55,1,0,0,20.404854028553327
19,T_2,C_2_7,0.48,0.6,1,0,0,17.2995814039186
42,T_7,C_7_8,0.69,0.6,1,0,0,2.385121118786226
38,T_5,C_5_10,0.5,0.54,0,0,1,-15.649234606527312
28,T_6,C_6_4,0.53,0.64,0,0,1,-33.42499408382419
18,T_6,C_6_5,0.57,0.64,0,0,0,-36.95444567488717
6,T_6,C_6_5,0.56,0.66,0,0,0,-61.27942874868539
4,T_9,C_9_1,0.65,0.56,1,0,1,7.852120877570428
16,T_6,C_6_5,0.61,0.66,0,0,1,-20.073349547577237
10,T_7,C_7_2,0.57,0.58,1,0,1,29.868737752113866
22,T_6,C_6_7,0.41,0.63,1,0,0,49.148791479447645
44,T_7,C_7_8,0.72,0.6,1,0,0,7.2594850617651
34,T_8,C_8_4,0.65,0.66,0,0,0,-7.802889183707725
9,T_6,C_6_2,0.53,0.72,0,0,0,-24.78538379390691
45,T_8,C_8_4,0.63,0.69,0,0,0,-18.947206886120956
1,T_9,C_9_1,0.65,0.49,0,0,1,-16.4274480113721
15,T_5,C_5_5,0.73,0.71,1,0,1,13.085094231723886
47,T_7,C_7_8,0.68,0.66,0,0,1,-10.97782410830284
0,T_8,C_8_4,0.59,0.64,1,0,1,33.506649796233916
37,T_7,C_7_8,0.65,0.49,1,0,1,25.784910665799174
26,T_5,C_5_1,0.53,0.54,1,0,0,40.77034830999638
23,T_7,C_7_7,0.43,0.43,1,0,1,25.594546170958985
36,T_8,C_8_4,0.5,0.65,1,0,0,10.186792160263803
3,T_6,C_6_5,0.53,0.59,1,0,0,26.524008482391086
31,T_9,C_9_1,0.69,0.55,1,0,0,0.6585048895355969
5,T_6,C_6_4,0.66,0.7,0,0,1,-48.078876328561755
41,T_7,C_7_11,0.54,0.55,0,0,1,-24.741055114418984
24,T_8,C_8_4,0.57,0.67,0,0,1,-31.63733474158277
4,T_10,C_10_1,0.56,0.0,0,0,0,-44.62401916235504
33,T_8,C_8_2,0.56,0.62,0,0,0,-24.144493039986273
42,T_7,C_7_11,0.59,0.6,0,0,1,-21.151141976156474
11,T_7,C_7_8,0.72,0.61,0,0,0,-13.504863641234364
40,T_9,C_9_12,0.66,0.56,0,0,1,-25.49691135495204
7,T_8,C_8_4,0.61,0.61,0,0,0,-16.541311620028274
1,T_10,C_10_4,0.49,0.0,0,0,1,-31.455824542493424
14,T_7,C_7_8,0.66,0.58,1,0,0,1.81488760844194
13,T_8,C_8_4,0.51,0.59,0,0,0,-16.35199980877654
44,T_7,C_7_2,0.66,0.6,0,0,1,-11.693721663081229
21,T_4,C_4_3,0.51,0.51,1,0,1,34.637392506067286
4,T_10,C_10_4,0.54,0.0,1,0,0,27.85961472828954
35,T_8,C_8_4,0.56,0.63,1,0,0,6.649893511463215
8,T_7,C_7_8,0.64,0.59,1,0,1,4.5364801262792565
12,T_2,C_2_5,0.51,0.65,1,0,0,11.782847365380956
29,T_8,C_8_4,0.55,0.62,0,0,1,-6.747740633973834
19,T_2,C_2_14,0.48,0.6,1,0,1,16.799902427259127
17,T_7,C_7_8,0.78,0.65,0,0,1,-13.598251824553646
25,T_5,C_5_7,0.6,0.58,1,0,1,6.6678854273130455
48,T_9,C_9_1,0.64,0.59,0,0,1,-7.928685101485765
18,T_6,C_6_4,0.57,0.64,1,0,1,19.025231949205462
46,T_7,C_7_8,0.68,0.6,0,0,0,-9.284840466857691
32,T_8,C_8_4,0.51,0.64,0,0,1,-11.556404601849584
49,T_9,C_9_1,0.7,0.61,0,0,1,-26.32614144395486
22,T_6,C_6_8,0.4,0.63,0,0,0,-3.645220391323269
30,T_8,C_8_2,0.61,0.67,0,0,1,-44.115303266163174
6,T_6,C_6_4,0.55,0.66,0,0,1,-40.204718124808814
31,T_9,C_9_15,0.65,0.55,0,0,1,-4.888973417120322
4,T_10,C_10_3,0.48,0.0,1,0,0,21.52062474612861
26,T_5,C_5_7,0.53,0.54,1,0,0,7.519567110392306
27,T_7,C_7_8,0.65,0.52,0,0,1,-5.744039446984704
40,T_10,C_10_1,0.56,0.0,0,0,1,-34.23008943116888
39,T_6,C_6_5,0.63,0.69,0,0,1,-25.001786906323463
9,T_6,C_6_3,0.51,0.72,0,0,1,-26.677371683952142
28,T_7,C_7_8,0.64,0.51,0,0,0,-24.565387401044468
20,T_8,C_8_4,0.64,0.74,0,0,0,-40.42995176946356
43,T_8,C_8_4,0.58,0.62,0,0,1,-43.739428414706104
11,T_7,C_7_11,0.65,0.61,0,0,1,-28.48108963118749
2,T_8,C_8_2,0.54,0.63,0,0,1,-27.8542296086064
16,T_7,C_7_8,0.66,0.62,0,0,0,-17.146504747468537
14,T_7,C_7_2,0.59,0.58,1,0,1,26.62568846401968
34,T_8,C_8_2,0.57,0.66,0,0,0,-5.258481152536358
45,T_8,C_8_2,0.61,0.69,0,0,0,-23.631119589018436
38,T_6,C_6_5,0.54,0.66,0,0,1,-8.58225965416501
3,T_6,C_6_4,0.5,0.59,0,0,0,-2.538326429409313
48,T_10,C_10_4,0.59,0.0,0,0,1,-13.538449529204755
4,T_10,C_10_5,0.47,0.0,1,0,0,5.395273667676362
10,T_8,C_8_4,0.58,0.64,0,0,0,-0.5447399345667812
36,T_8,C_8_3,0.48,0.65,0,0,0,-45.09273754395365
49,T_10,C_10_1,0.61,0.0,0,0,1,-26.23619168584136
15,T_6,C_6_4,0.71,0.76,0,0,1,-40.538005157343996
5,T_7,C_7_8,0.7,0.66,0,0,1,-13.232534560231421
0,T_9,C_9_1,0.64,0.53,0,0,1,-16.054541032723332
46,T_7,C_7_11,0.59,0.6,1,0,0,25.499107803191066
37,T_8,C_8_4,0.49,0.63,0,0,0,-15.064039878028401
31,T_10,C_10_1,0.55,0.0,0,0,1,-0.06858811536747922
47,T_8,C_8_4,0.66,0.66,0,0,0,-14.866522266432716
33,T_8,C_8_6,0.46,0.62,0,0,0,-10.61216461633588
7,T_8,C_8_2,0.5,0.61,1,0,0,4.955506191596637
23,T_8,C_8_4,0.43,0.57,0,0,1,-10.735660797442641
12,T_2,C_2_14,0.51,0.65,1,0,1,23.898766110372062
13,T_8,C_8_2,0.43,0.59,1,0,1,8.04521777359788
35,T_8,C_8_2,0.52,0.63,0,0,1,-2.1562990649133216
24,T_9,C_9_1,0.67,0.57,1,0,1,0.7074541484542802
4,T_10,C_10_2,0.46,0.0,1,0,1,4.1237674891513425
41,T_8,C_8_4,0.55,0.64,0,0,0,-0.9571573663400148
19,T_3,C_3_5,0.6,0.53,1,0,1,32.86461777875151
42,T_8,C_8_2,0.6,0.69,1,0,0,18.07949911294011
26,T_5,C_5_10,0.49,0.54,1,0,1,24.76840225598049
28,T_7,C_7_11,0.53,0.51,0,0,0,-5.6677788923558925
21,T_5,C_5_9,0.51,0.55,1,0,1,14.92132367174668
22,T_6,C_6_6,0.38,0.63,0,0,1,-22.171569197715712
16,T_7,C_7_2,0.62,0.62,0,0,1,-31.652999555001916
44,T_8,C_8_6,0.6,0.71,1,0,1,7.1869724999403495
18,T_7,C_7_8,0.64,0.56,1,0,0,16.1454727803693
29,T_9,C_9_1,0.62,0.56,1,0,1,20.439477882410113
8,T_8,C_8_4,0.59,0.65,1,0,1,10.513951744612775
25,T_6,C_6_5,0.58,0.69,0,0,1,-13.508848634053177
0,T_10,C_10_4,0.53,0.0,0,0,0,-19.95712785902355
17,T_8,C_8_4,0.65,0.71,0,0,1,-20.1077780059195
6,T_7,C_7_8,0.66,0.57,0,0,0,-13.02776066056543
32,T_9,C_9_1,0.64,0.51,0,0,1,-6.29774177607618
39,T_7,C_7_8,0.69,0.66,1,0,1,9.23726756412023
46,T_7,C_7_2,0.55,0.6,1,0,0,7.855380293695977
30,T_9,C_9_1,0.67,0.58,0,0,1,-6.041220902312293
3,T_6,C_6_2,0.46,0.59,0,0,1,-20.295978928845816
20,T_8,C_8_2,0.59,0.74,0,0,1,-34.49306674761506
9,T_7,C_7_8,0.72,0.61,0,0,1,-30.952031394079714
24,T_10,C_10_4,0.57,0.0,0,0,0,-32.45554075835145
27,T_8,C_8_2,0.52,0.67,0,0,0,-29.2449480723489
0,T_10,C_10_1,0.51,0.0,1,0,1,21.29866192509205
34,T_8,C_8_5,0.53,0.66,1,0,1,22.8605726730493
45,T_8,C_8_5,0.53,0.69,1,0,1,13.123929052684762
2,T_9,C_9_1,0.63,0.47,0,0,0,-16.437948526522163
38,T_7,C_7_8,0.66,0.53,0,0,1,-2.850746518993965
43,T_9,C_9_1,0.62,0.52,0,0,1,-10.178851914226069
28,T_7,C_7_6,0.52,0.51,0,0,1,-15.66997149485898
10,T_8,C_8_2,0.57,0.64,0,0,1,-22.2232296402224
36,T_8,C_8_1,0.45,0.65,0,0,1,-30.691274753004294
29,T_10,C_10_4,0.56,0.0,0,0,1,-27.44372726813689
11,T_8,C_8_2,0.61,0.75,0,0,0,-41.55456007965847
14,T_8,C_8_4,0.58,0.65,0,0,0,-13.979968954089056
24,T_10,C_10_1,0.52,0.0,0,0,0,-6.52923572486408
15,T_7,C_7_8,0.76,0.74,0,0,0,-5.560466205813551
18,T_7,C_7_2,0.59,0.56,0,0,0,-0.4677943348464808
32,T_10,C_10_4,0.51,0.0,0,0,1,-11.80380951549635
37,T_8,C_8_6,0.46,0.63,0,0,1,-7.019609032528827
30,T_10,C_10_4,0.58,0.0,0,0,1,-1.8982370745674135
12,T_3,C_3_5,0.65,0.55,0,0,1,-2.8465558790506407
47,T_8,C_8_2,0.54,0.66,0,0,1,-8.372085144305949
6,T_7,C_7_11,0.59,0.57,0,0,1,-4.342819889013285
7,T_8,C_8_5,0.46,0.61,1,0,1,0.6199968971363177
33,T_8,C_8_3,0.46,0.62,0,0,0,-0.7322121881156782
46,T_7,C_7_6,0.54,0.6,0,0,1,-9.959513657796748
5,T_8,C_8_4,0.66,0.7,1,0,0,1.900379438384327
24,T_10,C_10_3,0.51,0.0,1,0,0,2.6382949651875567
19,T_4,C_4_4,0.53,0.51,1,0,1,13.148208224171434
41,T_8,C_8_2,0.48,0.64,0,0,1,-18.889851390340198
43,T_10,C_10_4,0.52,0.0,0,0,0,-25.21967812301343
42,T_8,C_8_4,0.55,0.69,0,0,1,-15.647057468090807
2,T_9,C_9_12,0.56,0.47,0,0,0,-15.679834215153267
35,T_9,C_9_1,0.63,0.5,0,0,0,-12.423105071085267
13,T_9,C_9_1,0.59,0.52,0,0,0,-30.152572940272954
23,T_9,C_9_1,0.57,0.39,0,0,0,-23.313684051384037
22,T_7,C_7_8,0.63,0.55,0,0,1,-4.261869495356633
26,T_6,C_6_4,0.54,0.63,0,0,0,-18.150278866503356
25,T_7,C_7_8,0.69,0.54,1,0,1,6.439714870540003
21,T_6,C_6_5,0.55,0.61,1,0,1,23.352945639770766
24,T_10,C_10_2,0.48,0.0,1,0,0,6.0156225250011826
15,T_7,C_7_2,0.72,0.74,0,0,1,-13.458962638797658
18,T_7,C_7_1,0.56,0.56,1,0,1,12.286498677547979
43,T_10,C_10_1,0.49,0.0,0,0,0,-15.224807140692686
16,T_8,C_8_4,0.62,0.59,1,0,0,2.5311388144027607
44,T_9,C_9_1,0.71,0.57,1,0,1,9.339547585636575
3,T_7,C_7_8,0.59,0.55,1,0,1,8.619572095440507
8,T_9,C_9_1,0.65,0.57,1,0,0,27.558123540641937
17,T_9,C_9_1,0.71,0.58,1,0,1,3.738272348301887
27,T_8,C_8_4,0.5,0.67,0,0,1,-15.75279455952788
24,T_10,C_10_5,0.45,0.0,1,0,0,3.254534059506529
39,T_8,C_8_4,0.66,0.7,0,0,1,-41.10546608930527
20,T_9,C_9_1,0.74,0.66,0,0,1,-44.29080296004139
43,T_10,C_10_3,0.45,0.0,1,0,0,1.899847181245299
2,T_9,C_9_15,0.54,0.47,0,0,0,-10.624206814513606
35,T_9,C_9_15,0.61,0.5,0,0,0,-11.09046821268991
34,T_9,C_9_1,0.66,0.6,1,0,0,18.69625173471873
13,T_9,C_9_3,0.5,0.52,1,0,0,14.931367166067474
9,T_8,C_8_4,0.61,0.64,1,0,1,6.831124152701715
23,T_9,C_9_18,0.5,0.39,1,0,0,4.189568867161057
11,T_8,C_8_6,0.61,0.75,0,0,1,-25.41654143611876
45,T_9,C_9_1,0.69,0.6,0,0,0,-2.316758785560186
14,T_8,C_8_6,0.53,0.65,0,0,0,-0.3294937764637993
36,T_9,C_9_1,0.65,0.44,0,0,1,-28.206879935060627
28,T_8,C_8_4,0.51,0.6,0,0,1,-28.97126515613882
38,T_8,C_8_4,0.53,0.57,0,0,0,-27.595735174309624
10,T_9,C_9_1,0.64,0.56,0,0,1,-28.665389929003766
43,T_10,C_10_5,0.4,0.0,1,0,0,19.074636293272597
12,T_4,C_4_1,0.55,0.53,1,0,1,8.379721039035283
44,T_10,C_10_1,0.57,0.0,1,0,1,22.445983275573447
33,T_8,C_8_5,0.44,0.62,1,0,0,19.693896599613176
17,T_10,C_10_1,0.58,0.0,1,0,0,16.00360637850803
5,T_8,C_8_2,0.62,0.7,0,0,1,-34.05368502685414
8,T_9,C_9_8,0.61,0.57,1,0,1,24.943895167340376
20,T_10,C_10_4,0.66,0.0,1,0,0,43.943900970202634
37,T_9,C_9_1,0.63,0.47,0,0,0,-11.754565681417617
26,T_6,C_6_5,0.52,0.63,0,0,1,-12.934145260997234
43,T_10,C_10_2,0.38,0.0,1,0,0,10.011762110960598
47,T_9,C_9_1,0.66,0.6,0,0,0,-37.3234460734642
6,T_8,C_8_4,0.57,0.6,0,0,1,-34.4079784475649
7,T_9,C_9_1,0.61,0.57,0,0,0,-35.37440530607812
2,T_9,C_9_7,0.52,0.47,0,0,1,-4.044673046349619
19,T_5,C_5_9,0.51,0.53,0,0,0,-25.25869787202536
35,T_9,C_9_17,0.56,0.5,0,0,0,-12.542575982239384
46,T_8,C_8_4,0.6,0.63,0,0,1,-7.418549619147711
34,T_9,C_9_15,0.64,0.6,1,0,1,26.857114391357317
17,T_10,C_10_4,0.58,0.0,0,0,0,-3.2792882073948704
13,T_9,C_9_7,0.49,0.52,0,0,0,-21.75762360235364
36,T_10,C_10_4,0.44,0.0,0,0,1,-2.6448198403811354
23,T_9,C_9_7,0.48,0.39,0,0,0,-9.61612886608349
10,T_10,C_10_4,0.56,0.0,0,0,0,-3.732088220536607
20,T_10,C_10_1,0.61,0.0,1,0,1,27.333426979409687
41,T_9,C_9_1,0.64,0.52,0,0,0,-11.804136814523865
45,T_9,C_9_15,0.62,0.6,0,0,1,-10.736674127956693
21,T_7,C_7_8,0.61,0.54,0,0,0,-10.380256217508954
42,T_9,C_9_1,0.69,0.51,1,0,1,14.538436900087355
16,T_8,C_8_2,0.57,0.59,1,0,1,0.8773112781877259
8,T_10,C_10_4,0.57,0.0,0,0,1,-6.983094159449763
22,T_8,C_8_4,0.55,0.64,0,0,1,-35.299008648760974
17,T_10,C_10_3,0.55,0.0,1,0,1,9.09049599258334
25,T_8,C_8_4,0.54,0.61,0,0,0,-29.718205211773967
37,T_9,C_9_7,0.57,0.47,1,0,0,19.538400635900206
10,T_10,C_10_1,0.52,0.0,0,0,0,-2.966729671238607
18,T_8,C_8_4,0.56,0.66,0,0,1,-28.32471783691909
2,T_10,C_10_4,0.47,0.0,1,0,0,0.5871164826075805
15,T_8,C_8_4,0.74,0.78,1,0,0,2.065746822835436
47,T_9,C_9_15,0.65,0.6,1,0,1,15.223641559677588
7,T_9,C_9_15,0.6,0.57,1,0,1,5.757233949591267
34,T_10,C_10_4,0.6,0.0,1,0,1,17.825772295206363
3,T_8,C_8_4,0.55,0.59,1,0,1,8.515854939834462
35,T_9,C_9_12,0.53,0.5,0,0,1,-21.797215658111416
39,T_9,C_9_15,0.7,0.65,0,0,0,-58.000738829758674
27,T_9,C_9_1,0.67,0.46,0,0,0,-34.295164036577546
19,T_5,C_5_5,0.49,0.53,0,0,0,-11.701073145448518
13,T_9,C_9_15,0.48,0.52,0,0,1,-11.32026090295292
14,T_8,C_8_2,0.49,0.65,0,0,0,-18.702250308485617
23,T_9,C_9_4,0.45,0.39,1,0,0,12.104604588858905
45,T_10,C_10_4,0.6,0.0,1,0,1,4.239071857247726
10,T_10,C_10_5,0.47,0.0,1,0,1,8.879256555403416
42,T_10,C_10_4,0.51,0.0,1,0,0,7.654332404823808
2,T_10,C_10_3,0.45,0.0,1,0,1,40.241291968035924
38,T_8,C_8_2,0.5,0.57,1,0,1,4.523673598975012
11,T_9,C_9_1,0.75,0.57,1,0,1,12.35417213269935
41,T_9,C_9_15,0.59,0.52,1,0,0,10.070887675221336
33,T_8,C_8_1,0.44,0.62,0,0,0,-16.44742065865634
21,T_7,C_7_2,0.53,0.54,0,0,1,-14.488452311645801
9,T_9,C_9_1,0.64,0.55,0,0,0,-16.46735031867979
12,T_5,C_5_8,0.53,0.52,0,0,1,-5.790017115300614
28,T_9,C_9_1,0.6,0.47,1,0,1,13.403860337895235
37,T_9,C_9_4,0.53,0.47,0,0,1,-0.6073184944469894
26,T_7,C_7_8,0.63,0.55,0,0,0,-4.372195974026948
47,T_10,C_10_4,0.6,0.0,1,0,1,14.579616062673054
7,T_10,C_10_4,0.57,0.0,0,0,1,-9.573764273051918
5,T_9,C_9_1,0.7,0.61,0,0,1,-25.029209817606368
35,T_10,C_10_1,0.5,0.0,1,0,0,23.88931058678635
42,T_10,C_10_1,0.5,0.0,0,0,1,-2.007187228157356
13,T_10,C_10_4,0.52,0.0,1,0,0,14.670006546651042
6,T_9,C_9_1,0.6,0.54,0,0,1,-6.39894390264087
27,T_9,C_9_3,0.55,0.46,1,0,0,16.917808510015927
39,T_9,C_9_1,0.68,0.65,0,0,0,-5.997094003964701
46,T_9,C_9_15,0.63,0.55,1,0,0,4.2149569809716105
23,T_9,C_9_15,0.45,0.39,0,0,1,-5.571047445344558
11,T_10,C_10_3,0.57,0.0,0,0,1,-18.234747045863955
19,T_5,C_5_3,0.48,0.53,0,0,0,-17.81474125551466
35,T_10,C_10_3,0.46,0.0,0,0,1,-6.069741032539149
25,T_8,C_8_2,0.5,0.61,0,0,0,-3.7976555544115627
13,T_10,C_10_3,0.42,0.0,0,0,0,-1.0286463378216695
41,T_9,C_9_7,0.56,0.52,1,0,1,15.516552824354731
28,T_10,C_10_4,0.47,0.0,1,0,1,24.813616727636287
37,T_10,C_10_4,0.47,0.0,1,0,0,32.46604810509555
15,T_8,C_8_2,0.65,0.78,0,0,1,-50.991692973880205
9,T_9,C_9_15,0.63,0.55,0,0,1,-9.038053426290482
16,T_9,C_9_1,0.59,0.56,0,0,1,-23.54494206004479
22,T_9,C_9_1,0.64,0.53,1,0,0,4.652532107578621
5,T_10,C_10_1,0.61,0.0,0,0,0,-18.8078582483341
26,T_7,C_7_2,0.56,0.55,1,0,0,19.738353661418465
13,T_10,C_10_1,0.41,0.0,0,0,0,-3.909430395455935
6,T_10,C_10_4,0.54,0.0,0,0,1,-30.230034330462175
18,T_9,C_9_1,0.66,0.54,0,0,1,-20.974026646809676
37,T_10,C_10_3,0.44,0.0,1,0,0,9.648595564247879
27,T_9,C_9_2,0.53,0.46,0,0,0,-0.5943014946573015
23,T_10,C_10_4,0.39,0.0,1,0,1,9.460524319163401
39,T_9,C_9_12,0.66,0.65,0,0,1,-21.08997128804353
14,T_8,C_8_3,0.48,0.65,1,0,1,27.53928267189991
46,T_9,C_9_1,0.61,0.55,1,0,1,19.894673430599312
3,T_9,C_9_1,0.59,0.51,1,0,1,14.187605046119469
5,T_10,C_10_4,0.56,0.0,1,0,0,13.27654461282416
41,T_10,C_10_4,0.52,0.0,1,0,0,19.274504830738763
13,T_10,C_10_2,0.39,0.0,1,0,0,17.281912238146184
37,T_10,C_10_1,0.41,0.0,1,0,0,11.43914644894729
9,T_10,C_10_4,0.55,0.0,1,0,1,0.687014555826174
16,T_10,C_10_4,0.56,0.0,0,0,1,-27.380420130720935
19,T_5,C_5_8,0.48,0.53,0,0,0,-9.59869417364739
22,T_9,C_9_15,0.61,0.53,1,0,1,14.286153716819594
38,T_9,C_9_1,0.57,0.48,0,0,1,-1.495715971565641
5,T_10,C_10_3,0.54,0.0,1,0,1,5.110445742138925
41,T_10,C_10_1,0.5,0.0,1,0,1,8.325055028662138
18,T_10,C_10_4,0.54,0.0,1,0,1,2.279022666127922
13,T_10,C_10_5,0.38,0.0,1,0,1,3.8665265392979364
33,T_9,C_9_1,0.62,0.55,0,0,1,-24.503106392363236
37,T_10,C_10_2,0.36,0.0,0,0,0,-5.951382254432172
26,T_7,C_7_11,0.54,0.55,0,0,1,-10.74218206153061
12,T_6,C_6_5,0.52,0.58,1,0,0,9.649164715004074
39,T_10,C_10_1,0.65,0.0,0,0,0,-26.866450227517348
21,T_8,C_8_4,0.54,0.59,0,0,1,-18.06768959811137
27,T_9,C_9_15,0.52,0.46,0,0,0,-3.8346547416810086
3,T_10,C_10_4,0.51,0.0,0,0,1,-14.338036928828705
46,T_10,C_10_1,0.55,0.0,0,0,0,-16.130596117103778
37,T_10,C_10_5,0.33,0.0,1,0,1,14.19224464126155
25,T_8,C_8_6,0.49,0.61,0,0,1,-20.118561517987157
22,T_10,C_10_1,0.53,0.0,1,0,0,34.01529401145737
38,T_10,C_10_4,0.48,0.0,0,0,0,-0.8419407024794943
39,T_10,C_10_4,0.64,0.0,1,0,0,3.0206504360510245
46,T_10,C_10_4,0.51,0.0,0,0,1,-1.0324323188328073
33,T_10,C_10_4,0.55,0.0,0,0,0,-10.259842498492272
22,T_10,C_10_4,0.52,0.0,1,0,0,24.279351469617566
38,T_10,C_10_1,0.42,0.0,0,0,0,-15.705578446836128
19,T_5,C_5_1,0.48,0.53,1,0,1,0.18560458887811748
39,T_10,C_10_5,0.54,0.0,0,0,0,-13.124105232550463
33,T_10,C_10_1,0.53,0.0,1,0,0,11.597500399428178
22,T_10,C_10_3,0.48,0.0,1,0,0,23.688358816373533
15,T_9,C_9_15,0.78,0.73,1,0,1,2.52057732250503
38,T_10,C_10_2,0.39,0.0,0,0,1,-10.441088388240676
39,T_10,C_10_3,0.52,0.0,1,0,1,26.126422980001067
27,T_9,C_9_4,0.51,0.46,1,0,0,12.988971672266004
33,T_10,C_10_3,0.44,0.0,1,0,1,21.06785182673257
22,T_10,C_10_2,0.39,0.0,1,0,1,28.8888634998843
14,T_9,C_9_15,0.65,0.56,0,0,1,-17.88781879869328
15,T_10,C_10_1,0.73,0.0,0,0,1,-29.652361734981376
12,T_6,C_6_4,0.48,0.58,0,0,1,-10.357765084235762
27,T_9,C_9_7,0.5,0.46,0,0,1,-3.751850311452781
14,T_10,C_10_1,0.56,0.0,0,0,0,-8.848510875398077
14,T_10,C_10_4,0.51,0.0,1,0,0,19.610183986694164
14,T_10,C_10_3,0.5,0.0,1,0,0,19.71581836957838
27,T_10,C_10_3,0.46,0.0,1,0,0,20.46482401694069
26,T_8,C_8_4,0.55,0.62,1,0,1,5.39528759309958
14,T_10,C_10_2,0.43,0.0,1,0,1,20.453786489346825
21,T_9,C_9_1,0.59,0.51,0,0,1,-1.4937852545825443
27,T_10,C_10_4,0.44,0.0,1,0,1,2.7001594385206964
25,T_9,C_9_12,0.61,0.49,0,0,0,-37.646519507752494
19,T_6,C_6_5,0.53,0.61,0,0,0,-11.367895607938202
21,T_10,C_10_4,0.51,0.0,1,0,1,7.477492064418936
12,T_7,C_7_8,0.58,0.56,0,0,1,-8.555248422142332
25,T_9,C_9_1,0.6,0.49,0,0,1,-11.65469897159288
25,T_10,C_10_4,0.49,0.0,0,0,1,-4.829177566543473
19,T_6,C_6_9,0.48,0.61,0,0,1,-3.4560429101557073
26,T_9,C_9_1,0.62,0.49,0,0,1,-13.510400725978856
26,T_10,C_10_4,0.49,0.0,0,0,1,-6.461685272962738
12,T_8,C_8_4,0.56,0.6,0,0,1,-8.674797547715558
19,T_7,C_7_8,0.61,0.52,0,0,1,-4.029986327914733
19,T_8,C_8_4,0.52,0.65,0,0,0,-4.343758052555701
12,T_9,C_9_1,0.6,0.48,0,0,0,-7.8180468928182645
12,T_9,C_9_15,0.57,0.48,1,0,1,9.89555647570879
12,T_10,C_10_4,0.48,0.0,0,0,0,-4.733625821880079
12,T_10,C_10_1,0.48,0.0,1,0,1,14.111971830391926
19,T_8,C_8_2,0.51,0.65,1,0,1,18.52736484349233
19,T_9,C_9_1,0.65,0.53,0,0,1,-21.886370538300937
19,T_10,C_10_4,0.53,0.0,0,0,0,-12.804714920378476
19,T_10,C_10_1,0.48,0.0,1,0,1,10.215849569419865
