student_number,topic,arm_pulled,pay-off,pay-off_next_topic,actual_decision,skip_decision,reward,confidence_score,expected_reward
0,T_1,C_1_15,0.52,0.51,0,0,1,-10.0,0.49054048587007226
1,T_1,C_1_15,0.51,0.51,0,0,1,-10.0,0.5089126204752459
5,T_1,C_1_15,0.55,0.54,0,0,1,-10.0,0.5068462786835318
3,T_1,C_1_15,0.48,0.48,0,0,0,-10.0,0.42284511358327176
2,T_1,C_1_15,0.5,0.5,1,0,0,22.103585657370523,0.4585447861290862
4,T_1,C_1_15,0.52,0.51,1,0,0,27.811752988047807,0.47284890446794714
44,T_1,C_1_15,0.54,0.53,1,0,1,30.698207171314742,0.5425465325823462
17,T_1,C_1_15,0.54,0.53,0,0,0,-25.443018393160223,0.5684458348238908
19,T_1,C_1_15,0.5,0.5,0,0,0,-20.14808294132309,0.4318051373783171
16,T_1,C_1_15,0.52,0.51,0,0,0,-17.71610677449091,0.502121462863605
37,T_1,C_1_15,0.5,0.5,0,0,1,-21.74887738025059,0.4591970031072684
14,T_1,C_1_15,0.52,0.52,0,0,1,-23.635669833080783,0.41917664928436393
31,T_1,C_1_15,0.52,0.52,0,0,1,-25.071618194550496,0.49358256059655914
38,T_1,C_1_15,0.49,0.49,0,0,1,-17.38840071689409,0.4230734622018374
34,T_1,C_1_15,0.52,0.51,0,0,1,-20.62971154112448,0.5134531242139702
9,T_1,C_1_15,0.53,0.52,0,0,1,-21.95145930676499,0.47957194223256544
6,T_1,C_1_15,0.52,0.51,1,0,0,29.986021975055916,0.48637160041685096
39,T_1,C_1_15,0.55,0.54,1,0,1,31.132847371881315,0.5245813548138137
15,T_1,C_1_15,0.57,0.56,1,0,1,39.14177594330988,0.5832823424839134
35,T_1,C_1_15,0.52,0.51,1,0,1,25.103085467119403,0.44431227922772915
26,T_1,C_1_15,0.49,0.49,1,0,0,22.523720387754327,0.4172013058617605
33,T_1,C_1_15,0.51,0.5,1,0,0,27.281656895690833,0.4905988652950961
12,T_1,C_1_15,0.49,0.49,1,0,1,23.253879117913062,0.3992516621330374
48,T_1,C_1_15,0.54,0.53,1,0,0,30.628879117913065,0.5277276508077292
47,T_1,C_1_15,0.53,0.52,1,0,1,34.55149816553211,0.5150122596439588
11,T_1,C_1_15,0.55,0.54,1,0,1,27.918561657595603,0.5414223984947409
7,T_1,C_1_15,0.5,0.5,1,0,1,27.651696578230517,0.43378022887880907
45,T_1,C_1_15,0.54,0.53,1,0,0,33.2419743560083,0.5595738804868888
10,T_1,C_1_15,0.51,0.5,1,0,1,25.129871181405118,0.4713388671576818
46,T_1,C_1_15,0.52,0.51,1,0,1,30.236021975055916,0.46643313528197644
30,T_1,C_1_15,0.53,0.52,1,0,1,33.06737118140512,0.4908272669665922
27,T_1,C_1_15,0.51,0.5,1,0,0,21.298521975055916,0.4241785955240154
49,T_1,C_1_15,0.54,0.53,1,0,0,31.579643665555704,0.5283127436628926
43,T_1,C_1_15,0.51,0.51,1,0,0,25.122926736960675,0.5103599738611745
32,T_1,C_1_15,0.51,0.5,1,0,0,19.78661721315115,0.428690440164746
41,T_1,C_1_15,0.5,0.5,1,0,1,22.84316483219877,0.4334482398365267
20,T_1,C_1_15,0.55,0.54,1,0,0,34.03743640221292,0.5465985788618288
25,T_1,C_1_15,0.51,0.5,1,0,0,23.107053721087656,0.4500998550423898
24,T_1,C_1_15,0.51,0.51,1,0,1,28.114664124985193,0.4688338054350164
8,T_1,C_1_15,0.53,0.52,0,0,0,-12.27125511975827,0.5002951006981349
22,T_1,C_1_15,0.51,0.5,0,0,0,-13.581838700371526,0.41904533677324
18,T_1,C_1_15,0.53,0.52,0,0,1,-10.123876286919495,0.43450235810523885
13,T_1,C_1_15,0.49,0.49,0,0,0,-12.920117632122267,0.43443694777378916
42,T_1,C_1_15,0.51,0.51,0,0,0,-12.210918819065887,0.49007945942669756
40,T_1,C_1_15,0.53,0.52,0,0,1,-9.657011796316135,0.5205579136577608
36,T_1,C_1_15,0.51,0.5,0,0,0,-11.228722973368559,0.4592646427135548
21,T_1,C_1_15,0.49,0.49,0,0,1,-2.112995970401199,0.37651263800547774
29,T_1,C_1_15,0.5,0.5,0,0,1,-9.865790331246133,0.41362593027982875
28,T_1,C_1_15,0.49,0.49,0,0,0,-15.626293484725874,0.4154152514939149
23,T_1,C_1_15,0.48,0.48,0,0,1,-18.078684421065937,0.3692506316662544
3,T_1,C_1_14,0.52,0.48,1,0,1,28.79426359068235,0.4415423149697978
4,T_1,C_1_14,0.55,0.51,0,0,1,-4.520475100830804,0.4596562439547399
2,T_1,C_1_14,0.54,0.5,1,0,1,33.06479735049073,0.4263508834467584
17,T_1,C_1_14,0.57,0.53,1,0,1,1.4132493231791,0.5402115908336551
0,T_2,C_2_20,0.51,0.52,0,0,1,-12.252674987562134,0.48682387502994284
19,T_1,C_1_14,0.54,0.5,0,0,1,-8.56189408026258,0.46409437315168545
16,T_1,C_1_14,0.55,0.51,1,0,0,1.1723662061064335,0.4882061665025199
1,T_2,C_2_20,0.51,0.52,1,0,0,6.123487311106972,0.5024251000252008
26,T_1,C_1_14,0.53,0.35,1,0,0,23.56420411491205,0.4673635718756698
6,T_1,C_1_14,0.55,0.39,1,0,1,39.12753114704815,0.5093817558007718
5,T_2,C_2_20,0.54,0.55,1,0,0,40.60012093910864,0.5856471210707161
33,T_1,C_1_14,0.54,0.38,0,0,0,-6.170605244149193,0.5031583102694962
48,T_1,C_1_14,0.57,0.4,1,0,0,56.34810529948177,0.5191997152561737
45,T_1,C_1_14,0.57,0.4,1,0,0,58.98640868036014,0.5137924300248854
44,T_2,C_2_20,0.53,0.55,1,0,1,30.061239454378914,0.5784135405896905
27,T_1,C_1_14,0.54,0.39,1,0,0,1.2955541142680644,0.409044219203635
14,T_2,C_2_20,0.52,0.53,0,0,0,-31.753272176811723,0.4951461738942735
34,T_2,C_2_20,0.51,0.53,0,0,0,-3.997403632210797,0.5399181030005293
49,T_1,C_1_14,0.57,0.39,0,0,1,-19.358905979628638,0.5464309275131033
43,T_1,C_1_14,0.55,0.38,0,0,1,-10.903506918595772,0.4970869454357732
31,T_2,C_2_20,0.52,0.53,0,0,1,-21.70726278714038,0.5411776329630174
9,T_2,C_2_20,0.52,0.53,0,0,1,-11.275337904511264,0.518170076540724
38,T_2,C_2_20,0.49,0.49,1,0,0,14.257995428822078,0.4202882989163313
37,T_2,C_2_20,0.5,0.5,1,0,1,23.866165410913922,0.43881765161909314
32,T_1,C_1_14,0.54,0.37,1,0,1,16.29259465177616,0.44747914777261977
15,T_2,C_2_20,0.53,0.58,0,0,0,-18.430892425023103,0.6902931799022609
25,T_1,C_1_14,0.54,0.38,0,0,1,-24.002454632693816,0.47768034340512683
20,T_1,C_1_14,0.58,0.41,0,0,0,-18.000145258679176,0.5336444271007457
1,T_2,C_2_19,0.47,0.52,0,0,0,-5.382031346447616,0.4088697499605558
22,T_1,C_1_14,0.54,0.38,0,0,1,-30.17848326054658,0.4902980223745222
42,T_1,C_1_14,0.55,0.38,0,0,0,-6.997628423267171,0.4740980448633428
35,T_2,C_2_20,0.38,0.52,0,0,1,-14.440831402782994,0.4715857446116171
8,T_1,C_1_14,0.56,0.39,0,0,0,-19.790947941976782,0.5168063124363824
13,T_1,C_1_14,0.53,0.36,1,0,0,33.589233739512416,0.44824968492074546
47,T_2,C_2_20,0.38,0.53,1,0,0,58.46005158337859,0.5502478397422719
39,T_2,C_2_20,0.45,0.55,1,0,1,8.669560522770585,0.6013906134316621
0,T_3,C_3_13,0.52,0.66,1,0,0,4.069374994013627,0.4184563875278148
28,T_1,C_1_14,0.5,0.37,1,0,0,10.812417665627727,0.47678674619044037
5,T_2,C_2_19,0.51,0.55,1,0,0,27.101973204752966,0.41866458757799074
12,T_2,C_2_19,0.35,0.49,0,0,0,-2.7478963589720173,0.3707054920754139
36,T_1,C_1_14,0.54,0.37,1,0,0,12.95792301266603,0.4331174936376748
10,T_2,C_2_19,0.37,0.51,1,0,1,45.146726082323255,0.40451204485170833
11,T_2,C_2_19,0.4,0.55,0,0,0,-10.837182668034549,0.45107523018388107
16,T_1,C_1_13,0.58,0.37,1,0,1,16.826493424947586,0.5659350875580171
30,T_2,C_2_20,0.39,0.54,1,0,1,24.42229992582567,0.5438098232751369
46,T_2,C_2_19,0.38,0.44,0,0,1,-7.561320839637813,0.3785500122085227
24,T_2,C_2_20,0.37,0.44,0,0,1,-3.3420332106743906,0.5089748378135822
7,T_2,C_2_19,0.37,0.45,1,0,0,8.89304484258549,0.40147320631629346
41,T_2,C_2_19,0.36,0.45,1,0,0,35.42364104649278,0.3389749256677198
34,T_2,C_2_19,0.48,0.47,1,0,0,37.08632993556853,0.44157301850580205
26,T_1,C_1_13,0.56,0.39,1,0,0,4.159893020818155,0.5038653035764231
33,T_1,C_1_13,0.57,0.37,1,0,0,33.67233567118394,0.5709850426145837
14,T_2,C_2_19,0.49,0.45,1,0,1,17.60554701610618,0.4120372298633832
48,T_1,C_1_13,0.59,0.38,0,0,0,-42.082214122369436,0.6079384925534361
18,T_2,C_2_19,0.4,0.45,1,0,0,4.1239216391804945,0.3774367115591237
0,T_3,C_3_12,0.57,0.66,1,0,0,4.651674141455285,0.5089031723982315
15,T_2,C_2_19,0.54,0.48,1,0,0,56.100393638518725,0.5265785428731226
29,T_2,C_2_19,0.37,0.44,1,0,1,38.45573754075638,0.4045693012224376
17,T_2,C_2_19,0.42,0.46,1,0,1,43.623766605243176,0.49019026333108634
44,T_3,C_3_12,0.47,0.68,1,0,1,34.38125979325409,0.5915316915335397
40,T_2,C_2_19,0.38,0.45,1,0,0,29.92440239089261,0.392026379065281
38,T_2,C_2_19,0.44,0.45,1,0,1,39.74147101848904,0.3461885141732778
45,T_1,C_1_13,0.59,0.4,1,0,0,52.85399370451443,0.6156041027483183
4,T_2,C_2_18,0.37,0.44,1,0,0,25.34582673536744,0.537950607266109
21,T_2,C_2_19,0.37,0.43,1,0,0,18.31678862284476,0.37151481967448174
3,T_2,C_2_19,0.36,0.45,1,0,1,3.610548587830534,0.3338578695316712
31,T_3,C_3_12,0.46,0.67,1,0,0,34.37277432796428,0.5553403668329844
2,T_2,C_2_20,0.38,0.4,1,0,1,15.467711036825039,0.4640930164977466
37,T_3,C_3_12,0.45,0.64,1,0,1,43.61960977100225,0.48204261900005374
27,T_1,C_1_13,0.57,0.4,1,0,1,49.52990607709973,0.5260726087835602
1,T_2,C_2_18,0.54,0.38,1,0,0,13.289642281561662,0.5701834665441934
9,T_3,C_3_12,0.45,0.67,1,0,0,2.5937939061104043,0.538510277666752
23,T_2,C_2_18,0.36,0.38,0,0,0,-13.488533816200976,0.4586443500002375
19,T_2,C_2_18,0.35,0.42,0,0,1,-39.30676467104139,0.48596745445992495
47,T_2,C_2_18,0.45,0.39,1,0,1,27.282413172957323,0.5786924039898071
5,T_2,C_2_18,0.56,0.4,1,0,1,29.8254882397782,0.6090991041125791
6,T_2,C_2_18,0.37,0.42,1,0,0,34.94247707329535,0.5339120029504153
12,T_2,C_2_18,0.44,0.35,1,0,1,22.41317077437383,0.4801108762229296
20,T_1,C_1_13,0.6,0.36,1,0,0,26.313708408782425,0.596586985194618
11,T_2,C_2_18,0.45,0.39,0,0,0,-19.773921123884296,0.621938218338816
35,T_3,C_3_13,0.38,0.66,0,0,1,-27.782755542370182,0.45902954718772115
0,T_3,C_3_11,0.57,0.66,0,0,1,-20.995255542370185,0.5213922756913834
42,T_1,C_1_13,0.58,0.35,0,0,0,-24.27293411379876,0.6020157199509699
13,T_1,C_1_13,0.56,0.35,1,0,1,21.71696313113414,0.4287508278567647
39,T_3,C_3_13,0.41,0.68,1,0,1,3.3420744401279094,0.5052071593616013
7,T_2,C_2_18,0.46,0.37,0,0,1,-16.13042550441565,0.5103366473295404
8,T_1,C_1_13,0.59,0.37,0,0,0,-15.870639027547334,0.5066912705297657
41,T_2,C_2_18,0.43,0.37,0,0,1,-18.236391519764137,0.5039993812569066
10,T_3,C_3_13,0.36,0.65,0,0,0,-30.47666037986051,0.41786011780046695
34,T_2,C_2_18,0.54,0.39,0,0,1,-53.66686286653901,0.581581100191465
28,T_1,C_1_13,0.56,0.3,1,0,1,8.124324364059426,0.49574147119904366
31,T_3,C_3_11,0.45,0.67,1,0,0,13.338483656094802,0.5447185809451289
24,T_3,C_3_13,0.42,0.66,0,0,0,-15.461811329155926,0.49513018798842084
46,T_3,C_3_13,0.43,0.66,0,0,1,-29.993453105524853,0.49033801198438143
15,T_2,C_2_18,0.58,0.48,1,0,1,23.615104736701348,0.6695912212397529
9,T_3,C_3_11,0.44,0.67,1,0,1,11.475016630974482,0.521128336520725
30,T_3,C_3_13,0.46,0.67,1,0,1,43.302329406304864,0.49099648020888964
18,T_2,C_2_18,0.45,0.48,1,0,0,23.359598128771843,0.5495189944695589
36,T_1,C_1_13,0.57,0.36,0,0,0,-5.726833123942695,0.5636511482438695
49,T_2,C_2_18,0.4,0.44,0,0,1,-31.228593687322974,0.6063911589847559
43,T_2,C_2_20,0.38,0.38,0,0,0,-13.601411186962487,0.4734700670631794
14,T_3,C_3_13,0.42,0.67,0,0,1,-36.559353588979775,0.4988759845729047
32,T_2,C_2_20,0.39,0.42,0,0,1,-21.029116954448675,0.4611322681129951
33,T_1,C_1_12,0.58,0.34,0,0,1,-18.290291362862355,0.536488671694953
26,T_1,C_1_12,0.57,0.31,1,0,0,15.008142378497109,0.5591875097222128
40,T_2,C_2_18,0.43,0.43,0,0,0,-11.558208531917355,0.5640558084928868
25,T_2,C_2_20,0.35,0.38,0,0,0,-32.52240067165533,0.4584053661395209
4,T_2,C_2_20,0.37,0.42,0,0,0,-16.483972724057086,0.5374239505838205
21,T_2,C_2_20,0.35,0.37,0,0,1,-25.36257534414441,0.4394442741102462
48,T_1,C_1_12,0.6,0.32,0,0,0,-19.33681386278201,0.5664095703631542
44,T_4,C_4_5,0.68,0.57,1,0,1,7.256499166687867,0.4909136806627369
17,T_3,C_3_13,0.48,0.68,1,0,1,15.981955291796456,0.5658938894695484
29,T_3,C_3_13,0.39,0.64,1,0,1,7.592728532456775,0.4183206145387014
10,T_3,C_3_11,0.4,0.65,0,0,0,-6.479756746045016,0.5162387587032078
23,T_2,C_2_20,0.33,0.34,1,0,0,28.346632142843873,0.33946473579618475
1,T_2,C_2_17,0.51,0.37,1,0,1,26.750277976177195,0.5265560661252533
45,T_1,C_1_12,0.6,0.33,0,0,0,-11.800164860143521,0.5823960208283441
3,T_3,C_3_13,0.37,0.63,0,0,0,-19.366701406354803,0.4305685463809915
24,T_3,C_3_12,0.41,0.66,0,0,1,-19.07380712559225,0.5371589631994513
22,T_2,C_2_20,0.34,0.37,0,0,1,-30.07120747221268,0.4717922724896287
38,T_3,C_3_13,0.35,0.64,1,0,0,10.355188950544218,0.3501343107238518
31,T_3,C_3_10,0.48,0.67,1,0,0,12.521901303934762,0.5002795247729073
2,T_3,C_3_13,0.4,0.65,1,0,1,35.34292771039685,0.45666766872815834
37,T_4,C_4_5,0.64,0.53,1,0,0,59.07867900573362,0.3808494776223957
16,T_2,C_2_20,0.31,0.39,1,0,1,31.796295586044515,0.49008430578609957
11,T_2,C_2_17,0.43,0.4,0,0,1,-23.087849122558346,0.6570446174644369
6,T_2,C_2_20,0.35,0.44,0,0,0,-18.59344774443603,0.5044035319392339
19,T_3,C_3_12,0.36,0.62,0,0,1,-3.4893160414071724,0.5062098504452794
47,T_3,C_3_13,0.4,0.64,1,0,0,21.663093144027094,0.5028775267583161
12,T_3,C_3_13,0.37,0.59,0,0,1,-24.078412609107115,0.4330357983534776
5,T_3,C_3_13,0.45,0.65,0,0,0,-15.792829747357388,0.5065368603925455
39,T_4,C_4_5,0.68,0.57,0,0,0,-49.80223949928211,0.4823706518152626
0,T_4,C_4_5,0.66,0.55,1,0,1,8.334921825256808,0.4176495820756992
20,T_1,C_1_12,0.61,0.35,1,0,1,11.38701405412102,0.6112683550134419
35,T_4,C_4_5,0.66,0.55,1,0,0,7.526697981176627,0.4021983745167142
41,T_3,C_3_13,0.36,0.52,1,0,0,16.99558118663272,0.4382558719618703
8,T_1,C_1_12,0.59,0.3,0,0,0,-1.1013428669850285,0.557785482217358
43,T_2,C_2_17,0.35,0.34,0,0,1,-15.332832228687167,0.5102172980787436
18,T_2,C_2_17,0.43,0.43,0,0,0,-16.0962364840063,0.4936851516085336
10,T_3,C_3_10,0.48,0.55,1,0,0,0.4987308870596774,0.47145066413987347
3,T_3,C_3_10,0.4,0.51,1,0,0,10.314363852225368,0.40019072796093713
42,T_1,C_1_12,0.58,0.34,1,0,0,20.944780164884662,0.5686632156039043
34,T_3,C_3_10,0.35,0.58,1,0,1,1.02889231441738,0.48061699578486117
7,T_3,C_3_13,0.35,0.56,1,0,0,7.665572574005148,0.4362491807731578
38,T_3,C_3_10,0.38,0.54,1,0,0,24.06962063637563,0.38985116433017175
30,T_4,C_4_5,0.67,0.56,1,0,1,17.951724113898955,0.4753581684735809
15,T_3,C_3_13,0.43,0.63,1,0,1,11.551384843330686,0.6045038494222217
40,T_2,C_2_17,0.44,0.42,1,0,1,5.727805538835359,0.5596278824539788
46,T_4,C_4_5,0.66,0.55,0,0,0,-23.692270365766362,0.3953364999128399
9,T_4,C_4_5,0.67,0.55,1,0,0,35.79905557174708,0.43888185875863794
25,T_2,C_2_17,0.35,0.38,1,0,1,2.90743829825006,0.5286854846570885
31,T_3,C_3_9,0.48,0.54,1,0,0,17.831400755142962,0.5758897224205568
4,T_2,C_2_17,0.44,0.43,1,0,1,6.355935442114195,0.5060460410472833
49,T_3,C_3_13,0.39,0.54,1,0,0,2.589437980185263,0.539558306208612
36,T_1,C_1_12,0.58,0.34,1,0,0,10.85838237491059,0.5343969181527044
14,T_4,C_4_5,0.62,0.55,1,0,1,16.955192159378626,0.4163514661439893
32,T_3,C_3_13,0.37,0.53,1,0,1,15.210888361910264,0.43272538148585615
27,T_2,C_2_20,0.44,0.38,1,0,0,24.95941156866131,0.43913933324755916
23,T_2,C_2_17,0.35,0.34,1,0,1,43.71215418469507,0.40599112088433204
47,T_3,C_3_12,0.36,0.57,1,0,1,7.958412432788709,0.5795635259888349
26,T_1,C_1_11,0.56,0.29,1,0,0,32.73710224344805,0.39137509463058096
5,T_3,C_3_11,0.36,0.57,1,0,1,50.2976064451287,0.5845316287038833
21,T_3,C_3_13,0.42,0.54,0,0,1,-29.303302921132467,0.40782942619625384
37,T_4,C_4_4,0.71,0.53,1,0,0,5.875226831284262,0.38768464250783713
41,T_3,C_3_12,0.38,0.54,1,0,1,24.350439884558075,0.5136941411147755
48,T_1,C_1_11,0.59,0.28,0,0,0,-7.477615978080305,0.4650277427187165
17,T_4,C_4_5,0.58,0.57,0,0,0,-15.56958922222746,0.5165920797977115
13,T_2,C_2_20,0.33,0.4,0,0,0,-11.228452098481622,0.40314470334493613
29,T_4,C_4_5,0.55,0.53,0,0,1,-9.809555777411394,0.4167589929520517
6,T_2,C_2_17,0.38,0.34,1,0,0,44.07054105867367,0.42484427172733835
10,T_3,C_3_9,0.48,0.56,0,0,1,-17.360845979905307,0.5542736060689403
1,T_3,C_3_13,0.32,0.58,1,0,0,10.314424627921511,0.47604057505357894
24,T_4,C_4_5,0.55,0.54,0,0,0,-22.11022150030496,0.4643058016852909
44,T_5,C_5_13,0.57,0.63,0,0,0,-32.46992175009681,0.4603723033329311
3,T_3,C_3_9,0.4,0.55,0,0,1,-14.972369017625688,0.48818887005344164
22,T_3,C_3_13,0.37,0.57,1,0,1,27.420178820972723,0.4774229423232781
7,T_3,C_3_9,0.36,0.56,1,0,0,27.75672711779795,0.5480069661396865
2,T_4,C_4_5,0.56,0.54,0,0,0,-4.201914202283094,0.4219983884803605
45,T_1,C_1_11,0.59,0.31,1,0,1,30.342619233980514,0.48445694395046945
28,T_2,C_2_19,0.28,0.31,1,0,1,22.92024631297008,0.33289442734756314
38,T_3,C_3_9,0.38,0.55,1,0,1,17.67894453684655,0.512999028483016
39,T_4,C_4_4,0.74,0.57,0,0,0,-19.35169283236285,0.4987362094304802
16,T_3,C_3_13,0.31,0.54,0,0,0,-14.221725944945643,0.4045102180704293
19,T_4,C_4_4,0.52,0.53,0,0,1,-46.079155566135896,0.4358925612965956
11,T_3,C_3_13,0.39,0.55,0,0,1,-4.524674261838532,0.5374003466669767
35,T_4,C_4_4,0.72,0.55,0,0,0,-0.1539063014751889,0.43236576362144175
31,T_3,C_3_8,0.46,0.55,0,0,0,-46.498123093096545,0.5256959611709124
18,T_2,C_2_16,0.46,0.39,0,0,1,-2.8360100119367058,0.5831833328284908
49,T_3,C_3_12,0.36,0.52,0,0,1,-28.77471144446936,0.5898892209123487
12,T_4,C_4_4,0.52,0.52,0,0,0,-23.912160004140134,0.4089662199680304
33,T_2,C_2_16,0.29,0.33,1,0,0,4.403579692735686,0.545744637073892
43,T_3,C_3_12,0.33,0.45,1,0,1,0.670191669766055,0.5264879396685094
0,T_5,C_5_13,0.55,0.61,0,0,0,-4.617291054960322,0.4204210149762198
9,T_4,C_4_4,0.72,0.55,1,0,1,52.30139950804749,0.4333441628310361
8,T_1,C_1_11,0.58,0.3,1,0,0,49.39297759471963,0.4668945288804049
46,T_4,C_4_4,0.72,0.55,1,0,0,34.74620735759778,0.4353584257688182
34,T_4,C_4_4,0.54,0.43,0,0,0,-15.96221322077256,0.47378874106322444
15,T_4,C_4_4,0.57,0.46,0,0,1,-47.13277780525439,0.584714595883905
40,T_3,C_3_13,0.43,0.44,0,0,0,-20.35044476787469,0.5527872690450846
42,T_1,C_1_11,0.57,0.31,1,0,1,18.286929817516413,0.5067722018500528
25,T_3,C_3_13,0.37,0.46,0,0,1,-7.885008544202963,0.4407454486065817
27,T_2,C_2_19,0.3,0.36,1,0,0,7.286434261093312,0.40760147536777513
1,T_3,C_3_12,0.36,0.49,1,0,1,22.989250435744353,0.512450047117706
7,T_3,C_3_12,0.39,0.46,0,0,1,-1.6961750103990383,0.5124732503751335
4,T_3,C_3_13,0.44,0.46,0,0,0,-5.8488406000597735,0.5171860149794598
37,T_4,C_4_3,0.73,0.41,1,0,1,20.440335490408707,0.46724219937815475
30,T_5,C_5_13,0.56,0.62,1,0,0,2.869903736205977,0.509052704733543
23,T_3,C_3_12,0.36,0.45,1,0,0,37.660875904187435,0.37551544411729176
36,T_1,C_1_11,0.57,0.3,1,0,0,48.651269967247906,0.4494892949576601
32,T_4,C_4_5,0.55,0.42,0,0,1,-15.387306008440468,0.41961164409555574
44,T_5,C_5_12,0.56,0.63,1,0,1,31.904790278269132,0.55078547517483
16,T_3,C_3_12,0.41,0.49,1,0,1,2.831501403981459,0.49707812064513723
17,T_4,C_4_4,0.58,0.45,1,0,1,8.821855101730666,0.5163385565038003
47,T_4,C_4_3,0.44,0.43,1,0,0,10.345728280468535,0.5752089435468192
13,T_2,C_2_18,0.33,0.43,0,0,1,-6.531478782131771,0.493631968845562
6,T_2,C_2_16,0.44,0.35,1,0,0,39.254588839550294,0.5507841463892184
20,T_2,C_2_20,0.31,0.4,1,0,1,23.810322600576786,0.6164270235725429
5,T_4,C_4_5,0.52,0.45,1,0,0,57.20647336240515,0.49967246611082494
26,T_1,C_1_10,0.55,0.25,0,0,0,-3.5495301485853155,0.46142793815107563
21,T_4,C_4_5,0.47,0.39,0,0,1,-24.922927584482743,0.38763317306011447
14,T_5,C_5_12,0.43,0.62,0,0,0,-23.174530148585298,0.46195789015977157
31,T_3,C_3_7,0.49,0.49,0,0,0,-10.090395533200692,0.5963534840085949
24,T_4,C_4_4,0.54,0.42,1,0,1,11.564361605843887,0.4633388884483728
41,T_4,C_4_5,0.51,0.42,1,0,1,11.734832807086015,0.40845550879142617
2,T_4,C_4_4,0.58,0.42,0,0,1,-15.598798426834357,0.44574068981538933
48,T_1,C_1_10,0.59,0.29,1,0,0,19.737158304897893,0.533063350075248
10,T_4,C_4_3,0.47,0.42,0,0,1,-18.005719863955335,0.5671900309702272
39,T_4,C_4_3,0.77,0.45,1,0,1,17.91768993290202,0.6424644304332543
35,T_4,C_4_3,0.75,0.43,1,0,1,29.058992122358074,0.523254225101887
3,T_4,C_4_3,0.45,0.42,1,0,0,16.448499276571123,0.4548392861077064
0,T_5,C_5_12,0.53,0.61,1,0,1,19.781483664968288,0.4841297158754832
40,T_3,C_3_12,0.44,0.45,0,0,0,-13.263835753532243,0.5812839351726753
38,T_4,C_4_5,0.45,0.4,0,0,0,-3.13774534909137,0.36710768477851385
28,T_3,C_3_12,0.32,0.44,0,0,0,-43.177462400057124,0.46634816681271396
29,T_5,C_5_12,0.4,0.6,0,0,0,-53.42706620354363,0.46487406947474647
22,T_4,C_4_3,0.45,0.39,0,0,1,-49.67390510119505,0.49852459978611346
12,T_4,C_4_5,0.54,0.39,0,0,1,-2.100733177805896,0.39040432135044306
33,T_2,C_2_15,0.29,0.37,0,0,0,-6.346777481603391,0.5831078184572549
4,T_3,C_3_12,0.42,0.42,0,0,0,-5.078332633929399,0.550316088836162
46,T_4,C_4_3,0.75,0.41,1,0,0,12.838794437893792,0.5501765270491162
34,T_4,C_4_3,0.57,0.42,0,0,1,-9.746051655239585,0.5487817108250794
23,T_3,C_3_11,0.38,0.46,0,0,1,-9.887629664347283,0.37187279208427204
11,T_4,C_4_5,0.5,0.41,1,0,0,18.900881495984137,0.5038743069472313
19,T_5,C_5_12,0.4,0.6,0,0,0,-30.55869188832932,0.4702663218003039
18,T_3,C_3_13,0.39,0.5,0,0,1,-18.925795270863098,0.4757979190003135
49,T_4,C_4_3,0.48,0.39,0,0,1,-18.927365129575804,0.585600999543906
43,T_4,C_4_3,0.47,0.38,1,0,0,1.2178468013504045,0.49692059414466894
30,T_5,C_5_12,0.54,0.62,1,0,0,30.634043904739627,0.5400054087638574
27,T_2,C_2_17,0.36,0.4,0,0,0,-7.446649481748604,0.528311182517345
8,T_1,C_1_10,0.58,0.3,0,0,1,-28.644922530571108,0.4788403614092088
31,T_3,C_3_6,0.51,0.41,1,0,0,32.90997384237529,0.50846172432888
9,T_5,C_5_12,0.4,0.62,1,0,0,35.81070803230405,0.4580698205248813
25,T_4,C_4_3,0.47,0.37,0,0,1,-15.701965723571554,0.48347886806681406
15,T_5,C_5_11,0.4,0.65,0,0,1,-14.493729515335364,0.5698518111348221
1,T_4,C_4_3,0.46,0.36,1,0,0,14.10015102955607,0.5286880686021295
7,T_4,C_4_5,0.45,0.39,1,0,0,20.259585406457838,0.41524266089963763
14,T_5,C_5_11,0.46,0.62,1,0,0,16.945920810184553,0.4911527799088053
47,T_4,C_4_5,0.49,0.39,1,0,0,9.157215800345739,0.4713923982549476
45,T_2,C_2_20,0.29,0.38,0,0,1,-9.887710613287107,0.5782144079401141
6,T_2,C_2_15,0.43,0.31,1,0,0,14.327987252144695,0.6099072759839544
28,T_3,C_3_11,0.35,0.38,1,0,1,50.497744470532936,0.4538165890021187
16,T_4,C_4_5,0.48,0.39,1,0,0,29.89292448163258,0.4259519908740848
40,T_3,C_3_11,0.42,0.47,1,0,0,31.312229500937637,0.5121919137917784
5,T_4,C_4_4,0.48,0.38,0,0,1,-0.032506902132155346,0.49163246043577125
36,T_1,C_1_10,0.56,0.3,1,0,0,31.891761678209892,0.39886423723991926
32,T_5,C_5_11,0.36,0.6,0,0,0,-5.824458336949322,0.4525885906734617
4,T_3,C_3_11,0.38,0.45,0,0,0,-13.242653398239055,0.5241971506980473
37,T_5,C_5_12,0.36,0.6,1,0,0,21.669777276389915,0.4326136017365798
13,T_3,C_3_12,0.42,0.51,1,0,1,4.449997147433226,0.4618119045956708
20,T_3,C_3_12,0.39,0.52,1,0,1,1.9845593594147903,0.64791824347415
29,T_5,C_5_11,0.45,0.6,0,0,1,-40.209200049629445,0.4468408704155724
3,T_4,C_4_5,0.48,0.39,0,0,0,-13.460159374264892,0.3858992727625859
26,T_1,C_1_9,0.62,0.24,0,0,1,-13.280480224214763,0.5338280136489064
44,T_6,C_6_9,0.63,0.57,1,0,0,7.76982685968648,0.6182286965342132
38,T_4,C_4_4,0.51,0.33,1,0,0,18.393680070695645,0.31700267016632394
31,T_3,C_3_5,0.58,0.38,1,0,0,25.23915339948819,0.5912931777688376
33,T_2,C_2_14,0.31,0.3,1,0,0,23.642970193381316,0.47200019633787976
17,T_5,C_5_11,0.38,0.63,0,0,1,-6.951347412781452,0.5602690512843612
21,T_5,C_5_11,0.37,0.59,0,0,0,-0.9560606971854568,0.47039511047073057
19,T_5,C_5_11,0.45,0.6,0,0,1,-29.04899397668948,0.5056929948038436
24,T_5,C_5_11,0.41,0.61,0,0,0,-39.239252728592064,0.5108073917602759
41,T_5,C_5_11,0.39,0.6,0,0,1,-21.98126186101217,0.43712811316534916
42,T_2,C_2_20,0.31,0.36,0,0,1,-10.399070080190263,0.5352725573865096
48,T_1,C_1_9,0.64,0.31,0,0,0,-23.448537355684945,0.5532410848570697
46,T_4,C_4_2,0.8,0.36,1,0,0,59.01898125117995,0.3964103592758003
30,T_5,C_5_11,0.57,0.62,1,0,0,60.847248728383576,0.5126390347784368
11,T_4,C_4_4,0.52,0.35,1,0,0,45.53189918431062,0.5458196365666944
10,T_5,C_5_11,0.39,0.6,1,0,1,28.55169868710337,0.4874987739168847
2,T_5,C_5_11,0.36,0.6,1,0,0,28.324839810016897,0.4965537443070164
40,T_3,C_3_10,0.38,0.43,1,0,0,15.209095519986406,0.47625116185625893
43,T_4,C_4_5,0.48,0.33,1,0,1,24.8987245888736,0.3926203409434385
9,T_5,C_5_11,0.46,0.62,1,0,1,8.88282754118245,0.48336106804144435
39,T_5,C_5_10,0.34,0.63,1,0,1,3.3636259094474568,0.5874156090399331
35,T_5,C_5_11,0.33,0.48,1,0,1,30.24407206501313,0.4518991459479341
23,T_4,C_4_5,0.4,0.37,1,0,0,8.53482564193839,0.3251138196442207
14,T_5,C_5_10,0.49,0.49,1,0,1,6.789389285556961,0.5361214811916476
0,T_6,C_6_9,0.61,0.55,1,0,0,19.511415186319283,0.5026444460483409
27,T_2,C_2_16,0.37,0.41,1,0,1,20.837207041522902,0.418231313082565
22,T_5,C_5_10,0.36,0.48,0,0,1,-30.3470469427399,0.5251360599758035
4,T_3,C_3_10,0.36,0.42,1,0,1,25.808942137735492,0.4871916278855145
12,T_5,C_5_10,0.33,0.46,1,0,1,29.493657319325834,0.4661448076387475
34,T_5,C_5_10,0.35,0.49,1,0,1,38.32536280392388,0.5778099387252873
18,T_4,C_4_5,0.5,0.36,0,0,0,-2.907614162524167,0.46099259142528715
1,T_4,C_4_2,0.53,0.34,0,0,1,-5.304163187167717,0.3725288784864127
47,T_4,C_4_2,0.62,0.35,1,0,0,21.923943877079605,0.4295040908182416
7,T_4,C_4_2,0.46,0.36,1,0,1,4.255278209913193,0.39979101476724777
6,T_2,C_2_14,0.46,0.31,1,0,1,26.878672692447207,0.48080572651484704
32,T_5,C_5_10,0.4,0.48,0,0,1,-5.312937682140786,0.4795267279300266
16,T_4,C_4_2,0.46,0.35,1,0,0,25.21200602578053,0.4559935362447719
37,T_5,C_5_10,0.39,0.47,1,0,1,6.398589039528314,0.49631069984183374
31,T_3,C_3_4,0.61,0.38,1,0,1,24.83545390366692,0.6881598725824737
49,T_5,C_5_10,0.36,0.51,0,0,0,-2.0201930671632944,0.6520827267185616
45,T_3,C_3_12,0.37,0.44,1,0,1,9.403391338759576,0.5637122960141812
28,T_4,C_4_4,0.38,0.34,0,0,0,-2.7548138900058117,0.3594920117766413
25,T_5,C_5_10,0.34,0.49,0,0,0,-3.4100887785644813,0.5294803261649303
21,T_5,C_5_10,0.42,0.45,1,0,1,2.3608032016819873,0.43801465050412036
3,T_4,C_4_2,0.59,0.3,1,0,1,10.10635216310631,0.33074605044617844
15,T_6,C_6_9,0.65,0.6,1,0,1,0.9776333407233064,0.7138850576463227
44,T_6,C_6_8,0.63,0.57,1,0,0,8.033230079047994,0.6073699659823626
40,T_3,C_3_9,0.43,0.47,0,0,1,-16.39904293525613,0.5236917912987022
38,T_4,C_4_3,0.58,0.33,0,0,0,-10.095339231552469,0.5091547647981153
24,T_5,C_5_10,0.45,0.48,0,0,0,-37.89463412970743,0.5502286658191557
33,T_2,C_2_13,0.3,0.31,1,0,0,15.08829548964324,0.50902397872057
13,T_4,C_4_5,0.45,0.33,0,0,1,-2.933138361058889,0.3809682494458378
30,T_5,C_5_10,0.61,0.48,1,0,1,22.33884981336831,0.4940052884071083
5,T_5,C_5_10,0.35,0.5,1,0,1,29.536928157788086,0.5449892707944569
36,T_1,C_1_9,0.63,0.31,1,0,0,28.204333922754838,0.45617293330263375
2,T_5,C_5_10,0.39,0.49,0,0,1,-14.607155071012473,0.5184212956843675
46,T_4,C_4_1,1.0,0.36,1,0,0,2.769481955478568,0.5401958296587429
20,T_4,C_4_5,0.49,0.32,1,0,0,5.306992432353248,0.5469641784585993
8,T_2,C_2_19,0.31,0.4,0,0,0,-25.56311391472791,0.41459089660334136
11,T_4,C_4_3,0.69,0.34,0,0,1,-16.509523160701814,0.5923726279577229
29,T_6,C_6_8,0.46,0.54,0,0,0,-1.7751867609436545,0.5005133237624735
42,T_3,C_3_13,0.37,0.39,0,0,0,-8.870424548367334,0.47556228189869443
23,T_4,C_4_4,0.49,0.37,1,0,0,2.170594056013641,0.3074248402175146
41,T_6,C_6_8,0.49,0.54,0,0,1,-10.381763577851094,0.5105772807389515
48,T_1,C_1_8,0.6,0.31,1,0,0,6.2287781498209185,0.3665125007349259
17,T_6,C_6_8,0.5,0.57,0,0,1,-6.723774221971384,0.5992152240497618
0,T_6,C_6_8,0.61,0.55,1,0,1,2.3811491227689103,0.5276343220752493
19,T_6,C_6_8,0.47,0.54,0,0,0,-7.022804959543782,0.48246544351089005
18,T_4,C_4_4,0.59,0.36,1,0,0,0.3276067166028085,0.462518233544162
43,T_5,C_5_11,0.33,0.38,0,0,0,-28.512554723121944,0.4484924986377792
47,T_4,C_4_1,0.72,0.32,1,0,1,0.010822843392865877,0.5573104796168514
10,T_6,C_6_8,0.49,0.54,0,0,0,-12.865748824891712,0.5241906459816309
49,T_5,C_5_9,0.36,0.4,0,0,0,-18.098554616935107,0.5275267413219827
4,T_4,C_4_5,0.43,0.3,0,0,0,-0.0673726009815141,0.44579118062954304
35,T_6,C_6_8,0.5,0.55,1,0,1,50.12187554144472,0.49835782586536276
26,T_2,C_2_18,0.24,0.3,0,0,1,-12.039167055925194,0.49648667517397344
25,T_5,C_5_9,0.34,0.39,0,0,0,-5.205592526258032,0.4350247426893853
27,T_3,C_3_13,0.41,0.48,0,0,0,-13.454507142755872,0.4166843290026346
16,T_4,C_4_1,0.55,0.35,1,0,1,33.454068459476304,0.5028404624065546
39,T_6,C_6_8,0.5,0.58,1,0,1,27.387509312276002,0.6403216118901781
9,T_6,C_6_8,0.49,0.56,1,0,0,31.7581740521604,0.5752831486106886
14,T_6,C_6_8,0.49,0.56,1,0,0,22.659908156206654,0.569658639350844
28,T_4,C_4_3,0.46,0.34,0,0,0,-29.032293521047396,0.5054755475144347
6,T_3,C_3_12,0.31,0.41,0,0,1,-25.908463427454876,0.5390762019384812
12,T_6,C_6_8,0.48,0.53,0,0,0,-17.848157633213376,0.44227117203379523
22,T_6,C_6_8,0.48,0.55,1,0,0,4.673739557876324,0.5434715963623447
34,T_6,C_6_8,0.5,0.56,1,0,0,10.911976747692616,0.5512021024379641
24,T_5,C_5_9,0.44,0.44,1,0,0,2.7740457132098637,0.48599038942282846
7,T_5,C_5_9,0.31,0.42,1,0,0,7.592462480240405,0.43499619502945386
1,T_5,C_5_13,0.32,0.41,1,0,0,45.283417387035584,0.4532460725533346
42,T_3,C_3_12,0.37,0.37,1,0,1,51.412357215115804,0.5302037581696125
45,T_4,C_4_4,0.45,0.33,1,0,0,53.26336008044532,0.47344715626848355
31,T_4,C_4_5,0.39,0.29,1,0,0,13.403803786052741,0.45146484605746806
38,T_4,C_4_1,0.66,0.34,1,0,0,25.78605145963897,0.46365595826229133
33,T_2,C_2_20,0.3,0.31,1,0,1,21.546967708744212,0.5150929750132456
44,T_6,C_6_7,0.61,0.57,1,0,0,16.58848524632475,0.41943681401843136
32,T_6,C_6_9,0.41,0.55,0,0,0,-8.72506716394367,0.5222243474178117
20,T_4,C_4_4,0.62,0.32,1,0,0,20.658423271035417,0.5429054244608872
37,T_6,C_6_9,0.4,0.54,0,0,0,-10.848951325887786,0.5097839394167926
40,T_4,C_4_5,0.47,0.33,1,0,0,16.435253185560455,0.45799457307685126
27,T_3,C_3_12,0.46,0.49,1,0,0,15.574457731014972,0.44220258216946634
15,T_7,C_7_14,0.6,0.69,1,0,0,30.119319496290153,0.5456265846933331
21,T_6,C_6_9,0.48,0.53,1,0,0,21.239262718433537,0.4689827559898031
3,T_5,C_5_9,0.31,0.38,1,0,1,9.90312472005432,0.3962965709369016
8,T_2,C_2_18,0.32,0.4,0,0,0,-0.8372143584122291,0.5203664904194292
43,T_5,C_5_12,0.32,0.38,1,0,0,2.0444298655423996,0.4741991609260733
23,T_4,C_4_3,0.56,0.33,1,0,1,13.243608516490129,0.3950434763033226
29,T_6,C_6_9,0.47,0.54,0,0,0,-13.051479185925116,0.5174956031787088
36,T_1,C_1_8,0.57,0.31,1,0,0,31.40335486530747,0.3753310431676572
19,T_6,C_6_9,0.48,0.54,0,0,1,-0.5566377223537309,0.5188092397852397
18,T_4,C_4_3,0.67,0.36,1,0,0,32.795852639990265,0.5277852536505582
49,T_5,C_5_8,0.37,0.42,1,0,1,17.26693320213462,0.5731203672377544
13,T_5,C_5_13,0.33,0.42,1,0,0,1.9326650518379367,0.4299752179535582
25,T_5,C_5_8,0.35,0.38,1,0,0,25.526281705135773,0.47478585901550585
4,T_4,C_4_4,0.51,0.3,1,0,1,18.54665672797857,0.4890508184556672
30,T_6,C_6_9,0.53,0.44,1,0,0,17.769078103929036,0.5379935102397384
10,T_6,C_6_7,0.44,0.45,1,0,0,12.592814058985208,0.4278135239030283
41,T_7,C_7_14,0.54,0.63,1,0,1,15.73677473314251,0.40914015964045625
5,T_6,C_6_9,0.45,0.48,1,0,1,36.21360057583912,0.5841441777110788
46,T_5,C_5_13,0.36,0.42,1,0,0,13.786275028825557,0.46177873021201665
2,T_6,C_6_9,0.38,0.42,1,0,0,21.031889063913273,0.4946741088276733
48,T_1,C_1_7,0.63,0.32,1,0,1,35.097853976193946,0.4413004923883256
17,T_7,C_7_14,0.57,0.67,1,0,1,32.31399432707116,0.4969147101663752
11,T_5,C_5_12,0.34,0.36,1,0,0,18.589783800755356,0.5577528241187169
24,T_5,C_5_8,0.46,0.36,1,0,0,19.526263970230158,0.49406373368870327
0,T_7,C_7_14,0.55,0.65,1,0,1,21.347512932323735,0.46383743170773234
9,T_6,C_6_9,0.45,0.47,1,0,0,6.251587298249255,0.5693887045842942
7,T_5,C_5_8,0.32,0.35,0,0,1,-3.409714311267889,0.47843316305200584
26,T_3,C_3_11,0.31,0.42,1,0,1,18.831228985205595,0.4753179163566815
1,T_5,C_5_11,0.34,0.34,1,0,1,24.124525074591066,0.48451454158763496
14,T_6,C_6_9,0.45,0.46,1,0,1,28.495496169539724,0.5620129131746963
28,T_4,C_4_2,0.57,0.32,1,0,0,1.4379517062229539,0.3360844183048167
35,T_7,C_7_14,0.55,0.64,1,0,1,13.586590924645858,0.45443121114898494
27,T_3,C_3_11,0.43,0.49,0,0,1,-4.070073415898467,0.464878178675145
12,T_6,C_6_7,0.42,0.43,0,0,0,-0.43713552336529915,0.36485540796401184
15,T_7,C_7_13,0.61,0.69,0,0,1,-4.3294882671762345,0.6289677601015586
6,T_4,C_4_4,0.38,0.34,1,0,1,20.71202367559939,0.39713489589702716
22,T_6,C_6_9,0.44,0.45,0,0,1,-20.791509173099556,0.5465413986449075
39,T_7,C_7_13,0.49,0.67,0,0,1,-15.140771434919863,0.5951319345194823
47,T_5,C_5_13,0.3,0.34,0,0,1,-8.665475679874643,0.4737367141304867
45,T_4,C_4_3,0.49,0.33,1,0,0,38.45340608876134,0.571966242595423
34,T_6,C_6_7,0.46,0.46,1,0,0,18.474268397523527,0.4667217388699073
31,T_4,C_4_4,0.45,0.28,1,0,1,6.572321248705723,0.5108602825707458
38,T_4,C_4_2,1.0,0.32,1,0,0,35.96472450742057,0.3798885475594857
16,T_5,C_5_12,0.35,0.38,1,0,0,25.60336245043654,0.4642477809408801
20,T_4,C_4_3,0.66,0.3,0,0,1,-10.21841723839055,0.5689096445753596
44,T_6,C_6_6,0.64,0.45,0,0,1,-52.74685958167069,0.5049988963552812
40,T_4,C_4_4,0.49,0.3,1,0,1,7.498560801969536,0.5030451189905394
43,T_5,C_5_10,0.4,0.35,1,0,1,0.3777571945393223,0.5423914894179669
37,T_6,C_6_8,0.39,0.47,1,0,0,7.289183611191877,0.48135858360493705
33,T_3,C_3_12,0.33,0.37,1,0,1,2.511021897301081,0.5389019238801684
32,T_6,C_6_8,0.39,0.42,1,0,1,2.206944495780686,0.5023368312152806
21,T_6,C_6_6,0.37,0.42,0,0,0,-9.829439247079362,0.4583428730298951
42,T_4,C_4_3,0.37,0.28,0,0,0,-10.28360878532886,0.5572741850095159
8,T_2,C_2_17,0.34,0.4,0,0,1,-22.379618376890093,0.489888392755958
25,T_5,C_5_7,0.38,0.36,0,0,0,-0.9684613520967176,0.47096603850783414
18,T_4,C_4_2,0.79,0.36,0,0,1,-10.87879932482911,0.40672487606257524
13,T_5,C_5_11,0.31,0.34,0,0,0,-2.0602372453294144,0.4042849630693175
29,T_6,C_6_6,0.45,0.43,0,0,0,-14.316677005647554,0.4143322469063466
46,T_5,C_5_10,0.32,0.42,0,0,0,-31.416402823901564,0.5105135690580925
30,T_6,C_6_8,0.44,0.48,1,0,1,37.211862528197194,0.4969060497612196
11,T_5,C_5_11,0.35,0.4,1,0,1,30.407900779563313,0.5319293922636298
10,T_6,C_6_6,0.49,0.41,1,0,0,19.295195861530527,0.5102349428293738
24,T_5,C_5_7,0.5,0.39,1,0,1,9.796820109512113,0.47198450615434895
23,T_5,C_5_11,0.33,0.33,1,0,0,7.154262282055667,0.3814231653487772
3,T_6,C_6_6,0.34,0.39,0,0,1,-35.81836640358289,0.38338040460902095
36,T_1,C_1_7,0.6,0.32,0,0,0,-4.360622196195164,0.40572642360567246
19,T_7,C_7_14,0.46,0.64,0,0,0,-15.975626869886488,0.38867368115355133
2,T_6,C_6_8,0.39,0.48,1,0,1,6.760106825765671,0.4423227818306186
9,T_6,C_6_6,0.49,0.4,0,0,0,-7.740577893354183,0.4413556973488192
49,T_6,C_6_6,0.38,0.39,0,0,1,-15.809660616901429,0.4939712538112327
4,T_5,C_5_10,0.29,0.37,1,0,1,2.887589136234663,0.5170458731892074
5,T_7,C_7_14,0.42,0.67,1,0,0,10.90921075785625,0.5175874762345667
28,T_4,C_4_1,0.61,0.35,1,0,0,4.001778325423826,0.5025571227974831
12,T_6,C_6_6,0.46,0.44,0,0,0,-17.276592663655613,0.34695847171248284
16,T_5,C_5_13,0.37,0.41,0,0,1,-9.179940683633092,0.4429759612486325
26,T_4,C_4_5,0.43,0.31,0,0,1,-0.6470870875047599,0.38534652305671013
41,T_8,C_8_6,0.63,0.51,0,0,1,-10.23198246237439,0.45408543335713625
14,T_7,C_7_14,0.4,0.65,0,0,1,-7.2627419951961985,0.42685729516886656
45,T_4,C_4_2,0.57,0.34,1,0,0,19.517160386025846,0.48290581606301897
27,T_4,C_4_5,0.49,0.31,1,0,0,13.403142498841174,0.408808098887104
7,T_6,C_6_6,0.35,0.35,0,0,1,-5.377459955869416,0.45303674482642914
25,T_5,C_5_6,0.37,0.35,1,0,1,10.684224714958477,0.47010868482519663
17,T_8,C_8_6,0.67,0.55,1,0,0,15.25531596386302,0.5069096132179701
34,T_6,C_6_6,0.51,0.37,0,0,0,-4.697459777020127,0.4829011680105467
0,T_8,C_8_6,0.65,0.53,1,0,0,24.690382752959604,0.4464996426920871
1,T_6,C_6_8,0.33,0.43,0,0,1,-12.663847176515795,0.5161137832394798
22,T_7,C_7_13,0.37,0.6,0,0,1,-33.50002305926059,0.4365117887863135
13,T_5,C_5_10,0.38,0.35,0,0,1,-17.95505303927395,0.4475850061931077
42,T_4,C_4_4,0.41,0.27,1,0,1,7.994475060501524,0.4635103908927142
37,T_6,C_6_6,0.44,0.45,1,0,0,11.269441771553453,0.35191314730043255
19,T_7,C_7_13,0.5,0.61,1,0,1,0.2731839542985055,0.4486137648586273
21,T_6,C_6_5,0.46,0.37,1,0,0,3.9152331891621026,0.4818754142083579
46,T_5,C_5_11,0.34,0.43,0,0,1,-6.6100469243696836,0.5172831554348564
44,T_7,C_7_14,0.4,0.63,0,0,0,-28.021007728780532,0.4825309552873828
35,T_8,C_8_6,0.64,0.53,1,0,1,16.85035377978101,0.40008384403173824
23,T_5,C_5_13,0.34,0.33,1,0,1,26.212903580577798,0.40108275799522675
6,T_5,C_5_13,0.36,0.37,1,0,0,7.214231601826167,0.47677504965534867
5,T_7,C_7_13,0.49,0.53,1,0,0,12.27838243049554,0.5407154088439242
48,T_2,C_2_20,0.32,0.35,1,0,0,12.161594109327659,0.5564045588193527
39,T_8,C_8_6,0.67,0.55,0,0,1,-32.32982015667989,0.5451069586620036
15,T_8,C_8_6,0.69,0.57,0,0,1,-26.60293774255537,0.6109650620958176
31,T_5,C_5_10,0.26,0.38,0,0,0,-24.380184636467824,0.5689620322838299
29,T_6,C_6_5,0.56,0.37,0,0,1,-6.976289454723547,0.5340426812227173
47,T_6,C_6_5,0.35,0.37,0,0,0,-19.160935384571328,0.586714925522544
33,T_4,C_4_5,0.37,0.3,0,0,0,-25.403159077489917,0.4122351001657153
10,T_6,C_6_5,0.57,0.36,1,0,1,8.866722990254736,0.5297592973962518
32,T_7,C_7_14,0.4,0.5,0,0,0,-19.874356740585235,0.42087987958747985
20,T_5,C_5_13,0.34,0.37,0,0,0,-22.044766251813755,0.5147325620082057
8,T_3,C_3_12,0.4,0.47,0,0,1,-21.199323715486138,0.5751979087416812
38,T_5,C_5_13,0.35,0.37,1,0,0,19.98308610566412,0.4324562576723381
43,T_6,C_6_9,0.34,0.46,0,0,0,-7.100686981407068,0.4975486072032278
40,T_5,C_5_13,0.32,0.38,0,0,1,-5.056491730747416,0.4594364874080735
9,T_6,C_6_5,0.56,0.39,0,0,0,-38.067561637161305,0.5461190925031221
18,T_5,C_5_13,0.4,0.36,0,0,1,-38.37236743044635,0.4754287512621816
28,T_4,C_4_5,1.0,0.34,1,0,1,24.33093118639541,0.36192365314944497
36,T_1,C_1_6,0.64,0.31,1,0,0,45.280776695389896,0.455271435103883
12,T_6,C_6_5,0.54,0.4,1,0,1,12.730023584715406,0.4653173180446885
30,T_7,C_7_13,0.42,0.53,1,0,1,2.139880326748923,0.5123808064851657
2,T_7,C_7_14,0.46,0.5,1,0,1,25.035722145010546,0.4478799640360543
3,T_7,C_7_14,0.35,0.49,1,0,0,9.846586019356097,0.39677426652777326
11,T_6,C_6_9,0.4,0.37,1,0,1,16.181515073620872,0.6092172613253348
49,T_7,C_7_13,0.38,0.54,1,0,0,12.274037368844217,0.5557936366947568
27,T_4,C_4_3,0.49,0.33,1,0,0,24.966395304833732,0.47584791375753854
45,T_4,C_4_1,0.71,0.38,1,0,1,40.802450170934314,0.6006411179985062
5,T_7,C_7_12,0.57,0.53,0,0,1,-0.7784148110385196,0.4706804285146609
24,T_6,C_6_5,0.38,0.36,1,0,1,16.64928020117009,0.5739581802689897
44,T_7,C_7_13,0.49,0.53,0,0,1,-15.789504178292251,0.5535750319271071
34,T_6,C_6_5,0.58,0.35,0,0,1,-13.150324758930719,0.5628393741507882
37,T_6,C_6_5,0.55,0.41,0,0,1,-6.310214893675059,0.4959318600524236
6,T_5,C_5_11,0.33,0.38,0,0,1,-9.02257773410464,0.48446784266806525
21,T_6,C_6_4,0.47,0.35,0,0,1,-10.666964495947603,0.4665213085707505
26,T_5,C_5_13,0.35,0.35,0,0,0,-32.08785867166016,0.41409539436788223
16,T_6,C_6_8,0.42,0.42,0,0,0,-2.17929289659803,0.4904608359166839
0,T_8,C_8_5,0.68,0.53,0,0,0,-15.434639623752915,0.5447600792344856
4,T_6,C_6_9,0.38,0.35,0,0,1,-19.360323138472534,0.5485772064155985
32,T_7,C_7_13,0.44,0.53,0,0,0,-18.707473397539918,0.45856940661387263
7,T_7,C_7_12,0.35,0.5,0,0,0,-13.593483760234216,0.38762168111794215
31,T_5,C_5_11,0.25,0.39,0,0,1,-21.033898268006222,0.5278528925433333
17,T_8,C_8_5,0.7,0.55,1,0,1,37.61885743428585,0.5717148136071346
1,T_7,C_7_14,0.42,0.53,1,0,0,3.4172186565966953,0.4180456998372109
41,T_9,C_9_19,0.51,0.63,0,0,0,-17.3767089919821,0.503787378226528
25,T_6,C_6_8,0.32,0.39,0,0,0,-5.351295972060453,0.48968544330132
48,T_2,C_2_19,0.34,0.35,0,0,0,-5.885871130025217,0.3723228812671574
14,T_8,C_8_5,0.5,0.53,0,0,1,-16.65006671754783,0.48687664282497484
20,T_5,C_5_10,0.32,0.38,0,0,1,-20.617268488355542,0.6035000008254167
33,T_4,C_4_4,0.49,0.29,0,0,0,-15.982776853863907,0.4191566176879546
13,T_6,C_6_8,0.3,0.37,1,0,1,8.545522108070212,0.42812173981853496
47,T_6,C_6_4,0.37,0.33,1,0,1,18.09157459844044,0.6324221540948997
3,T_7,C_7_12,0.39,0.46,0,0,1,-17.755243325169264,0.365013311843681
38,T_5,C_5_11,0.35,0.34,1,0,0,5.378903016294103,0.4110364368589091
49,T_7,C_7_12,0.46,0.45,1,0,1,7.31756845918272,0.4599485837357987
19,T_8,C_8_6,0.51,0.52,0,0,1,-4.2362776946634355,0.4964808654845869
46,T_6,C_6_9,0.44,0.41,1,0,0,1.5150043566186326,0.5287606952062426
42,T_5,C_5_11,0.28,0.36,0,0,1,-16.495098059649735,0.5320852099012087
43,T_6,C_6_8,0.43,0.41,0,0,1,-22.980684222365923,0.508492630452962
22,T_8,C_8_6,0.52,0.52,0,0,0,-26.95634085273106,0.49538503836677794
23,T_6,C_6_9,0.32,0.37,1,0,1,9.274962171283338,0.4221344456533145
29,T_7,C_7_13,0.35,0.51,1,0,0,14.177829881679504,0.43662894088953363
8,T_4,C_4_5,0.47,0.31,1,0,1,6.284828033295948,0.42645119362731826
9,T_6,C_6_4,0.59,0.34,1,0,1,22.325696487957494,0.594313605664258
35,T_9,C_9_19,0.53,0.64,0,0,1,-11.95335908811499,0.41716303231503554
10,T_7,C_7_14,0.33,0.44,0,0,1,-18.024149904441536,0.43625361911570465
39,T_9,C_9_19,0.55,0.67,0,0,1,-35.46940272455052,0.5913332690776346
32,T_7,C_7_12,0.5,0.53,0,0,0,-22.747433530039242,0.4301207956133106
7,T_7,C_7_11,0.42,0.47,0,0,1,-20.420033657184824,0.5962584042935962
27,T_4,C_4_2,0.55,0.29,0,0,0,-7.076740586619052,0.34353421239378457
15,T_9,C_9_19,0.57,0.7,0,0,0,-32.60822971664112,0.6707605040922264
36,T_1,C_1_5,0.65,0.31,1,0,0,3.827564812902672,0.4568921951825087
26,T_5,C_5_11,0.31,0.34,0,0,1,-15.008597527071572,0.40715744186697234
41,T_9,C_9_18,0.53,0.63,1,0,0,1.9181738407945481,0.47734196713148935
1,T_7,C_7_13,0.41,0.44,1,0,0,21.99353799532272,0.43508999285287153
40,T_6,C_6_9,0.35,0.38,0,0,0,-22.9813335384953,0.5719190672724215
28,T_5,C_5_11,0.3,0.36,1,0,0,15.403453769649627,0.4435173579034861
18,T_6,C_6_9,0.36,0.36,0,0,1,-14.296110669314647,0.5698998972539671
12,T_7,C_7_14,0.38,0.49,0,0,1,-18.551629578813056,0.4335424733215971
11,T_7,C_7_14,0.37,0.48,0,0,0,-23.310401441280966,0.5072682744754883
16,T_6,C_6_7,0.33,0.41,1,0,0,17.20126648721234,0.43582955073639335
24,T_7,C_7_11,0.34,0.46,0,0,1,-15.800955597452237,0.6082616475938858
37,T_7,C_7_13,0.34,0.45,1,0,0,12.221463214523482,0.3811182778802013
25,T_6,C_6_4,0.32,0.39,1,0,0,11.42489077409587,0.49438750714471
34,T_7,C_7_11,0.35,0.46,1,0,1,1.4197329629907118,0.6260985521153032
29,T_7,C_7_11,0.41,0.5,1,0,0,13.275487133166793,0.5726407100897163
2,T_8,C_8_6,0.48,0.42,1,0,0,11.537337323105383,0.392170733866012
30,T_8,C_8_6,0.53,0.41,1,0,1,12.57309641971768,0.491195888063049
38,T_5,C_5_10,0.38,0.32,1,0,0,21.44574384757209,0.4281432862758011
45,T_5,C_5_13,0.39,0.36,1,0,1,23.20421310729607,0.4857390998843561
35,T_10,C_10_5,0.64,0.0,1,0,0,5.068077599140514,0.4665931838645626
0,T_8,C_8_4,0.72,0.38,1,0,1,10.16423224642665,0.5199548405477783
39,T_10,C_10_5,0.67,0.0,0,0,0,-6.4365790334951,0.4670050615685859
21,T_7,C_7_14,0.36,0.54,1,0,1,5.698048392929448,0.42616292927648136
48,T_2,C_2_18,0.41,0.35,1,0,1,15.465111636511136,0.6233372805385438
4,T_7,C_7_14,0.37,0.52,0,0,0,-18.09608767101395,0.44300826522833237
33,T_4,C_4_3,0.47,0.26,1,0,0,12.179401311853121,0.5525971566661879
44,T_8,C_8_6,0.47,0.39,1,0,1,18.58595462642473,0.49471138317748997
32,T_7,C_7_11,0.59,0.53,0,0,1,-8.03395086433051,0.5639424784170535
15,T_9,C_9_18,0.58,0.7,0,0,0,-18.14533417106731,0.6592174875472732
41,T_9,C_9_17,0.56,0.63,1,0,0,11.249655818089533,0.5345870050193615
6,T_6,C_6_8,0.37,0.36,1,0,0,14.288536420322277,0.5317257907217283
46,T_6,C_6_8,0.43,0.42,0,0,0,-14.201896651918474,0.5286833431961762
1,T_7,C_7_12,0.47,0.44,1,0,0,6.907392874522845,0.3965888129985897
5,T_8,C_8_6,0.53,0.4,1,0,1,19.02062364773659,0.49681873564456847
31,T_6,C_6_9,0.39,0.31,0,0,1,-12.28382666561092,0.571793259310007
35,T_10,C_10_4,0.71,0.0,1,0,0,4.284623867067435,0.4524449662455255
17,T_9,C_9_19,0.39,0.57,0,0,1,-29.779342134999762,0.48413951404888994
11,T_7,C_7_12,0.37,0.45,0,0,0,-28.153567661641652,0.4907443416207135
39,T_10,C_10_4,0.73,0.0,0,0,1,-50.96397658357471,0.5860289227121136
37,T_7,C_7_12,0.36,0.44,1,0,1,3.3897042509190864,0.3854212178913742
43,T_7,C_7_14,0.37,0.44,0,0,0,-2.60534218870937,0.39401806778761717
22,T_8,C_8_5,0.55,0.39,1,0,1,12.365590895311117,0.43732422164463647
47,T_7,C_7_14,0.31,0.48,1,0,0,10.211506736895254,0.45466629552547044
27,T_4,C_4_4,0.62,0.3,0,0,0,-9.817931028309864,0.4188106270717999
23,T_7,C_7_14,0.38,0.48,1,0,1,4.274214920978931,0.34593906841755195
28,T_5,C_5_10,0.32,0.38,0,0,0,-3.754739260985998,0.44466009030074927
13,T_7,C_7_14,0.32,0.49,1,0,1,6.373846957520899,0.3746471394769895
29,T_7,C_7_10,0.39,0.5,1,0,1,10.134810515272605,0.4998582479653866
14,T_9,C_9_17,0.39,0.57,1,0,1,29.42696616690945,0.5707561783105837
20,T_6,C_6_9,0.39,0.34,1,0,1,6.556116117050407,0.6543761794127866
19,T_9,C_9_19,0.38,0.52,0,0,1,-17.13837855418276,0.4400583353639271
42,T_6,C_6_9,0.37,0.29,0,0,1,-4.46103865270495,0.5641064228565338
3,T_8,C_8_6,0.45,0.34,0,0,0,-11.329403942587465,0.41839579122251014
40,T_6,C_6_8,0.45,0.33,0,0,1,-3.4543270195105187,0.5601629119536626
9,T_7,C_7_14,0.35,0.44,1,0,1,2.7604422112586775,0.4323662274035707
49,T_8,C_8_4,0.45,0.36,0,0,0,-9.776788557972077,0.6060383346003815
35,T_10,C_10_3,0.74,0.0,0,0,0,-22.08321492079182,0.4670064956938469
8,T_5,C_5_13,0.29,0.38,0,0,0,-13.81086707146177,0.4544801739547747
38,T_5,C_5_9,0.32,0.31,0,0,0,-3.405461666056416,0.39674906616821703
4,T_7,C_7_13,0.43,0.49,0,0,1,-11.53076879136347,0.5272427658835525
15,T_9,C_9_16,0.47,0.46,0,0,1,-18.013569774164466,0.7451277667191363
16,T_6,C_6_6,0.41,0.43,0,0,1,-10.916298344020145,0.5201555868206735
41,T_9,C_9_16,0.54,0.44,0,0,0,-9.249479945966865,0.5125577992196227
25,T_6,C_6_3,0.33,0.41,1,0,0,4.875596694131229,0.4132846377560212
1,T_7,C_7_11,0.52,0.42,1,0,1,8.465401983199632,0.6219530860882201
7,T_8,C_8_6,0.46,0.34,1,0,0,10.160670374665504,0.4884110011681174
10,T_8,C_8_6,0.45,0.37,1,0,1,16.49726768188703,0.5037910345746033
18,T_7,C_7_14,0.3,0.54,1,0,0,14.841208930357054,0.45346955284635926
17,T_10,C_10_5,0.45,0.0,1,0,1,6.04531921674082,0.5124362232223174
36,T_1,C_1_4,0.69,0.31,1,0,0,27.980743814077954,0.41484708745408594
26,T_6,C_6_9,0.38,0.32,0,0,0,-0.5650783367760166,0.48784703888189374
33,T_4,C_4_2,0.64,0.26,1,0,1,8.141715062800687,0.40231752888560646
11,T_7,C_7_11,0.44,0.47,0,0,1,-21.992142650251253,0.6761453087556666
2,T_8,C_8_5,0.56,0.43,0,0,0,-14.235583772886999,0.45017493773987105
47,T_7,C_7_10,0.33,0.44,0,0,0,-30.7112622790488,0.5568465686247637
43,T_7,C_7_13,0.37,0.41,0,0,1,-17.084133325277506,0.44894151462113663
6,T_6,C_6_7,0.35,0.32,1,0,0,2.560984382473796,0.37639537193234596
24,T_8,C_8_5,0.44,0.35,0,0,1,-9.481542956529848,0.490414611450925
35,T_10,C_10_2,0.83,0.0,1,0,1,12.298605566392997,0.47842797956439886
46,T_6,C_6_7,0.42,0.36,1,0,0,5.121920684790112,0.3819664308719247
14,T_10,C_10_5,0.43,0.0,1,0,0,17.294552745669613,0.4868326469959957
45,T_6,C_6_8,0.37,0.39,1,0,1,1.0700417580093635,0.5555113079298765
48,T_3,C_3_12,0.35,0.36,1,0,0,1.9010532661862314,0.5484636230267861
30,T_9,C_9_19,0.42,0.53,0,0,0,-11.889376776212291,0.45539961477294244
19,T_10,C_10_5,0.5,0.0,0,0,0,-10.887559695655051,0.3257122417442281
12,T_8,C_8_6,0.46,0.36,0,0,0,-5.313099496362922,0.394336105000171
34,T_8,C_8_6,0.44,0.37,0,0,1,-5.248973664541982,0.4747780056915101
28,T_5,C_5_9,0.29,0.39,1,0,0,0.4159598702481908,0.39786993896836725
0,T_9,C_9_19,0.39,0.43,1,0,1,26.075198775561258,0.5187657698755804
21,T_8,C_8_6,0.5,0.41,1,0,0,3.5611943965473545,0.45013519662648477
27,T_4,C_4_1,1.0,0.3,1,0,1,19.013001625462977,0.5460265981824743
15,T_10,C_10_5,0.49,0.0,1,0,0,16.959689641827097,0.5666793550785876
41,T_9,C_9_15,0.57,0.46,0,0,0,-1.5797046052224495,0.5514506586691796
31,T_7,C_7_11,0.31,0.44,1,0,0,18.762257326411785,0.6443744799526316
44,T_9,C_9_19,0.38,0.49,1,0,1,25.28449290333485,0.5328204086118593
38,T_5,C_5_8,0.39,0.28,1,0,1,11.295911172565575,0.4226376625869743
32,T_8,C_8_6,0.51,0.33,1,0,1,21.117628081782517,0.4419103251957158
8,T_5,C_5_11,0.34,0.37,0,0,1,-14.723496133367346,0.47601131735225677
14,T_10,C_10_4,0.56,0.0,0,0,0,-0.6106356791166121,0.49697856390498973
5,T_9,C_9_19,0.34,0.47,0,0,1,-10.907884482944386,0.5585961601388078
18,T_7,C_7_13,0.31,0.51,1,0,0,24.45933825247919,0.48331495127898855
19,T_10,C_10_4,0.65,0.0,1,0,0,20.844365784139853,0.44820235916053724
37,T_8,C_8_6,0.46,0.4,1,0,1,16.406179928931394,0.4464627288032314
22,T_9,C_9_19,0.36,0.48,1,0,1,15.32446404062132,0.4728203585293051
3,T_8,C_8_5,0.5,0.31,1,0,1,10.75123356421152,0.46337219794937873
23,T_8,C_8_6,0.47,0.4,1,0,1,16.39008934490277,0.39019790168779755
25,T_6,C_6_2,0.37,0.42,1,0,0,14.641579213794342,0.5496581198232167
49,T_8,C_8_3,0.45,0.38,0,0,1,-23.895930027792215,0.5649978826321008
47,T_7,C_7_13,0.32,0.43,0,0,0,-12.974454715478124,0.4904911892214034
42,T_7,C_7_13,0.28,0.47,0,0,0,-9.876298855870761,0.4913528082519344
40,T_7,C_7_13,0.35,0.43,0,0,1,-11.326031158071793,0.5045540576928095
15,T_10,C_10_4,0.62,0.0,1,0,1,30.991933984979745,0.6566837040598253
20,T_7,C_7_13,0.35,0.5,1,0,1,22.58884242731031,0.5544694581161821
48,T_3,C_3_11,0.37,0.36,1,0,0,26.692732980036254,0.5199360443987201
30,T_9,C_9_18,0.37,0.51,1,0,1,12.386731791682147,0.5310614531961912
29,T_8,C_8_6,0.48,0.31,1,0,1,20.41467116868536,0.49761104788643173
26,T_6,C_6_8,0.33,0.34,0,0,1,-11.788283150901325,0.49841556210488414
13,T_8,C_8_6,0.45,0.34,0,0,1,-17.94798652053366,0.4374099165241945
7,T_8,C_8_5,0.54,0.29,0,0,1,-3.5674293183996744,0.5333519872089472
16,T_7,C_7_14,0.41,0.46,0,0,1,-13.669876383635092,0.4726530114156893
0,T_10,C_10_5,0.44,0.0,0,0,0,-24.16809913245026,0.3879473319288979
14,T_10,C_10_3,0.57,0.0,1,0,1,2.117081461804764,0.4956758817510305
9,T_8,C_8_5,0.43,0.38,1,0,1,3.3155340316878377,0.5189490820211535
6,T_6,C_6_6,0.39,0.33,1,0,0,10.111031601488286,0.4496049538593775
41,T_9,C_9_14,0.54,0.39,1,0,0,14.746014398747583,0.4986830508274282
19,T_10,C_10_3,0.66,0.0,1,0,1,5.744241349102203,0.3699525985196144
44,T_10,C_10_5,0.42,0.0,0,0,0,-18.359321646349798,0.45342321481470427
36,T_1,C_1_3,0.76,0.31,0,0,1,-11.56900859259911,0.49926908384433166
46,T_6,C_6_6,0.48,0.36,1,0,1,3.0405187514708416,0.46626467380429937
31,T_7,C_7_13,0.32,0.45,0,0,1,-13.099304257378716,0.5002687806820656
4,T_8,C_8_6,0.47,0.36,1,0,0,0.6593978075180456,0.44945749954528635
28,T_5,C_5_8,0.34,0.38,1,0,0,0.7495192802179496,0.4257540844123898
2,T_8,C_8_4,0.56,0.41,0,0,1,-17.6237118518575,0.5577862240558042
5,T_10,C_10_5,0.43,0.0,1,0,1,16.544112864230424,0.5090229243314972
1,T_8,C_8_6,0.42,0.41,0,0,0,-19.465969094478996,0.4508146721225552
10,T_9,C_9_19,0.37,0.39,0,0,1,-12.438926178547181,0.4850155931560959
33,T_5,C_5_11,0.26,0.3,0,0,1,-4.808327549644893,0.49443171429848964
22,T_10,C_10_2,0.39,0.0,0,0,0,-11.183547749292561,0.4291753795302084
18,T_7,C_7_12,0.38,0.5,1,0,0,8.901428832656817,0.4385546125554534
11,T_8,C_8_6,0.49,0.42,0,0,1,-33.36410457883204,0.4924301631280695
45,T_7,C_7_14,0.38,0.51,0,0,1,-17.13083947724244,0.5269771239530648
43,T_8,C_8_6,0.42,0.42,0,0,1,-4.73148227353625,0.42402366441533196
0,T_10,C_10_4,0.56,0.0,1,0,0,4.731989380467238,0.45235383099656656
24,T_9,C_9_19,0.32,0.42,1,0,0,1.2176702688366268,0.4691399015572688
47,T_7,C_7_12,0.39,0.46,0,0,1,-6.63913690792506,0.44068128057293476
12,T_8,C_8_5,0.49,0.35,0,0,0,-23.794724073543,0.45433762933415955
48,T_3,C_3_9,0.34,0.36,1,0,0,30.794965364492562,0.5291958215099242
42,T_7,C_7_12,0.29,0.49,1,0,0,8.890861984878992,0.4297216462491008
21,T_8,C_8_5,0.57,0.36,1,0,1,13.15776175177877,0.4901818030990517
30,T_10,C_10_5,0.52,0.0,1,0,0,1.8261766701936981,0.39592812427429036
44,T_10,C_10_4,0.49,0.0,1,0,1,1.7350452719859923,0.5690242961272245
27,T_5,C_5_13,0.3,0.47,0,0,0,-38.13673115641328,0.43909107428575544
25,T_6,C_6_6,0.36,0.42,0,0,0,-12.205527914939722,0.42356883495029446
34,T_9,C_9_19,0.34,0.41,1,0,1,3.6674612368796904,0.5129315693342369
38,T_6,C_6_8,0.29,0.42,0,0,1,-4.133378718818555,0.4429647830159783
41,T_9,C_9_13,0.5,0.4,0,0,1,-8.118877558725721,0.3709151555131156
8,T_6,C_6_9,0.38,0.35,1,0,1,4.702564079363826,0.5551992561918431
22,T_10,C_10_3,0.44,0.0,1,0,0,9.207772412697164,0.42945763370030354
32,T_9,C_9_19,0.34,0.43,1,0,1,13.739709497903734,0.4988311708629132
0,T_10,C_10_3,0.64,0.0,1,0,1,18.731528347035066,0.46131665262748855
10,T_10,C_10_3,0.4,0.0,0,0,1,-1.1247470602290282,0.46252620617325835
37,T_9,C_9_19,0.41,0.46,1,0,1,15.889571123002753,0.4350074323369446
3,T_9,C_9_19,0.3,0.39,1,0,0,21.473000352001637,0.4484378743458099
28,T_5,C_5_7,0.37,0.38,1,0,0,29.5771430447519,0.47742942497299357
6,T_6,C_6_4,0.4,0.3,1,0,1,36.38611887904422,0.5705974697866316
23,T_9,C_9_19,0.43,0.52,1,0,0,13.303738467695169,0.3610284324043018
30,T_10,C_10_4,0.59,0.0,1,0,0,17.09856605390211,0.5164423083443441
49,T_9,C_9_19,0.38,0.39,1,0,0,17.669830421718206,0.5398538291659762
18,T_7,C_7_11,0.42,0.47,1,0,1,38.23822122631589,0.5865729419184638
26,T_7,C_7_14,0.33,0.44,0,0,0,-3.980705338546426,0.4116587481126135
40,T_8,C_8_6,0.42,0.38,1,0,1,17.816419407083163,0.4382447514720212
24,T_9,C_9_18,0.34,0.4,0,0,0,-31.195989427111467,0.4851016218847094
48,T_3,C_3_10,0.34,0.36,0,0,0,-26.324282668806767,0.4978206905552857
20,T_8,C_8_6,0.52,0.28,0,0,1,-30.440548419093133,0.5632997423739033
29,T_9,C_9_19,0.28,0.41,0,0,1,-1.3174786237321885,0.4884701587767847
22,T_10,C_10_1,0.59,0.0,1,0,0,3.027487051325039,0.5176925597213613
13,T_9,C_9_19,0.31,0.43,0,0,0,-11.092972760296668,0.444566089634427
42,T_7,C_7_11,0.34,0.46,0,0,1,-5.773228329359702,0.602106813064738
34,T_10,C_10_4,0.4,0.0,0,0,0,-19.6824084064976,0.5325573743464596
9,T_9,C_9_19,0.37,0.45,1,0,1,0.24909844281745475,0.48974907742239443
7,T_9,C_9_19,0.29,0.39,0,0,1,-3.4147143425706634,0.501486875070174
41,T_10,C_10_4,0.4,0.0,1,0,0,16.787805890208894,0.4614148483880532
4,T_8,C_8_5,0.56,0.35,1,0,1,18.441169630231716,0.5255095058530707
16,T_8,C_8_6,0.47,0.38,0,0,1,-4.41161213445401,0.42573686840584446
46,T_7,C_7_13,0.34,0.49,1,0,1,9.889071236844423,0.4836934403025961
30,T_10,C_10_3,0.71,0.0,1,0,0,31.9682718441127,0.4610582409508673
32,T_10,C_10_4,0.42,0.0,1,0,0,8.488189736095478,0.4957149824460407
27,T_5,C_5_12,0.32,0.47,0,0,1,-0.803453242869868,0.40615172303217384
37,T_10,C_10_5,0.47,0.0,0,0,0,-12.604867822355455,0.33771725197879754
1,T_8,C_8_5,0.52,0.35,1,0,1,2.316231658707636,0.4725959676762713
3,T_9,C_9_18,0.28,0.38,1,0,0,25.03077026055172,0.46146637620660014
31,T_8,C_8_5,0.39,0.38,1,0,1,23.119823011544344,0.49814842513735613
2,T_9,C_9_19,0.41,0.43,1,0,0,13.751700493109844,0.37216371149463306
33,T_6,C_6_9,0.31,0.3,1,0,0,6.587850286738787,0.5344019029751379
12,T_8,C_8_4,0.56,0.29,0,0,0,-22.199989287240005,0.5006074866114831
49,T_9,C_9_17,0.35,0.39,0,0,1,-30.916136596021875,0.6708717443668358
22,T_10,C_10_4,0.59,0.0,1,0,0,26.44337972939832,0.4688095478254933
25,T_6,C_6_5,0.44,0.43,1,0,1,12.915932078011771,0.46706986026026753
23,T_9,C_9_18,0.37,0.53,1,0,1,20.837833606025328,0.3722117188392873
34,T_10,C_10_3,0.52,0.0,1,0,1,17.78191638234016,0.47211228672009425
28,T_5,C_5_6,0.44,0.39,1,0,0,5.04006439919028,0.42943176455248944
36,T_2,C_2_20,0.31,0.33,0,0,1,-24.12198296145694,0.47508316051076954
26,T_7,C_7_12,0.31,0.43,0,0,0,-22.142875112783866,0.3736136791669635
24,T_9,C_9_17,0.41,0.41,0,0,0,-23.855466868853867,0.6064229073708136
41,T_10,C_10_3,0.53,0.0,1,0,1,6.307209840049167,0.4490536340668569
11,T_9,C_9_19,0.41,0.44,0,0,0,-10.924167135120147,0.5241955879832207
48,T_3,C_3_8,0.41,0.36,0,0,0,-4.155427614928248,0.521101075914995
29,T_10,C_10_5,0.42,0.0,1,0,0,3.4831148411619344,0.3738484865563214
45,T_8,C_8_6,0.5,0.31,0,0,0,-8.933786567288784,0.48546437294717876
43,T_9,C_9_19,0.39,0.45,0,0,0,-5.2795158529124135,0.46527297132633605
38,T_7,C_7_14,0.41,0.45,0,0,0,-1.7085699069664955,0.4048693325946189
8,T_7,C_7_13,0.35,0.49,1,0,0,1.0408670299704763,0.41281054212974033
30,T_10,C_10_2,0.8,0.0,1,0,0,4.974425588529031,0.526473710880986
47,T_8,C_8_6,0.43,0.29,0,0,0,-1.1634041376518498,0.506237166698662
32,T_10,C_10_3,0.52,0.0,1,0,1,4.979533397519778,0.45941768361955415
13,T_9,C_9_18,0.33,0.45,1,0,1,1.7336133074803743,0.4033535882813493
9,T_10,C_10_5,0.47,0.0,0,0,1,-3.3511350677402865,0.49034421652404914
37,T_10,C_10_3,0.49,0.0,1,0,1,2.5619633792708463,0.39172593276073764
7,T_10,C_10_3,0.38,0.0,1,0,0,0.7047402201927384,0.4646915684370034
21,T_9,C_9_19,0.36,0.41,0,0,0,-6.340347541329261,0.3972935387121188
6,T_7,C_7_14,0.31,0.48,1,0,0,17.235787221471515,0.3772244153214023
22,T_10,C_10_5,1.0,0.0,1,0,1,20.64387601686561,0.4146426757293406
3,T_9,C_9_17,0.33,0.38,1,0,0,13.753805243568587,0.5408160505054813
2,T_9,C_9_17,0.35,0.44,0,0,0,-21.742344590422817,0.5945127173070102
49,T_10,C_10_5,0.4,0.0,0,0,0,-18.968751074981117,0.4970219964494607
23,T_10,C_10_5,0.46,0.0,1,0,0,13.625385680977395,0.30725064436722815
29,T_10,C_10_3,0.51,0.0,1,0,0,22.411827117483575,0.44125453132530795
40,T_9,C_9_19,0.33,0.44,1,0,0,15.02785561187024,0.47391602792744264
18,T_8,C_8_6,0.47,0.34,1,0,1,24.18678868561499,0.48430408466647457
30,T_10,C_10_1,1.0,0.0,1,0,1,24.55723826945684,0.474803500168415
26,T_7,C_7_11,0.37,0.42,1,0,1,16.418152820592958,0.5925724476337826
20,T_9,C_9_19,0.25,0.42,1,0,1,23.109948829462162,0.5859173272433402
24,T_9,C_9_16,0.4,0.4,0,0,0,-5.218285442177977,0.5620384624885246
11,T_9,C_9_18,0.38,0.43,0,0,1,-12.360113697025625,0.5432488806160368
48,T_3,C_3_7,0.42,0.36,0,0,0,-5.729088766277694,0.5262277037315881
28,T_5,C_5_5,0.51,0.37,0,0,0,-10.575248228580955,0.4532725818665191
43,T_9,C_9_18,0.37,0.43,0,0,1,-21.288030228600533,0.4712856125730765
33,T_6,C_6_8,0.37,0.3,1,0,1,5.708574444689852,0.5343802135479019
7,T_10,C_10_5,0.41,0.0,1,0,1,6.437153770284099,0.41727143804904276
42,T_8,C_8_6,0.45,0.31,0,0,0,-1.0796083369208418,0.48137893911434626
38,T_7,C_7_11,0.34,0.42,0,0,1,-1.0149052181653007,0.5345636907027533
8,T_7,C_7_12,0.37,0.47,0,0,1,-21.07665320660481,0.40179855519807
4,T_9,C_9_19,0.32,0.44,0,0,1,-21.042436871063963,0.4452193412354296
13,T_10,C_10_3,0.42,0.0,0,0,0,-17.203032897554063,0.34862872079496454
12,T_8,C_8_3,0.67,0.27,1,0,1,14.094695733902103,0.452050886856354
46,T_8,C_8_5,0.49,0.39,1,0,0,20.61068250347214,0.4844729540424767
16,T_9,C_9_19,0.36,0.43,1,0,0,15.331341838123635,0.48841891256281256
49,T_10,C_10_4,0.48,0.0,1,0,0,12.631066356029976,0.5611683481719492
27,T_6,C_6_9,0.47,0.37,1,0,1,6.060818422145638,0.4809817406829923
23,T_10,C_10_3,0.51,0.0,1,0,1,7.653630402582772,0.3416132644269021
29,T_10,C_10_4,0.53,0.0,1,0,0,16.547936260862045,0.49907441174229406
1,T_9,C_9_19,0.31,0.46,1,0,1,9.525416700155281,0.4309506781202262
21,T_9,C_9_18,0.32,0.42,1,0,0,16.05236939542482,0.48289169123431364
36,T_3,C_3_13,0.33,0.45,0,0,1,-13.658705367906407,0.42917381044142733
31,T_9,C_9_19,0.28,0.41,0,0,1,-30.189601766724707,0.4609390436478998
25,T_7,C_7_14,0.42,0.37,0,0,1,-28.49564572276867,0.44655724962351534
6,T_7,C_7_13,0.34,0.47,0,0,0,-22.038333989496437,0.45522747640261996
3,T_9,C_9_16,0.32,0.37,0,0,0,-22.22000248565451,0.48852957475708625
2,T_9,C_9_18,0.38,0.41,0,0,0,-10.340773003606326,0.4314803151016115
40,T_9,C_9_18,0.32,0.47,0,0,0,-28.434223331022846,0.5007288216316172
45,T_8,C_8_5,0.5,0.33,0,0,0,-31.282144556405814,0.6254706377538571
20,T_10,C_10_5,0.4,0.0,0,0,0,-28.457934475056938,0.4409950675665098
11,T_10,C_10_3,0.44,0.0,0,0,1,-29.98000041292721,0.5067019704770794
24,T_9,C_9_15,0.38,0.37,0,0,0,-24.851933091039964,0.5457101157400122
48,T_3,C_3_6,0.43,0.36,0,0,0,-23.124987501091486,0.4586093372301846
43,T_10,C_10_5,0.45,0.0,0,0,0,-25.560339383251872,0.3702736581479875
13,T_10,C_10_5,0.4,0.0,0,0,0,-2.7717899434112345,0.2851551838729626
47,T_8,C_8_5,0.56,0.3,0,0,1,-7.75107020513423,0.5793283883602354
49,T_10,C_10_3,0.63,0.0,1,0,1,12.685417885705707,0.5046548670179308
28,T_5,C_5_4,0.47,0.37,1,0,0,0.8219768337996407,0.41184779799978427
4,T_10,C_10_5,0.45,0.0,1,0,1,0.17686813814750546,0.4520947890860334
29,T_10,C_10_2,0.67,0.0,1,0,1,20.255045168589337,0.46057642336643
16,T_9,C_9_18,0.43,0.46,0,0,0,-4.66429162208352,0.512003183425764
1,T_10,C_10_5,0.46,0.0,1,0,0,3.1044933114654834,0.4249204753194388
21,T_9,C_9_17,0.34,0.45,1,0,1,16.627958442361663,0.5385793476268125
20,T_10,C_10_4,0.47,0.0,0,0,0,-7.563805680098621,0.6218746314874182
31,T_10,C_10_3,0.4,0.0,0,0,0,-20.55625036439436,0.47642455012436136
18,T_9,C_9_19,0.34,0.41,0,0,0,-3.743514260778613,0.5174970675705447
33,T_7,C_7_13,0.28,0.43,1,0,0,16.595048790666837,0.4969083842991715
43,T_10,C_10_3,0.49,0.0,1,0,0,2.712505687218563,0.3920260443480237
6,T_7,C_7_12,0.42,0.44,1,0,0,22.388691032046154,0.38482489916149365
3,T_9,C_9_12,0.34,0.34,1,0,1,13.621390753974357,0.591126655903167
13,T_10,C_10_2,0.52,0.0,1,0,1,11.310136042073424,0.45263754120462557
2,T_9,C_9_16,0.35,0.42,0,0,0,-17.947559362334182,0.5076794946912099
40,T_9,C_9_17,0.34,0.41,0,0,0,-14.055201988814241,0.6610079454860968
42,T_8,C_8_5,0.55,0.34,0,0,1,-16.476622871483812,0.5242010314630348
26,T_8,C_8_6,0.42,0.3,0,0,1,-17.778071733129742,0.45745551226756964
46,T_8,C_8_4,0.48,0.39,0,0,0,-14.287146234619517,0.5121226174723194
48,T_3,C_3_5,0.45,0.36,1,0,1,16.426444736136077,0.6719229563981008
24,T_9,C_9_13,0.39,0.36,1,0,1,5.284201043167748,0.3979228236565505
1,T_10,C_10_4,0.45,0.0,1,0,0,3.2669342562514108,0.48981716257205477
27,T_7,C_7_14,0.37,0.44,0,0,0,-7.899605689554619,0.4342289248664244
20,T_10,C_10_3,0.6,0.0,1,0,1,36.489469297629036,0.5364691305728234
31,T_10,C_10_5,0.43,0.0,1,0,0,22.557492864849177,0.4555790732332901
38,T_8,C_8_5,0.41,0.33,1,0,0,30.498961124787826,0.4976095496596286
36,T_4,C_4_4,0.45,0.32,1,0,0,19.0879240235326,0.4044230049862374
43,T_10,C_10_2,0.54,0.0,1,0,0,28.516266269521953,0.4960094466747667
8,T_8,C_8_6,0.47,0.32,1,0,0,33.620137630028644,0.4916030118342015
16,T_9,C_9_17,0.38,0.44,1,0,1,12.995265538227091,0.6040096271471869
12,T_9,C_9_18,0.25,0.43,1,0,0,1.3638552818168392,0.4683689635038208
28,T_5,C_5_3,0.51,0.37,1,0,1,18.459889787692404,0.4507807077325252
21,T_10,C_10_5,0.48,0.0,1,0,1,12.094895123871716,0.3859628683941645
18,T_9,C_9_17,0.3,0.44,1,0,0,17.166585767770677,0.5806998598540174
33,T_7,C_7_12,0.33,0.43,1,0,1,19.65773796116247,0.4024949919676927
3,T_10,C_10_5,0.38,0.0,0,0,0,-8.148974328399817,0.37331170253495816
6,T_7,C_7_11,0.47,0.44,1,0,0,0.22708950138741368,0.6037410973897089
45,T_8,C_8_4,0.58,0.26,0,0,1,-20.094187094357302,0.6114085312951031
1,T_10,C_10_3,0.54,0.0,1,0,1,12.704473927959947,0.448248506210195
40,T_9,C_9_16,0.32,0.45,1,0,0,32.82710891364659,0.5881089766734513
2,T_9,C_9_15,0.36,0.38,1,0,1,25.323920815878225,0.4845988166322672
31,T_10,C_10_2,0.53,0.0,1,0,1,5.337549006140458,0.48525777738032216
25,T_8,C_8_6,0.38,0.29,1,0,0,9.864239133191251,0.4157513087208532
43,T_10,C_10_1,0.65,0.0,1,0,0,6.30178131638251,0.47374222201164456
24,T_10,C_10_3,0.38,0.0,0,0,0,-0.9573601780531131,0.4404993177820749
27,T_7,C_7_13,0.33,0.46,1,0,1,1.2655154533517514,0.40908631030717385
47,T_9,C_9_19,0.29,0.45,0,0,0,-22.999409343222712,0.5426816009387767
16,T_10,C_10_5,0.45,0.0,0,0,0,-10.528054446632174,0.3962542993428134
3,T_10,C_10_2,0.39,0.0,1,0,1,0.7557130739360671,0.47078733641638687
12,T_9,C_9_17,0.27,0.41,0,0,0,-12.700831234307572,0.5229615432615992
18,T_9,C_9_16,0.29,0.43,0,0,1,-12.158458495413878,0.567214372357569
43,T_10,C_10_4,1.0,0.0,1,0,0,1.2178068776457058,0.4685072084226697
36,T_4,C_4_3,0.39,0.33,0,0,1,-2.043606437023339,0.5043295578578728
24,T_10,C_10_2,0.46,0.0,1,0,0,2.8145868402876184,0.47860621772750034
46,T_8,C_8_3,0.58,0.39,1,0,1,8.923601154674804,0.5109285731965725
6,T_7,C_7_10,0.42,0.43,1,0,1,5.138299317404457,0.5220029290544925
48,T_4,C_4_5,0.36,0.39,0,0,0,-4.348314855823903,0.48007068201742814
16,T_10,C_10_4,0.5,0.0,1,0,1,13.60497142153532,0.5083064663040989
40,T_9,C_9_15,0.4,0.4,1,0,0,17.74327202810383,0.5685402725266931
2,T_10,C_10_5,0.38,0.0,0,0,1,-9.22911065080212,0.3815720833318176
42,T_9,C_9_19,0.34,0.4,1,0,0,1.8946391471436268,0.4511236222673327
24,T_10,C_10_1,0.51,0.0,1,0,1,9.996552282209624,0.4953062716423738
38,T_8,C_8_4,0.43,0.33,0,0,1,-18.585741171643235,0.4606899640070947
26,T_9,C_9_19,0.3,0.4,0,0,0,-8.862648172688157,0.4780834640036368
47,T_9,C_9_18,0.29,0.43,0,0,1,-14.593131269615824,0.5665233327269819
8,T_8,C_8_5,0.62,0.32,0,0,1,-0.18187580209095056,0.43185873068591396
12,T_9,C_9_15,0.26,0.41,0,0,0,-3.2746808073047156,0.4562893804408986
18,T_10,C_10_5,0.45,0.0,0,0,1,-9.264498616263051,0.4451353126609118
28,T_6,C_6_9,0.37,0.27,1,0,0,4.210648632021593,0.4994205562370115
40,T_9,C_9_14,0.41,0.44,1,0,1,17.72570574520958,0.5094119092418038
42,T_9,C_9_18,0.34,0.43,0,0,0,-23.636130348531758,0.5063843751063066
47,T_10,C_10_5,0.38,0.0,0,0,0,-25.270656009495973,0.4675359715111108
25,T_8,C_8_5,0.42,0.3,1,0,1,7.624963885372898,0.4772572880920729
26,T_9,C_9_18,0.32,0.4,1,0,0,8.468487201435066,0.4836951599619387
33,T_8,C_8_6,0.42,0.33,1,0,0,20.458123970485453,0.46611679325276983
12,T_9,C_9_13,0.28,0.43,1,0,0,22.6626811947216,0.34208455303129925
47,T_10,C_10_4,0.43,0.0,1,0,0,21.58759056810326,0.5411265082019445
40,T_10,C_10_5,0.44,0.0,1,0,1,5.352108250077569,0.45552161013097786
45,T_9,C_9_18,0.27,0.41,0,0,1,-5.285319195159824,0.5275316352400553
48,T_4,C_4_4,0.41,0.39,0,0,1,-4.963705958344923,0.4275126468435596
42,T_9,C_9_17,0.32,0.43,1,0,1,1.8781571353161386,0.5871789956489377
47,T_10,C_10_3,0.55,0.0,1,0,0,2.5697893667211082,0.5141642415228335
47,T_10,C_10_2,0.74,0.0,1,0,0,6.893745784158027,0.5503255299294095
26,T_9,C_9_17,0.32,0.41,1,0,1,14.717032749639731,0.4993031916591747
27,T_8,C_8_6,0.46,0.32,1,0,0,4.236867886167274,0.4467392003974442
47,T_10,C_10_1,1.0,0.0,0,0,0,-14.169501376086165,0.5155100107525945
45,T_10,C_10_5,0.41,0.0,0,0,1,-4.992818273929864,0.4487798822043886
36,T_5,C_5_13,0.33,0.41,1,0,1,4.4197331663993396,0.4688652447198728
12,T_9,C_9_12,0.31,0.45,1,0,1,5.625494483271805,0.5866184383002633
46,T_9,C_9_19,0.37,0.55,1,0,1,5.400185841296507,0.41557507438832064
28,T_6,C_6_8,0.39,0.27,1,0,0,9.768498598498123,0.4915371514611353
42,T_10,C_10_5,0.42,0.0,1,0,0,1.9074276668836294,0.4043951308467425
6,T_8,C_8_5,0.42,0.35,1,0,1,5.332426588621993,0.5026168591691962
42,T_10,C_10_3,0.46,0.0,1,0,0,22.30736567311513,0.49041857916815285
26,T_10,C_10_3,0.42,0.0,1,0,1,29.0234087279588,0.4233334718199103
38,T_9,C_9_19,0.3,0.39,1,0,0,4.018562799851299,0.42228560841063445
42,T_10,C_10_2,0.51,0.0,1,0,1,2.984473011547487,0.4627700577993955
8,T_9,C_9_18,0.31,0.37,1,0,1,7.531683118552483,0.48651262507046866
46,T_10,C_10_5,0.52,0.0,0,0,1,-18.99903932246447,0.4619177836906387
12,T_10,C_10_5,0.47,0.0,0,0,0,-16.279714169090248,0.3918883844345153
12,T_10,C_10_3,0.47,0.0,1,0,1,1.3128419741780375,0.3781067962385072
33,T_8,C_8_5,0.49,0.32,0,0,1,-3.355866550579499,0.5282232682333182
38,T_9,C_9_17,0.35,0.41,0,0,1,-10.308711420114108,0.5020189840700566
8,T_10,C_10_5,0.37,0.0,0,0,0,-13.2908633833981,0.3940356367794419
25,T_9,C_9_19,0.29,0.5,0,0,1,-2.224516382026759,0.42153081601167197
8,T_10,C_10_3,0.47,0.0,1,0,1,12.138703179868322,0.39699826897452956
48,T_5,C_5_13,0.39,0.4,0,0,1,-7.170517400875469,0.47899080859194476
28,T_6,C_6_7,0.36,0.27,1,0,1,10.149540378843637,0.34051936079043743
27,T_8,C_8_5,0.51,0.33,0,0,1,-11.812512418453057,0.4405384390677106
38,T_10,C_10_5,0.41,0.0,0,0,0,-12.551709164767235,0.3581590769798489
38,T_10,C_10_4,0.5,0.0,1,0,1,5.101298059821927,0.43989645804238164
25,T_10,C_10_5,0.49,0.0,0,0,0,-5.101850746678814,0.4290233021192629
25,T_10,C_10_4,0.49,0.0,1,0,1,0.5724023261638731,0.5200721145829439
36,T_6,C_6_9,0.41,0.32,0,0,0,-0.42049468043179505,0.5076146171894558
6,T_9,C_9_19,0.34,0.51,0,0,1,-0.12673386348878957,0.4667481754911099
33,T_9,C_9_19,0.32,0.42,0,0,1,-22.81693942992237,0.48099011609924347
6,T_10,C_10_5,0.51,0.0,0,0,1,-26.553514911178702,0.4184772257981114
28,T_7,C_7_8,0.27,0.42,0,0,1,-9.484795137111803,0.6336658190944724
36,T_6,C_6_8,0.5,0.32,0,0,0,-12.950740297959552,0.4410253700609785
48,T_6,C_6_8,0.41,0.34,0,0,1,-29.17785208349318,0.5597297528325963
33,T_10,C_10_5,0.42,0.0,0,0,1,-8.193974084690783,0.40055363558002277
27,T_9,C_9_18,0.34,0.44,1,0,0,15.129421569680082,0.4486803832113482
27,T_9,C_9_17,0.32,0.45,1,0,1,15.174618754966577,0.4958494271000148
36,T_6,C_6_7,0.48,0.32,0,0,1,-10.625470743095494,0.3950697843380385
27,T_10,C_10_3,0.45,0.0,0,0,0,-7.783323846645177,0.37106845092953966
48,T_7,C_7_14,0.34,0.45,0,0,1,-25.140358642409172,0.4975283001068347
27,T_10,C_10_2,0.52,0.0,1,0,0,13.070070885594989,0.4331369649462563
28,T_8,C_8_6,0.42,0.33,1,0,0,5.920610974568756,0.46000745916702
27,T_10,C_10_1,0.6,0.0,1,0,1,13.115712453180992,0.43591583906466225
36,T_7,C_7_14,0.32,0.4,0,0,1,-10.313586907940428,0.4367059089244051
28,T_8,C_8_5,0.53,0.33,0,0,0,-8.626972753430643,0.45900656138520946
48,T_8,C_8_6,0.44,0.3,0,0,1,-6.408385346814873,0.4706540696669423
28,T_8,C_8_4,0.57,0.33,1,0,1,10.945383497406244,0.4737979253077816
36,T_8,C_8_4,0.39,0.28,0,0,1,-10.902064586386231,0.5612381593515157
28,T_9,C_9_19,0.33,0.38,0,0,1,-8.040916028280225,0.45289301973571494
48,T_9,C_9_19,0.3,0.45,0,0,0,-25.200691390493322,0.5425714355283923
28,T_10,C_10_4,0.38,0.0,1,0,0,9.105357583496335,0.44429680565784246
28,T_10,C_10_3,0.43,0.0,1,0,1,9.051386734530231,0.450737947209239
48,T_9,C_9_17,0.31,0.45,0,0,0,-15.395118945834014,0.649440689084575
36,T_9,C_9_19,0.28,0.45,0,0,1,-6.647998264812493,0.3651039380509376
36,T_10,C_10_5,0.45,0.0,0,0,0,-12.066685075670343,0.38376617070964814
48,T_9,C_9_16,0.34,0.45,0,0,1,-6.032668067166085,0.5643447223786975
36,T_10,C_10_4,0.48,0.0,1,0,1,8.877535534634804,0.4580197902504104
48,T_10,C_10_5,0.45,0.0,0,0,1,-17.886202477977257,0.44116430853926814
