student_number,topic,arm_pulled,pay-off,pay-off_next_topic,actual_decision,skip_decision,reward,confidence_score
1,T_1,C_1_9,0.59,0.6,0,0,1,-10.0
2,T_1,C_1_12,0.53,0.59,0,0,1,-10.0
0,T_1,C_1_12,0.59,0.6,0,0,1,-10.0
4,T_1,C_1_9,0.6,0.62,0,0,1,-10.0
41,T_1,C_1_12,0.58,0.57,0,0,0,-10.0
3,T_1,C_1_9,0.53,0.54,0,0,1,-10.0
18,T_1,C_1_12,0.62,0.6,0,0,1,-10.0
33,T_1,C_1_9,0.59,0.6,0,0,1,-10.0
35,T_1,C_1_9,0.56,0.6,0,0,1,-10.0
28,T_1,C_1_9,0.53,0.55,0,0,0,-10.0
31,T_1,C_1_9,0.59,0.65,0,0,0,-10.0
49,T_1,C_1_3,0.63,0.7,0,0,0,-10.0
30,T_1,C_1_9,0.62,0.64,1,0,1,30.525373134328348
17,T_1,C_1_9,0.66,0.67,1,0,0,33.434825870646755
7,T_1,C_1_9,0.59,0.57,0,0,0,-7.1392144644570426
14,T_1,C_1_9,0.57,0.62,0,0,1,-6.342991800441139
22,T_1,C_1_9,0.56,0.59,0,0,1,-6.122315856107142
13,T_1,C_1_12,0.54,0.53,0,0,0,-6.6842501095734335
8,T_1,C_1_9,0.6,0.61,0,0,1,-7.1678648066935935
39,T_1,C_1_12,0.66,0.67,0,0,1,-6.029831043039175
29,T_1,C_1_12,0.58,0.56,0,0,1,-6.142045541549601
23,T_1,C_1_9,0.45,0.5,0,0,0,-5.8133464352933935
16,T_1,C_1_9,0.6,0.57,0,0,1,-9.184746633903126
24,T_1,C_1_12,0.59,0.6,0,0,0,-7.450883674618121
20,T_1,C_1_12,0.71,0.68,0,0,1,-5.193684071837587
21,T_1,C_1_9,0.54,0.55,0,0,0,-8.820297775909085
6,T_1,C_1_9,0.59,0.61,0,0,1,-8.129135908977606
10,T_1,C_1_9,0.58,0.56,0,0,0,-6.928540079781975
27,T_1,C_1_12,0.53,0.59,0,0,0,-5.635942429997134
36,T_1,C_1_9,0.53,0.57,0,0,0,-7.135942429997134
34,T_1,C_1_9,0.62,0.63,0,0,0,-8.730188461743166
12,T_1,C_1_9,0.53,0.57,0,0,0,-8.064513858568564
42,T_1,C_1_12,0.58,0.6,0,0,0,-5.893878937933644
5,T_1,C_1_12,0.66,0.65,0,0,1,-5.002013858568564
40,T_1,C_1_3,0.59,0.64,0,0,0,-9.049632906187611
37,T_1,C_1_9,0.51,0.55,0,0,1,-5.494077350632056
9,T_1,C_1_9,0.61,0.63,0,0,1,-7.63991068396539
38,T_1,C_1_9,0.54,0.53,0,0,0,-7.16553030578174
15,T_1,C_1_12,0.74,0.76,0,0,1,-4.954430206673715
25,T_1,C_1_13,0.54,0.6,0,0,1,-9.043627431648936
26,T_1,C_1_9,0.55,0.56,1,0,1,32.311871101356004
44,T_1,C_1_12,0.63,0.67,1,0,1,36.250484962742135
45,T_1,C_1_12,0.67,0.65,1,0,1,32.414841398385704
11,T_1,C_1_12,0.64,0.71,1,0,1,36.99891265417597
47,T_1,C_1_9,0.65,0.62,1,0,0,35.826805829250155
19,T_1,C_1_12,0.54,0.59,1,0,1,26.139367649230373
46,T_1,C_1_9,0.63,0.61,1,0,1,28.17695419720268
48,T_1,C_1_12,0.66,0.62,1,0,1,34.91780484013047
32,T_1,C_1_12,0.6,0.56,1,0,0,32.268942327766474
43,T_1,C_1_9,0.58,0.58,1,0,0,27.08578218811685
41,T_1,C_1_9,0.53,0.57,1,0,1,7.754490611551845
31,T_1,C_1_12,0.56,0.65,0,0,0,-38.67364042011867
28,T_1,C_1_12,0.51,0.55,0,0,0,-26.335866871117716
17,T_1,C_1_3,0.61,0.67,1,0,0,17.740758504678634
49,T_1,C_1_9,0.63,0.7,1,0,1,14.834812610456439
7,T_1,C_1_12,0.57,0.57,1,0,1,6.5679560102665135
13,T_1,C_1_9,0.5,0.53,0,0,0,-26.59277995963216
2,T_2,C_2_5,0.59,0.63,1,0,1,0.24713269668297944
23,T_1,C_1_12,0.45,0.5,1,0,1,10.538523425159813
0,T_2,C_2_2,0.6,0.67,0,0,1,-38.956539643445744
1,T_2,C_2_5,0.6,0.7,0,0,0,-35.592737433207105
4,T_2,C_2_10,0.62,0.63,0,0,1,-51.359498528580104
21,T_1,C_1_12,0.52,0.55,0,0,0,-9.120724731166598
24,T_1,C_1_9,0.56,0.6,1,0,0,1.5107550049314227
33,T_2,C_2_10,0.6,0.66,1,0,1,36.69598083930224
10,T_1,C_1_12,0.57,0.56,1,0,0,37.72887557614435
36,T_1,C_1_12,0.53,0.57,1,0,0,44.65086805734735
3,T_2,C_2_7,0.54,0.61,1,0,0,29.802183846821038
27,T_1,C_1_9,0.51,0.59,1,0,0,39.067221440805994
12,T_1,C_1_12,0.52,0.57,1,0,0,23.68613392164873
18,T_2,C_2_2,0.6,0.69,1,0,0,35.644858124275366
42,T_1,C_1_9,0.57,0.6,1,0,0,39.44194223202078
35,T_2,C_2_5,0.6,0.65,1,0,1,25.34220726262248
34,T_1,C_1_12,0.61,0.63,1,0,0,32.0354702475066
40,T_1,C_1_9,0.58,0.64,1,0,1,21.160678586293827
30,T_2,C_2_18,0.64,0.66,1,0,0,52.38842449226675
14,T_2,C_2_2,0.62,0.67,0,0,1,-24.50670434580869
22,T_2,C_2_7,0.59,0.65,0,0,1,-12.608628786026552
8,T_2,C_2_7,0.61,0.69,0,0,1,-2.5023788075996163
38,T_1,C_1_12,0.52,0.53,1,0,0,14.051010236040115
39,T_2,C_2_10,0.67,0.71,0,0,1,-8.59484172338128
47,T_1,C_1_12,0.61,0.62,1,0,1,1.6417074417393083
29,T_2,C_2_16,0.56,0.66,1,0,0,11.194820201994931
32,T_1,C_1_1,0.53,0.56,0,0,1,-46.844684829839125
16,T_2,C_2_2,0.57,0.66,0,0,1,-42.12102494074485
43,T_1,C_1_3,0.54,0.58,0,0,1,-22.14346124846132
20,T_2,C_2_16,0.68,0.73,1,0,0,0.44229292625492655
6,T_2,C_2_10,0.61,0.68,0,0,1,-14.509140275922379
1,T_2,C_2_15,0.58,0.7,0,0,1,-9.137039135431124
13,T_1,C_1_13,0.47,0.53,1,0,0,23.53483586456887
31,T_1,C_1_3,0.55,0.65,0,0,1,-22.069943547195827
2,T_3,C_3_4,0.63,0.52,0,0,1,-9.761120017784064
5,T_2,C_2_2,0.65,0.75,0,0,1,-8.194024429548767
28,T_1,C_1_13,0.49,0.55,1,0,1,0.174218494342549
9,T_2,C_2_2,0.63,0.73,0,0,1,-15.263718844011803
17,T_1,C_1_12,0.6,0.67,0,0,1,-11.536783703285765
37,T_2,C_2_5,0.55,0.66,1,0,1,2.9242612096381606
15,T_2,C_2_2,0.76,0.81,0,0,0,-3.636271520692927
0,T_3,C_3_5,0.67,0.54,0,0,1,-6.3696120593857
26,T_2,C_2_2,0.56,0.67,0,0,0,-33.0467673320114
3,T_2,C_2_2,0.53,0.61,0,0,0,-37.58034859301996
44,T_2,C_2_5,0.67,0.7,0,0,1,-53.19587370717522
4,T_3,C_3_5,0.63,0.58,0,0,1,-53.0040928852574
25,T_2,C_2_2,0.6,0.64,0,0,0,-47.906751786034
18,T_2,C_2_10,0.59,0.69,0,0,0,-37.99525543566904
45,T_2,C_2_2,0.65,0.73,0,0,1,-10.372745435649323
33,T_3,C_3_5,0.66,0.57,0,0,1,-33.10431959397506
24,T_1,C_1_13,0.55,0.6,0,0,1,-0.1052295120824418
21,T_1,C_1_13,0.51,0.55,1,0,0,23.733718213569325
11,T_2,C_2_5,0.71,0.71,1,0,1,10.964417577783687
46,T_2,C_2_10,0.61,0.65,0,0,0,-11.70588214973674
48,T_2,C_2_2,0.62,0.71,1,0,1,13.612010674968062
19,T_2,C_2_7,0.59,0.61,1,0,1,34.07795072946398
35,T_3,C_3_5,0.65,0.54,0,0,1,-15.390714120672252
30,T_2,C_2_7,0.61,0.66,0,0,1,-3.871884642805231
10,T_1,C_1_13,0.53,0.56,1,0,1,15.519259987043426
12,T_1,C_1_3,0.48,0.57,0,0,0,-35.63899582165134
41,T_2,C_2_7,0.57,0.64,0,0,1,-5.534070741978297
36,T_1,C_1_6,0.5,0.57,1,0,0,2.98419423174202
42,T_1,C_1_13,0.53,0.6,0,0,1,-6.015344786421883
27,T_1,C_1_7,0.5,0.59,1,0,0,11.91810845098818
8,T_3,C_3_5,0.69,0.56,0,0,0,-5.4335102540477695
14,T_3,C_3_5,0.67,0.57,0,0,1,-15.33818651304058
22,T_3,C_3_5,0.65,0.56,0,0,0,-37.842152073745645
29,T_2,C_2_2,0.55,0.66,0,0,1,-18.794032172013083
34,T_1,C_1_3,0.58,0.63,0,0,1,-49.205163231259036
39,T_3,C_3_5,0.71,0.63,0,0,0,-54.63927212660646
7,T_2,C_2_2,0.57,0.67,0,0,0,-31.355757170886964
20,T_2,C_2_10,0.66,0.73,0,0,1,-37.38891129275078
49,T_2,C_2_2,0.7,0.72,0,0,0,-11.182062266833613
23,T_2,C_2_5,0.5,0.62,0,0,0,-4.189521119504883
16,T_3,C_3_5,0.66,0.53,1,0,0,9.879029210366753
38,T_1,C_1_13,0.5,0.53,1,0,1,23.16869052943983
6,T_3,C_3_5,0.68,0.56,0,0,0,-25.16340342733887
1,T_3,C_3_5,0.7,0.55,1,0,1,25.083652874770458
5,T_3,C_3_5,0.75,0.6,1,0,1,27.907724657702055
15,T_2,C_2_10,0.73,0.81,1,0,1,43.288535749773445
9,T_3,C_3_5,0.73,0.58,0,0,1,-4.570570103641081
2,T_4,C_4_4,0.52,0.55,0,0,0,-6.152211762952659
3,T_2,C_2_5,0.52,0.61,1,0,0,27.233089080276997
26,T_2,C_2_5,0.56,0.67,1,0,0,33.08405909791368
40,T_2,C_2_5,0.64,0.66,0,0,1,-13.369095935238404
8,T_3,C_3_4,0.58,0.56,1,0,1,5.528791388705256
13,T_1,C_1_14,0.46,0.53,0,0,1,-36.9283256539199
18,T_2,C_2_5,0.58,0.69,0,0,0,-63.57652266359447
25,T_2,C_2_5,0.58,0.64,0,0,0,-63.429644915133615
22,T_3,C_3_4,0.57,0.56,0,0,0,-45.89939774107304
37,T_3,C_3_5,0.66,0.51,0,0,0,-55.63401988518552
0,T_4,C_4_4,0.54,0.57,0,0,0,-71.36424835618728
44,T_3,C_3_5,0.7,0.61,1,0,1,5.711473690176824
4,T_4,C_4_4,0.58,0.59,1,0,0,12.012087187109339
39,T_3,C_3_1,0.63,0.63,1,0,0,5.306565714716701
45,T_3,C_3_5,0.73,0.58,0,0,1,-30.274609524446355
46,T_2,C_2_7,0.57,0.65,0,0,1,-30.9021783685506
33,T_4,C_4_4,0.57,0.55,0,0,0,-0.762712157905364
6,T_3,C_3_1,0.56,0.56,0,0,1,-1.1673518006345827
47,T_2,C_2_2,0.62,0.74,1,0,0,14.227936157480599
32,T_2,C_2_5,0.56,0.62,1,0,0,5.883259019609744
16,T_3,C_3_4,0.58,0.53,0,0,0,-0.34972527358398153
19,T_3,C_3_5,0.61,0.53,1,0,1,28.551616159426455
30,T_3,C_3_5,0.66,0.56,1,0,1,23.57565137892335
43,T_2,C_2_15,0.58,0.65,0,0,0,-10.82087036020705
11,T_3,C_3_5,0.71,0.59,1,0,1,42.418355265902555
35,T_4,C_4_4,0.54,0.57,1,0,0,29.764533709767804
48,T_3,C_3_5,0.71,0.58,1,0,1,37.611755931990004
21,T_1,C_1_3,0.45,0.55,1,0,0,21.197709242195256
41,T_3,C_3_5,0.64,0.51,1,0,0,2.7940436241484905
31,T_2,C_2_5,0.65,0.67,0,0,1,-7.215471946785753
7,T_2,C_2_7,0.56,0.67,1,0,1,13.045332603820878
14,T_4,C_4_4,0.57,0.57,1,0,0,35.41363144708626
37,T_3,C_3_4,0.59,0.51,1,0,0,27.375458315284533
22,T_3,C_3_1,0.53,0.56,1,0,0,42.04845227559514
12,T_1,C_1_13,0.47,0.57,1,0,1,8.643385481985913
49,T_2,C_2_5,0.68,0.72,1,0,0,1.1821785854341806
29,T_3,C_3_5,0.66,0.51,0,0,1,-16.28692726861555
27,T_1,C_1_2,0.48,0.59,0,0,0,-22.87607455543725
23,T_2,C_2_15,0.49,0.62,0,0,1,-18.983740360777468
36,T_1,C_1_13,0.5,0.57,0,0,0,-3.2376811886885974
17,T_2,C_2_5,0.67,0.74,0,0,1,-7.215513905133534
28,T_2,C_2_15,0.55,0.66,1,0,1,36.748196046319194
2,T_4,C_4_3,0.46,0.55,0,0,0,-6.830013619919768
39,T_3,C_3_8,0.61,0.63,0,0,0,-11.327867697172984
20,T_3,C_3_5,0.73,0.61,0,0,1,-6.961344092022792
3,T_2,C_2_10,0.51,0.61,1,0,1,22.899117420427757
15,T_3,C_3_5,0.81,0.68,1,0,0,40.3425100937948
5,T_4,C_4_1,0.6,0.65,1,0,1,32.0231249528896
1,T_4,C_4_4,0.55,0.62,1,0,1,17.37047035645646
16,T_3,C_3_2,0.53,0.53,1,0,1,10.657159776251671
26,T_2,C_2_7,0.55,0.67,1,0,1,4.8834639349533004
9,T_4,C_4_4,0.58,0.59,1,0,0,32.19555568068854
25,T_2,C_2_15,0.52,0.64,1,0,1,7.824676307021596
0,T_4,C_4_1,0.52,0.57,0,0,0,-0.1466082493541343
18,T_2,C_2_18,0.57,0.69,1,0,0,8.072779505747889
24,T_2,C_2_5,0.6,0.67,1,0,1,7.442677464931548
4,T_4,C_4_1,0.5,0.59,0,0,0,-21.87070285746077
40,T_3,C_3_5,0.66,0.59,1,0,0,1.4026151087074323
41,T_3,C_3_1,0.57,0.51,0,0,0,-33.90341314820302
33,T_4,C_4_1,0.55,0.55,0,0,0,-12.429231543989411
8,T_4,C_4_4,0.56,0.57,0,0,1,-15.086301823413626
10,T_2,C_2_7,0.56,0.66,1,0,0,43.65537225760119
37,T_3,C_3_12,0.51,0.51,0,0,1,-14.96476525164212
42,T_2,C_2_10,0.6,0.67,0,0,1,-5.381535202065926
22,T_3,C_3_2,0.53,0.56,1,0,0,6.674208041177321
44,T_4,C_4_4,0.61,0.62,1,0,1,54.17117462801733
45,T_4,C_4_3,0.58,0.64,0,0,1,-8.46807726288997
47,T_2,C_2_10,0.6,0.74,0,0,0,-3.6257501128056386
6,T_4,C_4_4,0.56,0.54,0,0,0,-8.42337220216465
35,T_4,C_4_1,0.47,0.57,1,0,0,13.968883690091246
34,T_2,C_2_2,0.63,0.68,1,0,0,4.81736853857608
32,T_2,C_2_2,0.56,0.62,1,0,1,0.8089510301585738
46,T_3,C_3_5,0.65,0.59,1,0,1,21.307392313035617
43,T_2,C_2_7,0.58,0.65,0,0,1,-37.58070821684886
30,T_4,C_4_4,0.56,0.59,1,0,0,0.9773242777974245
14,T_4,C_4_5,0.49,0.57,1,0,0,30.0727217673372
39,T_3,C_3_2,0.6,0.63,1,0,1,25.79637802739512
19,T_4,C_4_4,0.53,0.54,1,0,1,9.931523583593302
38,T_2,C_2_15,0.53,0.66,1,0,1,4.0564268266759615
11,T_4,C_4_4,0.59,0.67,1,0,1,10.232275463292565
48,T_4,C_4_1,0.58,0.6,1,0,0,5.675608796625884
15,T_3,C_3_2,0.75,0.68,1,0,1,21.776442129959225
31,T_3,C_3_5,0.67,0.58,0,0,0,-24.60161250121103
49,T_2,C_2_7,0.64,0.72,0,0,1,-19.428567576086255
7,T_3,C_3_5,0.67,0.54,0,0,1,-22.566871656980638
21,T_1,C_1_11,0.44,0.55,1,0,0,22.31523441019385
13,T_2,C_2_16,0.53,0.62,0,0,1,-14.784550879692253
2,T_4,C_4_5,0.44,0.55,0,0,1,-5.34332571412933
40,T_3,C_3_2,0.64,0.59,1,0,1,2.0428514943347995
41,T_3,C_3_4,0.55,0.51,1,0,1,2.0494685332098914
29,T_4,C_4_4,0.51,0.52,0,0,1,-21.066971680190996
23,T_3,C_3_5,0.62,0.43,0,0,0,-12.652537627950696
28,T_3,C_3_5,0.66,0.51,1,0,1,2.0589215641350433
22,T_3,C_3_3,0.52,0.56,1,0,1,17.63509321365948
17,T_3,C_3_5,0.74,0.63,0,0,1,-45.31725558397579
9,T_4,C_4_1,0.53,0.59,0,0,0,-33.80596863739257
20,T_4,C_4_3,0.61,0.69,0,0,1,-44.58493330460705
36,T_1,C_1_7,0.47,0.57,0,0,1,-9.055178120494638
0,T_4,C_4_3,0.5,0.57,1,0,1,1.5887923471017773
3,T_3,C_3_5,0.61,0.5,1,0,1,3.492812035370844
27,T_1,C_1_6,0.46,0.59,0,0,0,-42.08832609182292
4,T_4,C_4_3,0.45,0.59,1,0,1,0.7299896295099
18,T_2,C_2_7,0.56,0.69,0,0,1,-43.43127971300194
33,T_4,C_4_3,0.46,0.55,0,0,1,-14.082157727876453
26,T_3,C_3_5,0.67,0.5,0,0,1,-14.330466813337722
16,T_4,C_4_4,0.53,0.58,0,0,0,-13.05966746586628
25,T_3,C_3_5,0.64,0.53,0,0,1,-10.256447766630348
5,T_5,C_5_1,0.65,0.66,0,0,1,-10.945223435852082
24,T_3,C_3_5,0.67,0.55,0,0,0,-12.379723029017278
10,T_2,C_2_2,0.56,0.66,0,0,1,-15.878303738976337
35,T_4,C_4_5,0.44,0.57,0,0,1,-6.840691564046628
6,T_4,C_4_1,0.55,0.54,0,0,0,-29.44409789008069
31,T_3,C_3_4,0.66,0.58,1,0,1,23.44969595581835
1,T_5,C_5_7,0.62,0.58,0,0,1,-25.717792675996815
47,T_2,C_2_15,0.6,0.74,0,0,0,-28.69738663849829
42,T_3,C_3_5,0.67,0.56,0,0,0,-27.194637920710452
37,T_4,C_4_1,0.51,0.58,0,0,0,-33.67282855075891
34,T_2,C_2_5,0.62,0.68,1,0,1,12.019001068468636
12,T_2,C_2_5,0.57,0.6,1,0,1,18.641277097524327
30,T_4,C_4_1,0.53,0.59,1,0,0,5.700195580171604
8,T_5,C_5_7,0.57,0.59,0,0,0,-41.379115478541316
14,T_4,C_4_1,0.48,0.57,0,0,1,-14.641595349716853
23,T_3,C_3_4,0.55,0.43,0,0,0,-15.851448789851174
32,T_3,C_3_5,0.62,0.5,0,0,0,-37.20344666943724
46,T_4,C_4_4,0.59,0.58,0,0,0,-20.438823489719972
48,T_4,C_4_4,0.56,0.6,0,0,1,-32.58649604188692
44,T_5,C_5_7,0.62,0.64,0,0,1,-37.5359342441341
43,T_3,C_3_5,0.65,0.54,0,0,0,-0.5631572036349617
45,T_5,C_5_7,0.64,0.66,0,0,1,-29.78022496112476
39,T_4,C_4_4,0.63,0.64,1,0,1,3.255460936311156
38,T_3,C_3_5,0.66,0.5,1,0,1,17.41500801017236
15,T_4,C_4_4,0.68,0.74,0,0,0,-37.996876195968994
49,T_3,C_3_5,0.72,0.62,0,0,1,-32.739119632723174
7,T_4,C_4_4,0.54,0.56,0,0,0,-16.47579425483933
13,T_3,C_3_5,0.62,0.52,1,0,1,9.548847450340434
9,T_4,C_4_5,0.5,0.59,1,0,1,12.668783907846402
24,T_3,C_3_4,0.61,0.55,1,0,0,10.586972946766158
11,T_5,C_5_5,0.67,0.64,0,0,0,-13.24101199369553
19,T_5,C_5_10,0.54,0.52,1,0,1,3.351375000753297
40,T_4,C_4_4,0.59,0.59,0,0,1,-20.95711032835056
41,T_4,C_4_4,0.51,0.53,0,0,1,-4.465437053172135
21,T_1,C_1_1,0.42,0.55,1,0,1,32.33485602542241
28,T_4,C_4_1,0.51,0.51,1,0,0,2.858467973822817
17,T_4,C_4_4,0.63,0.68,1,0,0,28.718387798486088
42,T_3,C_3_4,0.65,0.56,1,0,0,29.40638147937076
2,T_5,C_5_7,0.55,0.57,0,0,0,-20.604660763192
22,T_4,C_4_4,0.56,0.54,0,0,0,-4.583182652728333
29,T_5,C_5_10,0.52,0.53,0,0,0,-4.193111730742537
16,T_4,C_4_1,0.52,0.58,0,0,0,-12.770368505045045
3,T_4,C_4_4,0.5,0.5,0,0,1,-28.628261886244598
23,T_3,C_3_12,0.48,0.43,0,0,0,-10.456362357202202
18,T_3,C_3_5,0.69,0.54,0,0,0,-0.30724055463502964
32,T_3,C_3_1,0.57,0.5,0,0,1,-6.652338593850711
6,T_4,C_4_3,0.45,0.54,0,0,0,-26.362548795006965
43,T_3,C_3_4,0.6,0.54,0,0,1,-31.481203431157198
0,T_5,C_5_1,0.57,0.58,0,0,0,-29.19370343115721
20,T_5,C_5_10,0.69,0.64,0,0,1,-36.42182843115722
26,T_4,C_4_4,0.5,0.54,0,0,0,-9.656203431157216
8,T_5,C_5_5,0.55,0.59,0,0,0,-21.739015931157205
27,T_1,C_1_14,0.46,0.59,1,0,0,55.31221761115869
25,T_4,C_4_4,0.53,0.54,1,0,0,32.1212534488198
47,T_2,C_2_6,0.6,0.74,1,0,1,54.02304612224147
37,T_4,C_4_4,0.5,0.58,1,0,1,50.21173938642225
30,T_4,C_4_3,0.53,0.59,1,0,1,44.21803779727352
33,T_5,C_5_1,0.55,0.56,1,0,1,39.61881600739028
4,T_5,C_5_1,0.59,0.57,1,0,1,32.636714840075086
10,T_3,C_3_5,0.66,0.56,1,0,1,47.15967203851868
31,T_4,C_4_4,0.58,0.6,1,0,0,42.60356562871577
24,T_3,C_3_2,0.59,0.55,1,0,0,14.787340187490312
46,T_4,C_4_1,0.5,0.58,1,0,1,18.944322950261768
5,T_6,C_6_4,0.66,0.65,1,0,1,22.79993275294337
34,T_3,C_3_5,0.68,0.58,1,0,0,4.01355504396504
35,T_5,C_5_1,0.57,0.59,1,0,1,19.66139846869747
12,T_3,C_3_5,0.6,0.48,0,0,1,-0.4049489884601414
42,T_3,C_3_12,0.59,0.56,1,0,1,13.699082037554307
11,T_5,C_5_7,0.64,0.64,1,0,0,3.631149995732059
15,T_4,C_4_1,0.65,0.74,1,0,1,5.792937360909253
7,T_4,C_4_1,0.5,0.56,1,0,0,14.709588903935714
1,T_6,C_6_2,0.58,0.62,1,0,1,24.89819552441302
23,T_3,C_3_9,0.46,0.43,1,0,0,4.470492130687761
36,T_2,C_2_5,0.57,0.66,0,0,1,-5.049292225522109
18,T_3,C_3_1,0.61,0.54,0,0,1,-31.92112645422509
14,T_5,C_5_1,0.57,0.57,0,0,1,-21.047850295855298
2,T_5,C_5_1,0.53,0.57,0,0,0,-41.900050422785704
38,T_4,C_4_1,0.5,0.52,1,0,0,25.63955986395453
49,T_4,C_4_4,0.62,0.68,1,0,0,1.4198048869254372
29,T_5,C_5_1,0.51,0.53,1,0,0,4.052270430570152
28,T_4,C_4_4,0.5,0.51,1,0,0,53.09698020981281
48,T_5,C_5_1,0.6,0.65,0,0,0,-50.61544232474435
22,T_4,C_4_1,0.47,0.54,0,0,1,-20.828582126119443
17,T_4,C_4_1,0.57,0.68,1,0,1,8.742168228151336
44,T_6,C_6_4,0.64,0.69,0,0,1,-43.51050469211813
13,T_4,C_4_3,0.52,0.52,0,0,0,-16.711877689829805
0,T_5,C_5_7,0.57,0.58,0,0,1,-31.260222139235395
39,T_5,C_5_1,0.64,0.64,0,0,1,-46.350000945915326
45,T_6,C_6_4,0.66,0.7,0,0,0,-38.19539317744617
16,T_4,C_4_3,0.51,0.58,0,0,0,-38.37741907234336
8,T_5,C_5_1,0.55,0.59,1,0,0,0.8401561622324198
6,T_4,C_4_5,0.43,0.54,0,0,1,-45.16316607006766
9,T_5,C_5_1,0.59,0.6,0,0,0,-9.001531071686514
24,T_3,C_3_1,0.56,0.55,0,0,0,-37.661122290302245
26,T_4,C_4_1,0.48,0.54,0,0,1,-19.616051407362306
40,T_5,C_5_1,0.59,0.59,0,0,1,-32.34185052575814
34,T_3,C_3_2,0.62,0.58,1,0,0,5.1944983422374555
41,T_5,C_5_5,0.53,0.52,1,0,1,10.75190015492629
19,T_6,C_6_2,0.52,0.56,1,0,0,21.479996831663424
25,T_4,C_4_5,0.48,0.54,1,0,0,17.692811113307535
32,T_4,C_4_3,0.5,0.52,1,0,1,9.997027980777421
43,T_4,C_4_4,0.54,0.58,0,0,0,-23.788518267420773
23,T_3,C_3_1,0.44,0.43,1,0,0,35.99175239811749
3,T_5,C_5_1,0.5,0.5,1,0,1,6.173157196290354
31,T_4,C_4_1,0.51,0.6,0,0,1,-3.257127661280858
11,T_5,C_5_1,0.64,0.64,0,0,1,-20.691890646280516
47,T_3,C_3_5,0.74,0.58,0,0,1,-20.02921300978088
27,T_1,C_1_13,0.45,0.59,1,0,0,16.56295102599713
21,T_2,C_2_18,0.55,0.59,0,0,1,-8.236267089243235
10,T_4,C_4_4,0.56,0.56,0,0,1,-4.632425558641199
7,T_4,C_4_3,0.46,0.56,0,0,0,-8.876273433361554
20,T_6,C_6_5,0.64,0.68,1,0,0,19.486164345238617
2,T_5,C_5_8,0.51,0.57,0,0,0,-8.506776365162388
29,T_5,C_5_5,0.5,0.53,1,0,0,31.56690484782913
30,T_5,C_5_1,0.59,0.57,1,0,1,28.25939134986488
12,T_4,C_4_4,0.48,0.53,0,0,1,-7.531320493570419
37,T_5,C_5_7,0.58,0.55,0,0,1,-0.6568777001082999
48,T_5,C_5_8,0.58,0.65,0,0,1,-17.36267264810236
33,T_6,C_6_9,0.56,0.57,1,0,0,9.061154005371158
49,T_4,C_4_5,0.55,0.68,1,0,1,23.48614998500716
4,T_6,C_6_4,0.57,0.59,0,0,1,-29.92417649047856
42,T_4,C_4_4,0.56,0.59,0,0,0,-4.592078640219114
38,T_4,C_4_4,0.49,0.52,1,0,1,15.080271248587408
28,T_4,C_4_5,0.42,0.51,0,0,1,-3.2401268515141624
5,T_7,C_7_8,0.65,0.59,0,0,1,-17.66901574040304
24,T_3,C_3_3,0.55,0.55,1,0,0,1.9003490648166554
46,T_5,C_5_1,0.58,0.57,0,0,1,-17.18645382937961
18,T_4,C_4_4,0.54,0.56,0,0,1,-25.07578916571307
36,T_3,C_3_4,0.66,0.51,1,0,0,18.53914061994841
34,T_3,C_3_4,0.62,0.58,0,0,1,-7.641801997856973
8,T_5,C_5_10,0.54,0.59,0,0,0,-6.5709009638835525
35,T_6,C_6_4,0.59,0.61,0,0,0,-40.472662043532736
13,T_4,C_4_1,0.47,0.52,0,0,0,-12.960484921761548
1,T_7,C_7_8,0.62,0.58,1,0,0,4.150962900681293
15,T_5,C_5_1,0.74,0.72,1,0,1,26.435698663893106
9,T_5,C_5_7,0.56,0.6,1,0,1,28.09892637207293
16,T_4,C_4_5,0.41,0.58,1,0,0,30.940438754655162
23,T_3,C_3_2,0.4,0.43,1,0,0,24.79997268964197
45,T_6,C_6_2,0.62,0.7,0,0,1,-23.338276795125022
14,T_6,C_6_4,0.57,0.61,0,0,1,-12.42365481024174
44,T_7,C_7_8,0.69,0.63,0,0,1,-44.42863884404587
25,T_4,C_4_1,0.45,0.54,0,0,0,-3.227372320698848
22,T_5,C_5_1,0.54,0.54,1,0,1,2.142699215261576
19,T_6,C_6_9,0.5,0.56,1,0,0,20.61354469631112
17,T_5,C_5_1,0.68,0.65,1,0,1,5.055632785063363
43,T_4,C_4_1,0.51,0.58,0,0,1,-0.765991188378802
0,T_6,C_6_4,0.58,0.64,0,0,0,-2.467422657407745
2,T_5,C_5_5,0.51,0.57,0,0,0,-0.03210288996589483
39,T_6,C_6_9,0.64,0.64,1,0,1,20.007507043154625
29,T_5,C_5_8,0.49,0.53,1,0,0,40.05450663103471
6,T_5,C_5_8,0.54,0.57,1,0,1,24.407917371237925
7,T_4,C_4_5,0.44,0.56,0,0,0,-11.017246503852263
24,T_3,C_3_9,0.53,0.55,1,0,0,0.9762364794931297
26,T_5,C_5_5,0.54,0.53,1,0,1,25.492553647257854
40,T_6,C_6_2,0.59,0.62,1,0,0,1.395592721063931
41,T_6,C_6_5,0.52,0.57,1,0,0,9.749437160415876
20,T_6,C_6_2,0.64,0.68,0,0,1,-26.065582337283285
32,T_5,C_5_8,0.52,0.54,0,0,0,-27.38350141242778
47,T_4,C_4_4,0.58,0.62,0,0,0,-17.880008598241336
36,T_3,C_3_5,0.66,0.51,1,0,1,9.091852873620134
21,T_3,C_3_5,0.59,0.51,1,0,1,12.52043626651497
3,T_6,C_6_4,0.5,0.55,0,0,0,-28.097211671753627
33,T_6,C_6_2,0.55,0.57,0,0,1,-30.704405916357935
31,T_5,C_5_1,0.6,0.58,0,0,1,-37.171312391178084
1,T_7,C_7_6,0.53,0.58,0,0,0,-13.031327700282333
27,T_1,C_1_3,0.44,0.59,1,0,1,6.766659359386962
42,T_4,C_4_1,0.55,0.59,1,0,0,10.870668506862097
8,T_5,C_5_8,0.53,0.59,1,0,0,6.212277000892186
23,T_3,C_3_11,0.39,0.43,1,0,0,29.01752737656644
10,T_5,C_5_1,0.56,0.57,1,0,1,19.16714298467695
11,T_6,C_6_4,0.64,0.71,1,0,0,7.875386712275532
30,T_6,C_6_9,0.57,0.59,1,0,1,16.079766431605428
13,T_4,C_4_4,0.46,0.52,1,0,1,27.07762357446259
12,T_5,C_5_1,0.53,0.5,1,0,1,7.721198571913405
4,T_7,C_7_6,0.59,0.57,0,0,0,-12.260357147798274
35,T_6,C_6_2,0.51,0.61,1,0,1,33.03094019428312
49,T_5,C_5_1,0.68,0.63,1,0,0,6.9439741288472945
37,T_6,C_6_2,0.55,0.58,1,0,1,20.127604022085738
16,T_4,C_4_2,0.39,0.58,1,0,0,18.515013245604905
48,T_6,C_6_4,0.65,0.64,1,0,0,6.996178846173493
34,T_4,C_4_4,0.58,0.64,0,0,1,-21.943247966698813
28,T_5,C_5_7,0.51,0.52,1,0,1,12.569916643783957
24,T_3,C_3_12,0.53,0.55,0,0,1,-17.777254770282838
38,T_5,C_5_7,0.52,0.55,0,0,1,-0.9388422968597254
18,T_5,C_5_8,0.56,0.6,0,0,0,-34.24500813668961
2,T_5,C_5_10,0.49,0.57,1,0,0,16.232944333079455
25,T_4,C_4_3,0.42,0.54,1,0,0,17.830678044127623
46,T_6,C_6_9,0.57,0.54,0,0,0,-23.47771343126253
29,T_5,C_5_2,0.49,0.53,1,0,1,14.057679653323518
19,T_6,C_6_4,0.48,0.56,1,0,1,19.124770048803732
5,T_8,C_8_4,0.59,0.69,0,0,0,-49.48729244812682
0,T_6,C_6_3,0.55,0.64,1,0,0,12.897632409331198
7,T_4,C_4_2,0.41,0.56,0,0,1,-6.783098954944471
14,T_7,C_7_6,0.61,0.55,0,0,0,-28.928276681128622
45,T_7,C_7_8,0.7,0.59,0,0,0,-27.300729246132136
32,T_5,C_5_5,0.52,0.54,0,0,1,-2.415966381634753
1,T_7,C_7_3,0.52,0.58,1,0,0,13.98827223456867
15,T_6,C_6_5,0.72,0.74,0,0,1,-11.91979794086993
9,T_6,C_6_4,0.6,0.6,0,0,0,-29.1922075764596
23,T_3,C_3_6,0.37,0.43,0,0,0,-5.277138447823425
40,T_6,C_6_5,0.58,0.62,1,0,0,2.065661913276296
41,T_6,C_6_4,0.52,0.57,0,0,0,-1.1888501090232246
22,T_6,C_6_2,0.54,0.56,1,0,1,26.20528338440969
8,T_5,C_5_2,0.52,0.59,1,0,0,27.98755833207194
47,T_4,C_4_1,0.58,0.62,0,0,1,-1.256099091421497
43,T_5,C_5_7,0.58,0.55,1,0,1,16.847108718899282
17,T_6,C_6_4,0.65,0.68,1,0,1,8.841529918341386
39,T_7,C_7_6,0.64,0.62,0,0,0,-5.9862246144340645
4,T_7,C_7_2,0.58,0.57,1,0,1,33.25833741475752
44,T_8,C_8_6,0.63,0.7,1,0,0,48.20775617831437
3,T_6,C_6_2,0.5,0.55,1,0,0,32.57031706905899
42,T_4,C_4_3,0.47,0.59,1,0,0,10.353535598755343
36,T_4,C_4_4,0.51,0.59,0,0,0,-4.247067507245379
49,T_5,C_5_10,0.6,0.63,1,0,0,16.986584670266577
6,T_6,C_6_2,0.57,0.54,1,0,1,10.477569413678516
20,T_7,C_7_6,0.68,0.63,0,0,1,-15.213257602391234
21,T_4,C_4_4,0.51,0.52,0,0,1,-1.2639311184387125
26,T_6,C_6_4,0.53,0.58,1,0,1,16.538060657577564
11,T_6,C_6_3,0.61,0.71,1,0,0,22.983735398061977
2,T_5,C_5_4,0.49,0.57,0,0,1,-1.034295437931819
33,T_7,C_7_8,0.57,0.59,1,0,1,13.093201044687174
18,T_5,C_5_10,0.56,0.6,0,0,1,-39.01816708077389
48,T_6,C_6_2,0.59,0.64,0,0,1,-52.45303604068709
31,T_6,C_6_4,0.58,0.63,0,0,0,-43.61350436024633
14,T_7,C_7_8,0.58,0.55,0,0,1,-14.428668419075425
23,T_3,C_3_8,0.37,0.43,1,0,0,27.442304761742456
45,T_7,C_7_6,0.62,0.59,1,0,1,25.520601465039157
30,T_7,C_7_8,0.59,0.54,1,0,1,3.175821245258918
25,T_4,C_4_2,0.37,0.54,1,0,1,37.01510695954464
1,T_7,C_7_11,0.51,0.58,1,0,0,38.28571135514905
35,T_7,C_7_8,0.61,0.53,1,0,1,41.66122305215663
10,T_6,C_6_4,0.57,0.59,0,0,1,-7.366168662084631
37,T_7,C_7_8,0.58,0.52,1,0,0,1.114743162078696
13,T_5,C_5_7,0.52,0.51,0,0,1,-13.615977910185512
12,T_6,C_6_4,0.5,0.57,0,0,1,-2.522398675212834
46,T_6,C_6_4,0.55,0.54,0,0,1,-2.9616063254860787
16,T_5,C_5_1,0.58,0.59,0,0,1,-25.1174503360047
0,T_6,C_6_2,0.54,0.64,0,0,0,-19.349532247267508
24,T_4,C_4_4,0.55,0.59,0,0,0,-43.94485931961038
39,T_7,C_7_8,0.62,0.62,0,0,1,-49.69915135497699
8,T_5,C_5_3,0.51,0.59,0,0,0,-16.6049264998412
28,T_6,C_6_4,0.52,0.53,0,0,1,-6.551727699853014
9,T_6,C_6_2,0.6,0.6,0,0,0,-39.47404054275313
19,T_7,C_7_8,0.56,0.5,0,0,1,-39.88652358210186
34,T_5,C_5_1,0.64,0.59,0,0,0,-13.410722924373545
5,T_8,C_8_3,0.59,0.69,0,0,1,-47.187071277687586
40,T_6,C_6_4,0.56,0.62,0,0,1,-41.42352114218623
38,T_6,C_6_4,0.55,0.55,0,0,1,-20.857802985004668
41,T_6,C_6_2,0.51,0.57,0,0,1,-40.065120058175395
27,T_2,C_2_5,0.59,0.64,1,0,1,9.779926166305776
29,T_6,C_6_2,0.53,0.56,0,0,0,-22.65488788810139
49,T_5,C_5_7,0.6,0.63,0,0,1,-15.925600842435028
7,T_5,C_5_1,0.56,0.54,0,0,1,-22.54352858799434
23,T_3,C_3_3,0.34,0.43,1,0,0,18.208158321587305
15,T_7,C_7_6,0.74,0.67,1,0,0,2.227675547162125
42,T_4,C_4_5,0.46,0.59,0,0,0,-8.155354211339336
36,T_4,C_4_1,0.5,0.59,1,0,1,34.248986186809944
3,T_6,C_6_5,0.49,0.55,1,0,0,7.484517815342928
32,T_6,C_6_4,0.54,0.6,0,0,1,-21.49736555067986
22,T_7,C_7_6,0.56,0.53,0,0,1,-12.041278803089547
1,T_7,C_7_1,0.5,0.58,1,0,0,23.02588036413677
17,T_7,C_7_8,0.68,0.64,1,0,1,1.8227057708373806
44,T_8,C_8_3,0.6,0.7,0,0,0,-6.792317254117442
11,T_6,C_6_5,0.6,0.71,1,0,0,1.8292500600151769
37,T_7,C_7_6,0.51,0.52,1,0,1,17.478432635371306
47,T_5,C_5_1,0.62,0.59,0,0,1,-12.477390657801372
31,T_6,C_6_5,0.57,0.63,0,0,1,-7.942648516596719
6,T_7,C_7_8,0.54,0.61,0,0,1,-6.581310161075333
43,T_6,C_6_2,0.55,0.6,1,0,0,15.486068091092783
26,T_7,C_7_8,0.58,0.49,1,0,0,11.780953070242264
4,T_8,C_8_3,0.57,0.61,0,0,1,-10.972872611727126
8,T_5,C_5_9,0.47,0.59,1,0,0,25.67319473938624
21,T_5,C_5_1,0.52,0.53,0,0,0,-19.942054968997308
48,T_7,C_7_8,0.64,0.6,0,0,0,-36.52357450025073
20,T_8,C_8_6,0.63,0.67,0,0,1,-39.146057773716066
34,T_5,C_5_8,0.56,0.59,0,0,0,-18.86132769276446
2,T_6,C_6_4,0.57,0.62,0,0,1,-14.342185879115696
24,T_4,C_4_3,0.5,0.59,0,0,0,-23.424196461126275
0,T_6,C_6_5,0.51,0.64,0,0,0,-9.249374722193496
18,T_6,C_6_4,0.6,0.64,0,0,0,-41.18328086892184
23,T_3,C_3_10,0.32,0.43,1,0,0,4.115486078556254
10,T_7,C_7_8,0.59,0.54,1,0,0,1.432249659676268
15,T_7,C_7_8,0.71,0.67,0,0,1,-6.751622698535776
33,T_8,C_8_3,0.59,0.63,1,0,1,0.762176495471266
9,T_6,C_6_5,0.55,0.6,1,0,0,38.37872430714103
12,T_7,C_7_8,0.57,0.44,1,0,1,27.922202568010597
14,T_8,C_8_3,0.55,0.64,1,0,0,23.657783323326875
25,T_5,C_5_1,0.54,0.6,1,0,1,37.32006113767842
1,T_7,C_7_13,0.5,0.58,1,0,0,19.038369057185417
46,T_7,C_7_8,0.54,0.6,1,0,1,25.039456629866418
30,T_8,C_8_3,0.54,0.58,1,0,0,10.306006022124759
45,T_8,C_8_6,0.59,0.66,1,0,0,35.64433698895063
13,T_6,C_6_2,0.51,0.56,1,0,1,32.14998338045956
29,T_6,C_6_4,0.53,0.56,1,0,0,20.863218971193753
16,T_6,C_6_4,0.59,0.61,0,0,1,-0.4061543851803364
28,T_7,C_7_8,0.53,0.53,0,0,1,-8.234688416593958
42,T_4,C_4_2,0.41,0.59,0,0,0,-18.570233925926626
35,T_8,C_8_3,0.53,0.65,0,0,0,-1.6304039717081729
26,T_7,C_7_11,0.53,0.49,1,0,0,33.07167181950585
38,T_7,C_7_8,0.55,0.51,1,0,1,8.024820051866493
27,T_3,C_3_4,0.64,0.49,0,0,0,-24.733225635731657
48,T_7,C_7_6,0.6,0.6,0,0,1,-38.154724007067124
40,T_7,C_7_8,0.62,0.6,0,0,1,-30.900652345829347
3,T_6,C_6_9,0.47,0.55,0,0,1,-2.915554201828261
41,T_7,C_7_8,0.57,0.5,0,0,1,-7.757351076828257
23,T_3,C_3_7,0.3,0.43,1,0,1,19.38848225650505
39,T_8,C_8_3,0.62,0.67,1,0,0,16.085510253414643
8,T_5,C_5_11,0.46,0.59,1,0,1,19.112260048034212
21,T_5,C_5_10,0.49,0.53,0,0,1,-10.467588890403016
5,T_9,C_9_1,0.69,0.61,0,0,0,-32.81681464840068
19,T_8,C_8_6,0.5,0.57,0,0,1,-23.410553745124872
11,T_6,C_6_2,0.6,0.71,1,0,0,10.796088142712213
10,T_7,C_7_6,0.53,0.54,1,0,0,5.532912662130889
49,T_6,C_6_4,0.63,0.68,1,0,0,11.384715388130651
43,T_6,C_6_3,0.52,0.6,0,0,1,-1.6856201418255825
34,T_5,C_5_10,0.56,0.59,0,0,1,-18.170409785838523
32,T_7,C_7_6,0.6,0.51,0,0,0,-4.414561832206692
7,T_6,C_6_9,0.54,0.56,0,0,0,-0.11010158656999991
44,T_8,C_8_1,0.56,0.7,0,0,1,-25.8783042761133
1,T_7,C_7_5,0.49,0.58,0,0,0,-1.0314050513071296
36,T_5,C_5_7,0.59,0.59,0,0,1,-5.073830105063585
24,T_4,C_4_1,0.49,0.59,0,0,0,-17.361361707137746
31,T_7,C_7_8,0.63,0.57,0,0,1,-38.833744812341564
0,T_6,C_6_9,0.51,0.64,0,0,1,-30.699483147493947
18,T_6,C_6_5,0.57,0.64,0,0,1,-49.812095760106544
22,T_8,C_8_3,0.53,0.61,0,0,0,-7.275673636450299
17,T_8,C_8_3,0.64,0.7,1,0,1,33.02858236376089
47,T_6,C_6_2,0.59,0.61,1,0,0,26.52344757557092
9,T_6,C_6_9,0.54,0.6,1,0,0,28.45169311000965
26,T_7,C_7_6,0.52,0.49,1,0,1,4.660799868122181
27,T_3,C_3_5,0.63,0.49,1,0,1,8.902687875481021
37,T_8,C_8_3,0.52,0.62,0,0,1,-0.265153252001348
2,T_7,C_7_8,0.62,0.56,1,0,0,17.394586269514217
6,T_8,C_8_3,0.61,0.63,1,0,0,13.153869240064797
4,T_9,C_9_17,0.61,0.59,1,0,0,4.620383370684509
29,T_6,C_6_9,0.5,0.56,0,0,1,-1.5801705877972347
14,T_8,C_8_2,0.52,0.64,0,0,1,-13.193008494208463
20,T_9,C_9_17,0.67,0.63,0,0,1,-16.62804034134222
5,T_9,C_9_15,0.67,0.61,1,0,0,19.84547484432799
10,T_7,C_7_3,0.51,0.54,1,0,0,21.346560098363433
30,T_8,C_8_2,0.53,0.58,0,0,1,-9.937529952999338
45,T_8,C_8_3,0.58,0.66,0,0,1,-10.402495709183341
32,T_7,C_7_8,0.59,0.51,0,0,0,-17.26861246045237
33,T_9,C_9_17,0.63,0.51,1,0,1,9.631951608953718
25,T_6,C_6_4,0.6,0.61,1,0,1,12.647794447990483
13,T_7,C_7_8,0.56,0.46,1,0,1,16.91395414380796
15,T_8,C_8_3,0.67,0.75,1,0,0,20.090126513896706
16,T_7,C_7_8,0.61,0.54,1,0,1,14.998627747210033
1,T_7,C_7_2,0.49,0.58,1,0,0,18.499016953645757
35,T_8,C_8_1,0.48,0.65,1,0,0,11.331295434658433
12,T_8,C_8_3,0.44,0.56,0,0,1,-8.585667071046172
11,T_6,C_6_7,0.53,0.71,0,0,1,-4.740145687620783
46,T_8,C_8_3,0.6,0.62,0,0,0,-8.127283140332032
49,T_6,C_6_3,0.63,0.68,1,0,1,25.213300874076182
42,T_5,C_5_5,0.59,0.59,0,0,0,-8.33157065609495
3,T_7,C_7_8,0.55,0.5,0,0,0,-9.831688157946143
23,T_4,C_4_1,0.43,0.51,1,0,1,7.967682911236229
28,T_8,C_8_3,0.53,0.62,0,0,1,-1.4455246359335785
39,T_8,C_8_4,0.61,0.67,1,0,1,30.574256660485638
7,T_6,C_6_4,0.54,0.56,1,0,0,32.34812600721929
20,T_10,C_10_4,0.63,0.0,1,0,1,0.3124911474212726
2,T_7,C_7_6,0.55,0.56,0,0,1,-2.9681114891135856
24,T_4,C_4_5,0.48,0.59,1,0,0,5.713991673956334
38,T_8,C_8_3,0.51,0.58,1,0,0,7.842888438075682
4,T_9,C_9_15,0.6,0.59,0,0,1,-8.839243223366301
40,T_8,C_8_3,0.6,0.67,0,0,1,-31.463213415303805
48,T_8,C_8_3,0.6,0.65,1,0,0,3.3290292376364246
5,T_9,C_9_14,0.67,0.61,0,0,1,-22.15129130062238
33,T_10,C_10_2,0.51,0.0,0,0,0,-23.181935453217775
41,T_8,C_8_3,0.5,0.6,1,0,0,3.3694548688585386
10,T_7,C_7_11,0.51,0.54,1,0,0,6.648204868858508
43,T_7,C_7_8,0.6,0.55,1,0,0,18.49995026236258
21,T_6,C_6_4,0.53,0.52,1,0,1,20.77665232357431
8,T_6,C_6_2,0.59,0.58,1,0,1,4.579250340887164
9,T_6,C_6_3,0.54,0.6,0,0,1,-11.578755131062668
19,T_9,C_9_7,0.57,0.5,0,0,0,-15.673121134332742
47,T_6,C_6_4,0.58,0.61,0,0,0,-16.948058790193066
32,T_7,C_7_11,0.56,0.51,0,0,0,-18.22174956326038
34,T_6,C_6_4,0.59,0.64,1,0,1,3.524119833138018
1,T_7,C_7_14,0.47,0.58,1,0,1,7.774434836740251
0,T_7,C_7_8,0.64,0.52,0,0,0,-21.552814156766487
22,T_8,C_8_4,0.5,0.61,0,0,0,-14.097196527964513
18,T_7,C_7_6,0.64,0.54,0,0,0,-19.36907734733134
27,T_4,C_4_4,0.49,0.6,0,0,1,-14.585712977374836
44,T_9,C_9_17,0.7,0.58,0,0,0,-29.47752050315904
33,T_10,C_10_4,0.51,0.0,1,0,0,26.31956809171852
36,T_6,C_6_4,0.59,0.61,1,0,1,22.55604197517496
3,T_7,C_7_6,0.51,0.5,1,0,0,20.264084845788574
6,T_8,C_8_2,0.5,0.63,1,0,0,28.761920343624066
31,T_8,C_8_3,0.57,0.66,0,0,1,-0.9168809892475407
4,T_10,C_10_2,0.59,0.0,0,0,0,-28.98526438566277
42,T_5,C_5_7,0.58,0.59,1,0,0,1.372533421863567
17,T_9,C_9_17,0.7,0.63,1,0,1,23.702108739070823
29,T_7,C_7_8,0.56,0.5,1,0,1,6.411374358978249
5,T_10,C_10_1,0.61,0.0,1,0,1,4.886713446524505
26,T_8,C_8_3,0.49,0.61,1,0,1,5.456759540581979
37,T_9,C_9_17,0.62,0.48,1,0,0,26.846562927846612
10,T_7,C_7_1,0.5,0.54,1,0,1,7.848516012387791
14,T_9,C_9_1,0.64,0.59,1,0,1,7.464358978237371
33,T_10,C_10_1,0.51,0.0,1,0,0,6.450257200187078
15,T_8,C_8_4,0.67,0.75,1,0,1,8.851238193442772
25,T_7,C_7_8,0.61,0.53,1,0,0,23.170818297692065
24,T_4,C_4_2,0.39,0.59,1,0,0,18.422495943793237
35,T_8,C_8_4,0.47,0.65,1,0,0,22.189937804258363
43,T_7,C_7_11,0.51,0.55,1,0,0,19.862520423597402
7,T_6,C_6_2,0.53,0.56,1,0,0,27.738285417477446
30,T_9,C_9_17,0.58,0.57,1,0,1,8.879044291406446
46,T_8,C_8_2,0.55,0.62,1,0,1,17.42974715663882
4,T_10,C_10_4,0.54,0.0,1,0,1,16.450503788500153
19,T_9,C_9_17,0.56,0.5,1,0,1,13.67835962234253
32,T_7,C_7_2,0.52,0.51,1,0,1,25.913545938775055
45,T_9,C_9_17,0.66,0.59,1,0,1,18.063820831872174
11,T_7,C_7_8,0.71,0.62,0,0,1,-20.917653812400253
49,T_7,C_7_8,0.68,0.6,0,0,0,-17.18383207857853
13,T_8,C_8_3,0.46,0.55,0,0,1,-29.87654446375624
0,T_7,C_7_11,0.55,0.52,0,0,0,-2.225146195229428
18,T_7,C_7_11,0.59,0.54,0,0,1,-3.393931264379229
44,T_9,C_9_15,0.68,0.58,1,0,1,15.84964693099272
16,T_8,C_8_3,0.54,0.62,1,0,0,14.777306505460782
33,T_10,C_10_3,0.46,0.0,1,0,0,27.01134905865227
12,T_9,C_9_15,0.56,0.45,0,0,0,-7.433918444264815
3,T_7,C_7_11,0.51,0.5,1,0,0,2.34203783988818
23,T_5,C_5_7,0.51,0.48,1,0,0,25.74375234286799
38,T_8,C_8_5,0.42,0.58,1,0,0,31.101155255489335
17,T_10,C_10_2,0.63,0.0,1,0,1,25.628344063651994
48,T_8,C_8_4,0.52,0.65,1,0,0,37.17489385507747
28,T_9,C_9_1,0.62,0.48,1,0,1,38.004851823618104
47,T_6,C_6_9,0.58,0.61,1,0,0,28.576020812109935
39,T_9,C_9_17,0.67,0.63,1,0,0,40.23259258679195
41,T_8,C_8_4,0.49,0.6,1,0,1,6.590463596070949
14,T_10,C_10_2,0.59,0.0,1,0,1,14.646153668710182
37,T_9,C_9_1,0.59,0.48,1,0,1,10.300610836160995
42,T_5,C_5_1,0.56,0.59,0,0,0,-0.7585543479390733
40,T_9,C_9_17,0.67,0.55,0,0,1,-2.534989393256268
2,T_8,C_8_6,0.56,0.58,0,0,0,-7.348886674223049
21,T_7,C_7_8,0.52,0.5,0,0,1,-26.24820363205835
9,T_7,C_7_8,0.6,0.6,0,0,1,-15.141630435051933
8,T_7,C_7_8,0.58,0.57,0,0,0,-26.00683838786097
25,T_7,C_7_6,0.55,0.53,1,0,1,16.043402975728796
30,T_10,C_10_2,0.57,0.0,0,0,1,-12.090473170946993
22,T_8,C_8_2,0.5,0.61,0,0,0,-10.678627429335123
34,T_7,C_7_8,0.64,0.55,0,0,1,-20.4675630877837
43,T_7,C_7_6,0.49,0.55,1,0,0,19.90759992503715
19,T_10,C_10_2,0.5,0.0,1,0,1,0.9298221472593617
33,T_10,C_10_5,0.44,0.0,1,0,1,22.368861186298403
45,T_10,C_10_4,0.59,0.0,1,0,1,12.543526007181734
6,T_8,C_8_1,0.48,0.63,1,0,1,13.404817286283276
36,T_7,C_7_8,0.61,0.52,1,0,1,1.3035324663261818
27,T_5,C_5_5,0.6,0.53,0,0,1,-30.72577476702018
44,T_10,C_10_4,0.58,0.0,1,0,1,20.90624091436394
49,T_7,C_7_6,0.62,0.6,1,0,0,21.529624294811317
1,T_8,C_8_3,0.58,0.66,1,0,0,15.0299231591269
0,T_7,C_7_6,0.55,0.52,1,0,1,12.06393268437436
7,T_6,C_6_5,0.51,0.56,0,0,1,-4.655592561130332
31,T_9,C_9_17,0.66,0.59,0,0,1,-20.532900482512076
3,T_7,C_7_2,0.49,0.5,1,0,0,7.554551657367085
12,T_9,C_9_8,0.55,0.45,1,0,1,3.9039564192718537
28,T_10,C_10_1,0.48,0.0,1,0,1,4.970247388366192
35,T_8,C_8_6,0.47,0.65,1,0,1,25.634442264304806
29,T_8,C_8_3,0.5,0.59,1,0,1,10.70812022033567
26,T_9,C_9_1,0.61,0.5,1,0,1,0.2269982794192047
23,T_5,C_5_5,0.49,0.48,1,0,0,16.119149385930836
24,T_5,C_5_10,0.59,0.57,0,0,1,-22.988019664114116
37,T_10,C_10_1,0.48,0.0,1,0,0,3.766574289649964
39,T_9,C_9_1,0.67,0.63,0,0,1,-1.3584998063784717
10,T_8,C_8_3,0.54,0.6,1,0,0,1.3427773141725816
40,T_10,C_10_2,0.55,0.0,0,0,1,-12.54703311236766
15,T_9,C_9_1,0.75,0.74,0,0,1,-43.65597475402897
46,T_9,C_9_17,0.62,0.6,0,0,1,-32.35341018573015
42,T_5,C_5_10,0.55,0.59,0,0,1,-7.9230054616677625
8,T_7,C_7_11,0.54,0.57,0,0,1,-6.443818758718058
47,T_6,C_6_5,0.57,0.61,0,0,1,-29.600045236778463
16,T_8,C_8_4,0.47,0.62,0,0,0,-19.178032287985054
43,T_7,C_7_3,0.49,0.55,1,0,0,4.694001923791498
32,T_8,C_8_6,0.51,0.58,0,0,1,-6.520056855484662
38,T_8,C_8_2,0.42,0.58,0,0,1,-14.510138990286553
13,T_9,C_9_17,0.55,0.43,0,0,0,-23.303684968010167
11,T_8,C_8_6,0.62,0.7,0,0,1,-30.118347724608363
48,T_8,C_8_1,0.51,0.65,0,0,1,-22.05585515912448
18,T_8,C_8_3,0.54,0.64,0,0,0,-14.248502770884189
37,T_10,C_10_3,0.44,0.0,1,0,1,2.3521998052282025
31,T_10,C_10_2,0.59,0.0,0,0,0,-12.172946393602173
49,T_7,C_7_1,0.58,0.6,0,0,1,-3.8793791421401878
12,T_10,C_10_3,0.45,0.0,1,0,0,6.1195872979225525
26,T_10,C_10_1,0.5,0.0,1,0,1,1.2443083080346709
2,T_8,C_8_3,0.5,0.58,0,0,0,-14.93925812553174
41,T_9,C_9_1,0.6,0.49,0,0,1,-9.57503901131263
3,T_7,C_7_3,0.46,0.5,0,0,0,-10.491212189716453
39,T_10,C_10_4,0.63,0.0,0,0,0,-7.755539042485369
22,T_8,C_8_6,0.49,0.61,0,0,0,-6.348791949267919
15,T_10,C_10_4,0.74,0.0,0,0,0,-16.66700028630651
46,T_10,C_10_2,0.6,0.0,0,0,1,-8.922016308862299
23,T_5,C_5_4,0.41,0.48,1,0,0,3.945886356259353
21,T_8,C_8_2,0.5,0.54,0,0,0,-14.12551608837417
31,T_10,C_10_1,0.54,0.0,0,0,1,-13.492414236522286
9,T_8,C_8_3,0.6,0.66,0,0,1,-3.207113310596375
12,T_10,C_10_1,0.45,0.0,0,0,1,-10.229123380606133
43,T_7,C_7_1,0.48,0.55,1,0,1,23.57501091600574
25,T_8,C_8_3,0.53,0.62,1,0,0,19.269107997491346
34,T_8,C_8_3,0.55,0.64,1,0,0,16.16874502470433
39,T_10,C_10_2,0.59,0.0,1,0,1,10.383154246606344
1,T_8,C_8_6,0.49,0.66,1,0,0,16.979119664473764
13,T_9,C_9_12,0.54,0.43,1,0,1,9.99698709963225
7,T_7,C_7_8,0.56,0.52,1,0,0,9.601331778844468
6,T_9,C_9_17,0.63,0.52,1,0,1,9.12264514289977
15,T_10,C_10_2,0.69,0.0,0,0,1,-24.042572643473754
27,T_6,C_6_4,0.53,0.61,1,0,0,28.26599750078359
36,T_8,C_8_3,0.52,0.58,0,0,1,-19.658474746985537
41,T_10,C_10_1,0.49,0.0,0,0,0,-25.580372570200986
3,T_7,C_7_1,0.44,0.5,1,0,0,0.48206663058417476
0,T_8,C_8_3,0.52,0.64,1,0,0,16.250813053022654
10,T_8,C_8_4,0.5,0.6,1,0,1,12.190799602151792
35,T_9,C_9_15,0.65,0.53,1,0,1,9.520702403752745
24,T_6,C_6_2,0.57,0.61,1,0,0,1.5531318937939957
29,T_9,C_9_12,0.59,0.53,1,0,1,4.478930980551974
16,T_8,C_8_1,0.46,0.62,1,0,1,17.191924147021645
41,T_10,C_10_4,0.47,0.0,0,0,0,-0.6381784755553284
47,T_7,C_7_8,0.61,0.59,1,0,0,1.5284059406699972
13,T_10,C_10_1,0.43,0.0,0,0,1,-15.542983395835439
42,T_6,C_6_4,0.59,0.61,0,0,0,-3.7107068735327537
23,T_5,C_5_3,0.4,0.48,1,0,1,6.821982154323949
6,T_10,C_10_2,0.52,0.0,0,0,1,-26.992948480074418
18,T_8,C_8_4,0.52,0.64,1,0,0,1.0929922679140862
41,T_10,C_10_2,0.47,0.0,1,0,0,2.3665450488448343
7,T_7,C_7_11,0.53,0.52,1,0,1,29.883699599795335
2,T_8,C_8_1,0.46,0.58,1,0,0,12.917655647708958
8,T_8,C_8_3,0.57,0.66,1,0,1,7.025932291699858
38,T_9,C_9_1,0.58,0.47,1,0,0,10.769891102797466
32,T_9,C_9_1,0.58,0.49,0,0,1,-2.7004694052567375
35,T_10,C_10_3,0.53,0.0,0,0,1,-2.7745207979404
11,T_9,C_9_17,0.7,0.61,0,0,0,-7.003156904335399
3,T_7,C_7_7,0.44,0.5,1,0,0,20.311013840363117
29,T_10,C_10_4,0.53,0.0,1,0,0,11.821194835838215
48,T_9,C_9_15,0.65,0.58,1,0,1,28.767461804164043
41,T_10,C_10_3,0.45,0.0,0,0,1,-4.5920417364960455
22,T_8,C_8_1,0.46,0.61,1,0,0,15.629329891139387
21,T_8,C_8_3,0.47,0.54,0,0,0,-21.294833180467617
49,T_8,C_8_6,0.6,0.68,0,0,1,-28.13765008187602
47,T_7,C_7_11,0.59,0.59,1,0,1,14.389398471032191
27,T_6,C_6_2,0.49,0.61,1,0,0,13.65413321120992
29,T_10,C_10_1,0.47,0.0,0,0,0,-15.976876550849763
25,T_8,C_8_6,0.52,0.62,1,0,0,26.22294771370786
1,T_8,C_8_1,0.48,0.66,1,0,1,12.689539516066066
34,T_8,C_8_6,0.53,0.64,1,0,1,21.05618746665564
32,T_10,C_10_4,0.49,0.0,1,0,1,26.540455663488245
29,T_10,C_10_2,0.47,0.0,1,0,0,19.6166034798376
24,T_6,C_6_4,0.56,0.61,1,0,1,28.198350400330337
9,T_9,C_9_1,0.66,0.58,1,0,1,25.1278016881243
38,T_9,C_9_15,0.55,0.47,1,0,1,0.8963100466974172
48,T_10,C_10_4,0.58,0.0,0,0,0,-26.202524428963528
3,T_7,C_7_5,0.42,0.5,0,0,0,-16.61051647220732
43,T_8,C_8_3,0.55,0.67,0,0,0,-5.24641695538047
11,T_9,C_9_15,0.67,0.61,0,0,0,-24.776929450893725
29,T_10,C_10_3,0.44,0.0,0,0,1,-19.026371415179504
0,T_8,C_8_4,0.5,0.64,0,0,0,-15.298250274433705
42,T_6,C_6_2,0.56,0.61,0,0,1,-26.88664960516434
48,T_10,C_10_1,0.54,0.0,1,0,1,6.073102889981578
36,T_9,C_9_17,0.58,0.51,1,0,1,13.842158405670295
10,T_9,C_9_17,0.6,0.52,0,0,0,-19.487637897263262
9,T_10,C_10_4,0.58,0.0,0,0,1,-28.72958727672379
38,T_10,C_10_1,0.47,0.0,0,0,1,-17.88807359530864
16,T_9,C_9_15,0.62,0.5,1,0,1,10.547296501093918
18,T_8,C_8_6,0.51,0.64,1,0,1,2.291626429661398
23,T_6,C_6_4,0.48,0.53,0,0,0,-14.871844671592378
2,T_8,C_8_2,0.45,0.58,0,0,0,-9.632000972822759
3,T_7,C_7_12,0.42,0.5,0,0,0,-11.69054205690582
27,T_6,C_6_6,0.45,0.61,1,0,0,2.1563406681837307
11,T_9,C_9_1,0.65,0.61,1,0,1,6.71735668143612
36,T_10,C_10_2,0.51,0.0,0,0,0,-10.255415791908689
7,T_8,C_8_3,0.52,0.6,0,0,0,-6.16440014596391
36,T_10,C_10_1,0.5,0.0,0,0,0,-11.278512604618822
22,T_8,C_8_5,0.45,0.61,0,0,1,-7.598799263935241
8,T_9,C_9_17,0.66,0.52,0,0,0,-17.826472913328843
16,T_10,C_10_1,0.5,0.0,1,0,1,18.073734837224706
10,T_9,C_9_1,0.59,0.52,1,0,1,19.165745856508444
21,T_8,C_8_4,0.46,0.54,1,0,1,14.78117285375362
36,T_10,C_10_4,0.48,0.0,1,0,0,5.855390399657184
25,T_8,C_8_1,0.49,0.62,1,0,1,20.663369560440877
11,T_10,C_10_1,0.61,0.0,0,0,1,-8.08372376227635
3,T_7,C_7_10,0.41,0.5,0,0,1,-0.7596472073102021
36,T_10,C_10_3,0.46,0.0,1,0,0,12.441680635740518
49,T_9,C_9_17,0.68,0.61,1,0,1,10.863350687785049
24,T_7,C_7_8,0.61,0.55,1,0,1,12.348564269384148
36,T_10,C_10_5,0.37,0.0,1,0,0,17.01395309742356
47,T_8,C_8_3,0.59,0.66,1,0,1,10.225891761169475
1,T_9,C_9_17,0.66,0.53,0,0,1,-13.895994799852943
43,T_8,C_8_6,0.48,0.67,1,0,0,3.2051114722342753
10,T_10,C_10_1,0.52,0.0,0,0,1,-15.784873200927645
34,T_9,C_9_17,0.64,0.54,0,0,1,-29.36168720862146
0,T_8,C_8_5,0.48,0.64,0,0,1,-15.361687208621468
8,T_9,C_9_1,0.61,0.52,0,0,1,-2.6076313320274505
23,T_6,C_6_2,0.47,0.53,1,0,1,2.6837679180148184
42,T_7,C_7_8,0.61,0.56,0,0,0,-13.485836562958411
27,T_6,C_6_5,0.44,0.61,0,0,0,-17.179840380935552
49,T_10,C_10_4,0.61,0.0,0,0,0,-47.02905105050548
1,T_10,C_10_1,0.53,0.0,1,0,0,14.702390548097842
49,T_10,C_10_1,0.58,0.0,1,0,1,9.161086200271779
34,T_10,C_10_1,0.54,0.0,1,0,0,8.496959307987334
1,T_10,C_10_2,0.52,0.0,0,0,1,-9.766337913404307
2,T_8,C_8_5,0.42,0.58,0,0,0,-2.1061859047180675
34,T_10,C_10_4,0.54,0.0,0,0,0,-14.51736405032987
8,T_10,C_10_2,0.52,0.0,0,0,0,-17.85250504816069
18,T_9,C_9_1,0.64,0.59,1,0,0,28.30430612593404
34,T_10,C_10_2,0.52,0.0,1,0,1,28.715784198484116
8,T_10,C_10_1,0.51,0.0,1,0,1,26.720115546616203
7,T_8,C_8_4,0.5,0.6,1,0,1,22.42395961808345
42,T_7,C_7_6,0.59,0.56,0,0,0,-5.4084430168226145
22,T_9,C_9_1,0.61,0.55,1,0,1,5.3820607482815745
21,T_9,C_9_12,0.54,0.51,0,0,0,-8.202874194645617
18,T_9,C_9_15,0.6,0.59,0,0,1,-12.925486175217639
27,T_6,C_6_9,0.44,0.61,1,0,1,9.534308751927513
43,T_8,C_8_1,0.47,0.67,0,0,1,-13.905838395989742
25,T_9,C_9_15,0.62,0.53,0,0,1,-15.113924649359001
42,T_7,C_7_3,0.54,0.56,0,0,1,-27.882020716526256
3,T_8,C_8_3,0.5,0.57,0,0,1,-31.546713935040778
23,T_7,C_7_8,0.53,0.44,0,0,0,-24.01402827177636
22,T_10,C_10_2,0.55,0.0,0,0,0,-27.934791342872167
24,T_8,C_8_6,0.55,0.59,0,0,1,-20.2700949430871
47,T_9,C_9_17,0.66,0.57,0,0,1,-10.500836358689497
22,T_10,C_10_4,0.51,0.0,0,0,1,-4.797828839892521
18,T_10,C_10_4,0.59,0.0,0,0,1,-24.958184294897624
0,T_9,C_9_17,0.64,0.54,0,0,1,-16.753221603774566
25,T_10,C_10_3,0.53,0.0,0,0,1,-18.31072911335418
21,T_9,C_9_1,0.53,0.51,0,0,1,-16.632808427394927
2,T_8,C_8_4,0.42,0.58,0,0,0,-6.401039973056985
23,T_7,C_7_11,0.45,0.44,1,0,1,6.9516302472272065
47,T_10,C_10_1,0.57,0.0,0,0,0,-17.029118415874375
0,T_10,C_10_1,0.54,0.0,1,0,1,9.700365148483993
47,T_10,C_10_4,0.56,0.0,0,0,1,-5.846109210490376
21,T_10,C_10_4,0.51,0.0,0,0,0,-7.538430022205228
21,T_10,C_10_2,0.5,0.0,1,0,1,11.510248817445953
7,T_9,C_9_1,0.6,0.53,0,0,0,-4.74788451588736
27,T_7,C_7_8,0.61,0.46,1,0,1,14.22549210083873
43,T_9,C_9_17,0.67,0.5,0,0,1,-13.997509505399648
3,T_9,C_9_17,0.57,0.45,0,0,1,-10.665896322079277
7,T_9,C_9_12,0.59,0.53,0,0,1,-17.169887806911646
42,T_8,C_8_3,0.56,0.63,0,0,1,-7.754923904986587
24,T_9,C_9_17,0.59,0.55,0,0,1,-15.906965038961832
43,T_10,C_10_1,0.5,0.0,0,0,1,-13.245780425582875
3,T_10,C_10_4,0.45,0.0,0,0,0,-10.265429921068815
7,T_10,C_10_4,0.53,0.0,0,0,0,-17.32574356657059
2,T_9,C_9_15,0.58,0.49,0,0,1,-1.9690556684813885
3,T_10,C_10_1,0.45,0.0,1,0,1,6.443715003997145
7,T_10,C_10_1,0.5,0.0,1,0,1,6.096726238978652
23,T_8,C_8_3,0.44,0.55,0,0,1,-12.221255253568874
24,T_10,C_10_4,0.55,0.0,0,0,0,-15.825807926941025
24,T_10,C_10_2,0.54,0.0,1,0,0,7.893854378051083
2,T_10,C_10_3,0.49,0.0,1,0,0,10.707180660441367
24,T_10,C_10_1,0.5,0.0,1,0,1,8.108711277819989
2,T_10,C_10_4,0.47,0.0,0,0,1,-8.307556517889598
27,T_8,C_8_5,0.46,0.56,0,0,1,-12.069334441787607
42,T_9,C_9_17,0.63,0.56,0,0,1,-9.97693327504857
23,T_9,C_9_1,0.55,0.41,0,0,1,-12.699600533366745
42,T_10,C_10_2,0.56,0.0,0,0,1,-8.704872014652974
23,T_10,C_10_1,0.41,0.0,0,0,1,-11.05260434776508
27,T_9,C_9_17,0.56,0.49,0,0,1,-12.714617041426543
27,T_10,C_10_1,0.49,0.0,0,0,1,-11.532166807477662
