student_number,topic,arm_pulled,pay-off,pay-off_next_topic,actual_decision,skip_decision,skip_enabled,reward,confidence_score,expected_reward
1,T_1,C_1_9,1.36,1.38,0,0,False,-1,-10.0,0.526131341412193
2,T_1,C_1_9,1.33,1.35,1,0,False,1,59.64835164835164,0.5119847196190714
0,T_1,C_1_9,1.37,1.39,0,0,False,1,-4.741526936137722,0.5357411000182065
3,T_1,C_1_9,1.23,1.26,0,0,False,1,-6.72655687625748,0.5082499912103469
11,T_1,C_1_9,1.5,1.52,0,0,False,1,-7.563882225558881,0.6296744305766843
9,T_1,C_1_9,1.41,1.43,1,0,False,1,0.46905190617764525,0.5297858869241928
19,T_1,C_1_9,1.32,1.34,0,0,False,1,-8.321367255498997,0.5058285762779056
25,T_1,C_1_9,1.34,1.36,0,0,False,1,-9.225558872265465,0.49394134764358044
34,T_1,C_1_9,1.39,1.41,0,0,False,-1,-7.983043902205585,0.5545381992784295
47,T_1,C_1_9,1.42,1.44,1,0,False,1,0.9690519061776453,0.5612461374131291
4,T_1,C_1_9,1.38,1.4,0,0,False,1,-10.51897204591816,0.5562562711004441
16,T_1,C_1_9,1.38,1.41,0,0,False,1,-5.458093802405187,0.4896966211640158
23,T_1,C_1_9,1.23,1.25,0,0,False,1,-0.915179630748499,0.4338519005525392
39,T_1,C_1_9,1.5,1.52,0,0,False,1,-4.868394835433846,0.5910124329103937
21,T_1,C_1_9,1.27,1.29,0,0,False,1,-11.186440697846606,0.4413610111755965
46,T_1,C_1_9,1.38,1.4,0,0,False,-1,-2.9083566233767897,0.5002756848683282
26,T_1,C_1_9,1.29,1.31,0,0,False,-1,-0.7460060257672279,0.4977057902202418
40,T_1,C_1_9,1.43,1.45,0,0,False,1,-8.91341301472681,0.6020903289292209
12,T_1,C_1_9,1.26,1.29,0,0,False,-1,-9.531405802532547,0.4950794816466088
30,T_1,C_1_9,1.42,1.44,0,0,False,-1,-7.895314077707025,0.5351442992210109
8,T_1,C_1_9,1.41,1.44,1,0,False,1,0.626503934392133,0.5669707132920105
33,T_1,C_1_9,1.34,1.36,0,0,False,-1,-3.1064478405974594,0.5306078270739802
49,T_1,C_1_9,1.47,1.49,0,0,False,1,-7.154700588832334,0.579201348683755
7,T_1,C_1_9,1.31,1.33,0,0,False,-1,-3.1904287337389317,0.4961008344878623
41,T_1,C_1_9,1.3,1.33,0,0,False,1,-5.013934312619817,0.5514933699346599
36,T_1,C_1_9,1.34,1.36,0,0,False,1,-5.069711205050098,0.4844025374029135
28,T_1,C_1_9,1.29,1.31,1,0,False,1,1.2268854927358728,0.4846482987182982
38,T_1,C_1_9,1.27,1.3,0,0,False,1,-0.2754590718662655,0.4291784071459612
31,T_1,C_1_9,1.4,1.42,0,0,False,-1,-7.535393838424872,0.5873218676245875
45,T_1,C_1_9,1.47,1.49,0,0,False,1,-7.203602784441115,0.5763866139059735
22,T_1,C_1_9,1.33,1.36,0,0,False,1,-3.974109532139746,0.5289964175527947
13,T_1,C_1_9,1.26,1.29,0,0,False,1,-4.394010029652184,0.48185798248063216
17,T_1,C_1_9,1.48,1.5,0,0,False,-1,-4.379084656517858,0.5827753303709226
42,T_1,C_1_9,1.35,1.37,0,0,False,1,-5.230825950050195,0.5505206068315114
20,T_1,C_1_9,1.52,1.54,0,0,False,-1,-7.072616994826315,0.6455376203297896
48,T_1,C_1_9,1.46,1.48,0,0,False,1,-88.90653092418549,0.5504800436248257
24,T_1,C_1_9,1.35,1.38,0,0,False,1,-83.88267406533856,0.5375263579898069
44,T_1,C_1_9,1.46,1.48,0,0,False,-1,-93.71567605341014,0.6193049779219963
29,T_1,C_1_9,1.31,1.33,0,0,False,1,-77.63913529794294,0.4914825569853063
37,T_1,C_1_9,1.3,1.33,0,0,False,-1,-72.44331024824115,0.517921247783762
43,T_1,C_1_9,1.35,1.37,0,0,False,-1,-76.60633211702842,0.5388452111681556
32,T_1,C_1_9,1.33,1.35,0,0,False,-1,-80.85590913357856,0.5630913567494408
10,T_1,C_1_9,1.33,1.35,0,0,False,-1,-78.11030826016957,0.4894672314277395
6,T_1,C_1_9,1.37,1.39,0,0,False,1,-79.49443942156269,0.5266369341635875
14,T_1,C_1_9,1.4,1.43,0,0,False,1,-88.8458947412829,0.5446224379520551
15,T_1,C_1_9,1.64,1.66,0,0,False,1,-104.46663405909993,0.6710027883148384
18,T_1,C_1_9,1.4,1.43,0,0,False,1,-87.24816335403537,0.569496791366499
27,T_1,C_1_9,1.33,1.35,0,0,False,1,-3.973995315242502,0.4881420254805441
5,T_1,C_1_9,1.5,1.52,0,0,False,1,-3.7757792597420075,0.5920845940287179
35,T_1,C_1_9,1.37,1.39,0,0,False,-1,-85.02761000525462,0.5087122602557771
1,T_1,C_1_13,1.3,1.38,1,0,True,1,36.32754790362969,0.5533105517955097
34,T_1,C_1_13,1.34,1.41,0,0,True,1,-33.68630231555788,0.5753492036214487
12,T_1,C_1_13,1.2,1.29,1,0,True,1,42.484173464867744,0.5570449887423623
46,T_1,C_1_13,1.32,1.4,1,0,True,-1,57.94512584582012,0.4998368430326985
2,T_2,C_2_6,1.35,1.51,1,0,False,1,50.545125845820145,0.5597524612603908
26,T_1,C_1_13,1.23,1.31,0,0,True,1,-19.60978268384531,0.5158639799285061
30,T_1,C_1_13,1.37,1.44,1,0,True,1,32.119648791734626,0.5506654115665044
11,T_2,C_2_6,1.52,1.66,1,0,False,-1,67.15570192266442,0.629880698780952
33,T_1,C_1_13,1.28,1.36,0,0,True,1,-27.048379305452226,0.48088109148658553
0,T_2,C_2_6,1.39,1.55,0,0,False,1,-13.923553812652164,0.5926718112052858
7,T_1,C_1_13,1.25,1.55,1,0,True,1,50.793797175978796,0.49232090506268783
3,T_2,C_2_6,1.26,1.43,1,0,False,1,44.84294651435307,0.5443021712978198
47,T_2,C_2_6,1.44,1.59,0,0,False,-1,-98.12790321736692,0.6266802078587221
9,T_2,C_2_6,1.43,1.58,0,0,False,1,-85.56752585887634,0.6577709244806722
25,T_2,C_2_6,1.36,1.52,0,0,False,1,-7.123369748626396,0.6161418901241504
19,T_2,C_2_6,1.34,1.5,0,0,False,-1,-85.77562697388,0.4982551537163124
31,T_1,C_1_13,1.34,1.41,0,0,True,-1,-65.97790321736692,0.6197287282246216
23,T_2,C_2_6,1.25,1.42,0,0,False,-1,-76.52100096813976,0.5236220362312564
4,T_2,C_2_6,1.4,1.55,0,0,False,-1,-78.23836589116212,0.5915391593702106
16,T_2,C_2_6,1.41,1.56,0,0,False,1,-89.20265160544784,0.5896315743621797
39,T_2,C_2_6,1.52,1.66,1,0,False,-1,45.864910625751534,0.63980451387025
17,T_1,C_1_13,1.43,1.49,0,0,True,1,-9.670386454865836,0.6316820152497937
20,T_1,C_1_13,1.47,1.53,1,0,True,1,32.53892866213963,0.6292878992327317
40,T_2,C_2_6,1.45,1.6,1,0,False,1,55.19845875675444,0.6175538664328237
21,T_2,C_2_6,1.29,1.46,0,0,False,1,-26.408873895932814,0.5268346291988082
37,T_1,C_1_13,1.24,1.32,0,0,True,1,-19.071490718362718,0.5029200578449128
8,T_2,C_2_6,1.44,1.59,0,0,False,1,-27.31467690135549,0.5660189266304569
44,T_1,C_1_13,1.41,1.47,0,0,True,-1,-22.36293769237247,0.6192883305417817
32,T_1,C_1_13,1.27,1.34,0,0,True,-1,-28.942228737148596,0.5550837327440962
43,T_1,C_1_13,1.29,1.36,0,0,True,1,-23.334952617745614,0.4983164162574262
49,T_2,C_2_6,1.65,1.64,0,0,False,1,-24.681093659747496,0.6448687621774651
10,T_1,C_1_13,1.27,1.34,1,0,True,-1,51.4566321301291,0.4606659863372782
36,T_2,C_2_5,1.35,1.52,1,0,False,-1,52.368469862104526,0.5306605649017939
11,T_2,C_2_5,1.51,1.66,1,0,True,1,6.375841227909627,0.6496745643320334
45,T_2,C_2_5,1.48,1.63,1,0,False,1,34.88451857438733,0.564583638420763
35,T_1,C_1_13,1.47,1.38,1,0,True,1,63.655313398786575,0.5811362644677053
38,T_2,C_2_6,1.37,1.46,0,0,False,1,-30.063953914034403,0.5677970337987592
41,T_2,C_2_5,1.31,1.49,0,0,False,-1,-26.539390511718334,0.5767493696975777
46,T_1,C_1_12,1.31,1.38,0,0,True,-1,-12.62694811540498,0.49715257621071063
28,T_2,C_2_5,1.3,1.48,0,0,False,-1,-18.516349037063968,0.5924469487760922
2,T_3,C_3_4,1.51,1.24,0,0,False,-1,-33.89422922139577,0.6247956237833227
24,T_2,C_2_5,1.36,1.53,1,0,False,1,35.05333024593957,0.5968166182385738
19,T_2,C_2_5,1.33,1.5,0,0,True,-1,-13.784551802040925,0.5580221857565799
42,T_2,C_2_5,1.36,1.53,0,0,False,1,-18.280404336603134,0.5906602444956859
29,T_2,C_2_5,1.32,1.49,1,0,False,-1,34.14181682176255,0.5770751055858232
4,T_2,C_2_5,1.39,1.55,1,0,True,1,44.750991133689155,0.5762475012442698
0,T_3,C_3_4,1.55,1.29,1,0,False,1,40.95007370249651,0.693349941592263
22,T_2,C_2_5,1.35,1.51,0,0,False,-1,-9.146763783607742,0.6524565071320289
13,T_2,C_2_5,1.28,1.45,0,0,False,1,-43.69647104877336,0.4839634510762959
48,T_2,C_2_5,1.47,1.63,0,0,False,-1,-49.075495887779795,0.5570307354214078
3,T_3,C_3_4,1.43,1.14,1,0,False,1,29.079065540057215,0.6094404079642468
47,T_2,C_2_5,1.43,1.59,0,0,True,1,-37.61551428704382,0.6371935753273569
23,T_2,C_2_5,1.24,1.38,1,0,True,1,29.4050035286807,0.5136772582526121
25,T_3,C_3_4,1.52,1.25,1,0,False,1,17.463182405097957,0.6376584836902957
14,T_2,C_2_5,1.42,1.54,0,0,False,1,-26.285271320995335,0.6821116077548058
15,T_2,C_2_5,1.65,1.76,0,0,False,1,-43.13146016382479,0.7702508902822678
31,T_1,C_1_12,1.33,1.4,0,0,True,-1,-37.37095956165166,0.5174510566706388
16,T_3,C_3_5,1.52,1.3,0,0,False,-1,-61.37266585092608,0.6480314452649625
6,T_2,C_2_5,1.38,1.51,1,0,False,1,32.08144201572955,0.5878119372675283
18,T_2,C_2_5,1.42,1.54,1,0,False,1,50.998714743002274,0.6257840982692338
27,T_2,C_2_5,1.34,1.47,1,0,False,-1,43.261442015729536,0.5288674086516079
9,T_3,C_3_4,1.58,1.32,0,0,False,1,-33.638152597197674,0.6558111415274033
39,T_2,C_2_5,1.51,1.62,0,0,True,1,-22.831376040421112,0.6581071517479655
40,T_3,C_3_5,1.56,1.35,0,0,False,1,-41.36709980575503,0.5783172132925729
2,T_3,C_3_5,1.47,1.24,0,0,True,1,-38.377998988316364,0.5364941308165062
36,T_2,C_2_2,1.34,1.48,0,0,True,1,-25.63341437541702,0.531142717371025
1,T_2,C_2_5,1.37,1.5,0,0,False,1,-27.967352669427896,0.5998495323300506
12,T_2,C_2_2,1.26,1.41,0,0,False,-1,-90.88104969088623,0.5518174265267869
8,T_3,C_3_5,1.55,1.33,1,0,False,1,32.52778603542566,0.6092304984684628
21,T_3,C_3_5,1.42,1.18,0,0,False,1,-9.506987457297132,0.6037649491383477
34,T_2,C_2_2,1.39,1.41,1,0,False,1,39.80034921232096,0.6230247379135196
5,T_2,C_2_5,1.51,1.63,0,0,False,-1,-94.99236190808077,0.6532509049234272
28,T_2,C_2_2,1.29,1.58,0,0,True,1,-14.555769256852827,0.5597577101126227
44,T_1,C_1_12,1.4,1.46,1,0,True,-1,47.23334127582208,0.551255821557907
26,T_2,C_2_2,1.29,1.41,1,0,False,1,50.99481742343682,0.5923244547105514
32,T_1,C_1_12,1.26,1.33,0,0,True,-1,-30.955585350653536,0.5232792993772957
41,T_2,C_2_2,1.3,1.32,0,0,True,1,-25.55720405568951,0.5785034754420209
10,T_1,C_1_12,1.26,1.33,0,0,True,-1,-12.979865926193098,0.5672360651280255
33,T_2,C_2_2,1.34,1.36,0,0,False,1,-35.833283192380144,0.5857910196330236
11,T_3,C_3_5,1.63,1.42,0,0,False,-1,-12.047666842410791,0.6429069545663048
7,T_2,C_2_2,1.31,1.39,0,0,False,-1,-28.281356991405445,0.5808509052347262
49,T_3,C_3_5,1.6,1.39,0,0,False,-1,-30.146052331907235,0.6465746968598797
30,T_2,C_2_2,1.42,1.44,0,0,False,1,-29.9059089627316,0.5302282099465256
19,T_2,C_2_2,1.32,1.34,0,0,True,-1,-8.679355662962323,0.5232306349993848
45,T_3,C_3_5,1.6,1.39,0,0,False,1,-51.02418853262407,0.7004481367067112
29,T_2,C_2_2,1.31,1.36,1,0,True,1,23.089726163998783,0.5416795660904897
38,T_3,C_3_4,1.49,1.18,0,0,False,1,-36.57448692654038,0.5724427099421555
16,T_3,C_3_1,1.41,1.3,0,0,True,-1,-45.042161674851826,0.5769906648781609
17,T_2,C_2_2,1.48,1.5,0,0,False,1,-36.14873227168725,0.6622774753892213
22,T_2,C_2_2,1.33,1.52,1,0,True,-1,43.42058723948968,0.5984358829772018
48,T_2,C_2_2,1.46,1.52,1,0,True,1,41.5010175405531,0.6210057313329846
46,T_1,C_1_2,1.27,1.39,1,0,True,1,39.75279689998369,0.3997539114197034
24,T_3,C_3_1,1.37,1.27,0,0,False,1,-24.597146160514512,0.5686054752832846
42,T_3,C_3_1,1.37,1.27,0,0,False,1,-4.986479493847853,0.5525138095840328
20,T_2,C_2_2,1.52,1.54,1,0,False,1,45.54208573212414,0.629102044176709
37,T_2,C_2_2,1.3,1.33,1,0,False,1,27.77565589198205,0.5577468888306332
4,T_3,C_3_1,1.4,1.29,1,0,False,1,48.622015371589164,0.5652794112393272
0,T_4,C_4_1,1.29,1.37,1,0,False,1,67.42609338577358,0.473098875507379
3,T_4,C_4_1,1.14,1.23,0,0,False,1,-27.803647672567674,0.4748043913166723
13,T_3,C_3_1,1.29,1.17,1,0,False,1,17.586270404472785,0.5201933820584855
43,T_2,C_2_2,1.35,1.37,1,0,False,1,26.27659651757824,0.5960256087962477
47,T_3,C_3_4,1.49,1.34,1,0,False,-1,30.28013008648282,0.6798722951522183
27,T_2,C_2_2,1.33,1.35,1,0,True,1,73.60168485680082,0.5271118123639726
23,T_3,C_3_1,1.25,1.13,1,0,False,-1,18.877735443956986,0.48607598208533154
15,T_3,C_3_4,1.69,1.57,1,0,False,1,60.69519576141732,0.8006613083194106
14,T_3,C_3_5,1.56,1.32,1,0,False,1,51.77544267499755,0.6106983695512822
6,T_3,C_3_4,1.47,1.29,0,0,False,1,-78.99261705664514,0.5932414524930334
25,T_4,C_4_1,1.25,1.34,0,0,False,1,-34.91860824607245,0.5094262374536503
11,T_3,C_3_1,1.52,1.42,0,0,True,1,-18.77784435011199,0.6083048493899048
12,T_2,C_2_14,1.24,1.29,0,0,True,-1,-21.825141785528245,0.5425495894670163
49,T_3,C_3_1,1.49,1.39,0,0,True,-1,-38.89624407040604,0.6575586609300755
9,T_4,C_4_1,1.32,1.41,0,0,False,-1,-69.79732095168663,0.5405765130447262
40,T_4,C_4_1,1.35,1.43,0,0,False,1,-73.31480799334824,0.5512908208608992
39,T_3,C_3_4,1.57,1.42,0,0,False,1,-40.8858397948067,0.7225822623778655
5,T_2,C_2_14,1.48,1.52,0,0,True,1,-45.295543545011995,0.6246864088048552
31,T_1,C_1_2,1.29,1.38,0,0,True,-1,-34.5966198123352,0.40293823451117494
2,T_4,C_4_1,1.24,1.33,0,0,False,1,-43.25789030508205,0.5046248433531518
18,T_3,C_3_1,1.43,1.32,1,0,False,1,21.360754451545347,0.5449224167901625
35,T_2,C_2_14,1.35,1.35,0,0,False,1,-36.87610396532724,0.5645499672880276
1,T_3,C_3_1,1.38,1.28,0,0,False,1,-68.74037717023089,0.5914057164427706
36,T_3,C_3_1,1.36,1.25,0,0,False,1,-52.182220691979836,0.49495913082594
21,T_4,C_4_1,1.18,1.27,0,0,False,-1,-25.921368683096354,0.4874772492932305
8,T_4,C_4_1,1.33,1.41,0,0,False,-1,-77.54433159638178,0.5162600798100966
28,T_3,C_3_4,1.45,1.2,0,0,False,-1,-49.92096629559717,0.5768733640513115
34,T_3,C_3_10,1.38,1.31,0,0,False,-1,-50.718614232306926,0.5570951723496113
16,T_3,C_3_10,1.37,1.3,0,0,True,1,-64.56158884687667,0.506844354867331
26,T_3,C_3_4,1.33,1.36,0,0,False,-1,-32.91895856058177,0.6344503425697381
44,T_1,C_1_2,1.36,1.44,0,0,True,1,-39.55013122490235,0.43718167009800224
7,T_2,C_2_14,1.29,1.3,1,0,True,1,22.705567748527592,0.5682387427105222
32,T_1,C_1_2,1.22,1.31,1,0,True,1,21.333171915194256,0.3875358114748282
19,T_2,C_2_14,1.3,1.57,1,0,True,1,43.019803859638714,0.5413287624366199
33,T_3,C_3_10,1.33,1.45,1,0,False,1,3.179347561065873,0.507495478622723
41,T_3,C_3_10,1.29,1.37,0,0,False,-1,-30.78514563804849,0.5289315031951317
10,T_1,C_1_2,1.22,1.31,0,0,True,-1,-51.64955007645141,0.41457259555280496
47,T_3,C_3_10,1.4,1.54,0,0,True,1,-92.34265518734819,0.5609817633070143
29,T_3,C_3_10,1.29,1.46,1,0,False,-1,49.518499866505366,0.5035762717416413
45,T_4,C_4_1,1.39,1.47,0,0,False,1,-36.81887056326679,0.5762161620833366
30,T_3,C_3_5,1.44,1.66,0,0,False,-1,-85.26112683150572,0.67268913755961
22,T_2,C_2_14,1.31,1.32,0,0,True,1,-51.09964151198936,0.5692154026738123
38,T_4,C_4_1,1.18,1.27,0,0,False,1,-20.879215390853027,0.4515580675557923
49,T_3,C_3_10,1.46,1.38,0,0,True,-1,-0.6307778404181805,0.5989868766065463
42,T_4,C_4_1,1.5,1.35,0,0,False,-1,-13.800165856486121,0.5450489931482438
23,T_3,C_3_10,1.21,1.11,0,0,True,1,-12.368924100884199,0.4457903839419762
17,T_3,C_3_10,1.47,1.39,0,0,False,-1,-25.843793572832837,0.5813123484356538
24,T_4,C_4_1,1.52,1.35,0,0,False,-1,-21.478249991232232,0.5593394827822145
48,T_3,C_3_10,1.45,1.36,0,0,False,1,-108.74531562937901,0.5555942506558084
37,T_3,C_3_10,1.29,1.2,0,0,False,1,-20.587076040932313,0.49547806414778195
20,T_3,C_3_1,1.56,1.43,0,0,False,1,-34.14317060904911,0.6061705999143921
4,T_4,C_4_1,1.54,1.38,0,0,False,1,-23.669650250498822,0.5421456929248324
13,T_4,C_4_1,1.41,1.27,1,0,False,1,16.248072102991475,0.4588699295832952
43,T_3,C_3_10,1.34,1.25,0,0,False,-1,-35.18886667251873,0.5054923768895097
3,T_5,C_5_5,1.23,1.21,0,0,False,1,-38.53888089021787,0.4778940673854311
0,T_5,C_5_5,1.37,1.35,0,0,False,-1,-16.40051077137237,0.5560924159137122
12,T_2,C_2_10,1.24,1.23,0,0,True,1,-15.948286374952126,0.5624233370335394
15,T_4,C_4_1,1.84,1.64,0,0,False,-1,-34.94307871548776,0.6649241585257313
9,T_4,C_4_4,1.31,1.41,0,0,True,1,-104.90098733219891,0.5505478396931134
14,T_4,C_4_4,1.31,1.4,0,0,False,-1,-9.412693154613171,0.5165590065807756
27,T_3,C_3_10,1.32,1.23,1,0,False,-1,8.030527184369891,0.5088342435812035
34,T_3,C_3_9,1.36,1.29,0,0,True,1,-37.42195864252734,0.5780583940126047
11,T_4,C_4_4,1.41,1.5,0,0,False,-1,-14.931591554594549,0.5167560307279182
26,T_3,C_3_9,1.25,1.18,0,0,True,1,-17.44889113265362,0.48425066329292077
28,T_3,C_3_9,1.26,1.18,0,0,True,1,-27.69752922579027,0.48357571079613565
6,T_4,C_4_4,1.27,1.37,0,0,False,1,-76.21063150812329,0.5306769163260954
8,T_4,C_4_4,1.32,1.41,0,0,True,1,-2.6945032605567913,0.47946574726859126
5,T_3,C_3_9,1.47,1.41,0,0,False,-1,-34.840416917213474,0.5935673586692175
46,T_2,C_2_10,1.36,1.35,0,0,False,-1,-51.91352616091094,0.6224329301483764
40,T_5,C_5_5,1.43,1.41,0,0,False,-1,-1.0594361464628346,0.551179051262891
25,T_5,C_5_5,1.34,1.32,0,0,False,-1,-45.445458934020195,0.5487883091077344
21,T_4,C_4_4,1.16,1.27,1,0,True,-1,40.61782522095158,0.4382247112156128
39,T_4,C_4_4,1.41,1.5,0,0,False,-1,-37.54041691721347,0.6168465120249751
29,T_3,C_3_9,1.27,1.2,0,0,True,-1,-17.916618282750036,0.5278217042942175
41,T_3,C_3_9,1.27,1.2,0,0,True,1,-31.662265656709287,0.5459208970885847
1,T_4,C_4_4,1.26,1.36,1,0,False,1,26.349564593505548,0.4773305981593713
18,T_4,C_4_4,1.31,1.4,1,0,False,-1,45.83535547258713,0.5091615908870608
30,T_3,C_3_1,1.69,1.32,1,0,True,-1,39.415673380116424,0.5244393892962808
31,T_1,C_1_3,1.29,1.37,1,0,True,1,59.37969011651807,0.5491783667608277
35,T_3,C_3_9,1.34,1.27,1,0,False,-1,58.96881145543021,0.530008279909472
2,T_5,C_5_5,1.33,1.31,0,0,False,-1,-13.389307439293326,0.5613320193852958
36,T_4,C_4_4,1.23,1.34,0,0,False,1,-21.201337514481295,0.40208843196739763
49,T_3,C_3_9,1.44,1.38,1,0,True,-1,3.7939175121595383,0.5857888056556231
17,T_3,C_3_9,1.45,1.39,0,0,True,1,-22.55066918084817,0.612531872760604
16,T_4,C_4_4,1.29,1.37,0,0,False,1,-34.44384320640545,0.5404427186673688
7,T_3,C_3_9,1.28,1.2,0,0,False,-1,-61.20098205916285,0.5187956664503142
19,T_3,C_3_1,1.36,1.46,0,0,False,-1,-14.566644264990863,0.550577457556007
22,T_3,C_3_9,1.3,1.15,1,0,False,-1,54.90990470071347,0.5249780342997634
45,T_5,C_5_7,1.45,1.45,1,0,False,-1,5.077948272758407,0.6266547156828812
33,T_4,C_4_4,1.24,1.32,0,0,False,1,-63.59786297843236,0.5232502049932356
24,T_4,C_4_4,1.25,1.34,1,0,True,1,27.677174437555607,0.4812915014651031
42,T_4,C_4_4,1.25,1.33,0,0,True,1,-26.900247765569624,0.46698926974880095
0,T_5,C_5_7,1.35,1.35,1,0,True,-1,50.19234031561282,0.5521550321075283
43,T_3,C_3_9,1.32,1.17,0,0,True,1,-2.781261222287756,0.5166413883225599
10,T_1,C_1_3,1.22,1.57,0,0,True,-1,-16.610503970021668,0.483849687821128
48,T_4,C_4_1,1.5,1.44,0,0,False,-1,-58.37722553619561,0.5539801172506977
23,T_4,C_4_4,1.11,1.21,1,0,False,-1,12.540243354725588,0.33020904823977476
38,T_5,C_5_7,1.25,1.25,1,0,False,-1,10.219500480704024,0.4869927782867395
37,T_4,C_4_4,1.2,1.29,1,0,False,-1,17.409508670712214,0.4128379936414853
27,T_3,C_3_9,1.49,1.14,1,0,True,1,63.16770977374085,0.5046753016768527
47,T_4,C_4_4,1.32,1.4,0,0,False,-1,-6.521603656131992,0.5523250349715796
20,T_4,C_4_4,1.43,1.51,1,0,False,1,27.818123412868857,0.5614005039913136
5,T_3,C_3_2,1.44,1.34,1,0,True,1,52.0689404063329,0.5231183343189258
44,T_2,C_2_10,1.69,1.41,1,0,False,-1,59.262271738865905,0.6809409925787913
32,T_2,C_2_10,1.53,1.27,1,0,False,1,36.55778194294753,0.5472489458924457
14,T_4,C_4_3,1.23,1.39,1,0,True,-1,69.4247207184577,0.48921220302723945
15,T_4,C_4_4,1.56,1.63,0,0,True,-1,-12.098545919355626,0.6832056824441081
13,T_5,C_5_7,1.25,1.25,0,0,False,-1,-54.83295223760134,0.40795661959660323
11,T_4,C_4_3,1.34,1.48,1,0,True,1,11.308511177032747,0.5305532047626947
29,T_3,C_3_2,1.24,1.12,0,0,True,-1,-24.914787577058668,0.4566005533752882
12,T_3,C_3_2,1.2,1.06,1,0,False,-1,36.52371304437993,0.4328661741569999
40,T_5,C_5_7,1.41,1.41,1,0,True,-1,10.060614909748965,0.5717960569400815
8,T_5,C_5_7,1.4,1.4,0,0,False,-1,-5.893617363363337,0.47522006145417683
25,T_5,C_5_7,1.32,1.32,1,0,True,-1,31.93485005061446,0.5762548781105593
9,T_5,C_5_7,1.39,1.39,1,0,False,1,32.75713127020618,0.5829781828530621
34,T_4,C_4_3,1.21,1.33,0,0,False,1,-23.440863028732565,0.49718932905996943
2,T_5,C_5_7,1.31,1.31,1,0,True,1,32.10139225066783,0.5703758965601411
21,T_4,C_4_3,1.07,1.2,1,0,True,-1,56.484049786653536,0.3915387156427541
26,T_4,C_4_3,1.1,1.22,1,0,False,-1,54.699830785043225,0.44173205156583606
4,T_5,C_5_7,1.36,1.36,1,0,False,1,31.586616794490734,0.573474171877036
49,T_3,C_3_2,1.41,1.31,1,0,True,1,2.354594509722128,0.6059964012042728
45,T_5,C_5_1,1.41,1.45,1,0,True,1,25.407223545008947,0.4996518974101112
19,T_3,C_3_2,1.26,1.13,1,0,True,-1,50.452648820469946,0.4795656657970272
18,T_4,C_4_3,1.23,1.34,1,0,True,-1,44.703162162172205,0.4760350973909999
30,T_3,C_3_2,1.36,1.25,1,0,True,-1,11.28736220620606,0.4643702458709872
7,T_3,C_3_2,1.25,1.12,1,0,True,1,43.496932234318606,0.4886689789016996
41,T_4,C_4_3,1.11,1.24,0,0,False,1,-18.529984554804297,0.4177125552472053
35,T_3,C_3_2,1.31,1.19,1,0,True,-1,51.54800851127335,0.537916591717104
6,T_5,C_5_1,1.31,1.35,0,0,False,-1,-2.0230649165295116,0.5047617512122837
3,T_6,C_6_4,1.21,1.35,0,0,False,-1,-35.69348611186413,0.529793941094995
46,T_2,C_2_14,1.63,1.32,1,0,True,1,30.756897912713434,0.5336216289420848
39,T_4,C_4_3,1.33,1.44,1,0,True,-1,55.1423817836811,0.5378741533161702
22,T_3,C_3_2,1.27,1.15,1,0,True,-1,59.34234286233791,0.5245913919094092
28,T_4,C_4_3,1.1,1.22,1,0,False,1,30.53575663342632,0.44364075826932015
0,T_5,C_5_1,1.31,1.35,1,0,True,-1,9.312720927658205,0.4938157485089065
1,T_5,C_5_1,1.3,1.34,0,0,False,-1,-39.02219328933938,0.4738484329148999
17,T_4,C_4_3,1.32,1.42,1,0,False,1,7.11742928187706,0.594891465387144
38,T_5,C_5_1,1.2,1.25,1,0,True,1,14.523363996600201,0.4094427077349906
23,T_4,C_4_3,1.02,1.16,1,0,True,-1,45.40573150867926,0.37886539521785495
47,T_4,C_4_3,1.24,1.36,0,0,True,1,-8.395170267471968,0.5380983086830109
8,T_5,C_5_1,1.35,1.4,1,0,True,1,31.66488770194912,0.5186247393471644
12,T_3,C_3_12,1.18,1.15,0,0,True,1,-36.155876791447334,0.49914701865591554
19,T_3,C_3_12,1.24,1.11,1,0,True,-1,31.730095467796666,0.4717604682664542
24,T_5,C_5_1,1.29,1.33,0,0,False,-1,-46.67509998952326,0.5295926401213127
13,T_5,C_5_1,1.2,1.25,0,0,True,-1,-17.27067967183174,0.41063634560608364
5,T_4,C_4_5,1.31,1.44,1,0,False,-1,73.50301406611595,0.5575599664733013
32,T_3,C_3_12,1.25,1.12,1,0,False,1,7.030371627403949,0.518747015522409
43,T_4,C_4_3,1.17,1.29,0,0,False,1,-13.627397755623612,0.4552279692764661
29,T_3,C_3_12,1.22,1.09,1,0,True,1,17.168020885766545,0.4876584325208085
16,T_5,C_5_1,1.32,1.37,0,0,False,1,-53.24363904113217,0.4539266822397206
44,T_2,C_2_8,1.42,1.39,0,0,True,1,-39.582491238749554,0.610707844525789
27,T_4,C_4_5,1.12,1.42,1,0,False,1,76.35592543779809,0.4137814211195107
31,T_2,C_2_8,1.36,1.32,1,0,False,1,7.707240249861705,0.6030889154858199
36,T_5,C_5_1,1.27,1.32,1,0,False,1,53.44595342879808,0.4298020203396114
30,T_3,C_3_12,1.34,1.28,0,0,True,-1,-8.601071394488113,0.5308054871560937
14,T_4,C_4_5,1.2,1.55,1,0,True,-1,34.715945033124896,0.5392281533880319
25,T_5,C_5_1,1.27,1.32,0,0,True,-1,-44.216525111985895,0.5064334108937932
33,T_5,C_5_1,1.27,1.32,0,0,False,-1,-1.3714735850075241,0.5138760108054437
42,T_5,C_5_1,1.29,1.33,0,0,False,1,-50.3220661045745,0.5104016445251199
40,T_5,C_5_1,1.37,1.41,1,0,True,1,31.238787073018294,0.5785210159920179
15,T_4,C_4_5,1.47,1.74,1,0,True,1,31.450408336116816,0.6803028685487307
10,T_1,C_1_14,1.18,1.47,0,0,True,1,-19.88550188077622,0.42410833796879344
37,T_4,C_4_3,1.11,1.24,0,0,True,-1,-48.606771952524625,0.4457998823350241
48,T_4,C_4_3,1.29,1.4,1,0,True,-1,68.4517267505508,0.524194211341557
20,T_5,C_5_1,1.47,1.5,0,0,False,1,-0.6245088944881383,0.5900188469299775
26,T_4,C_4_5,1.07,1.22,0,0,True,-1,-27.14800006349673,0.4542059941202646
21,T_4,C_4_5,1.04,1.2,1,0,True,-1,35.63836881514602,0.44353903940464107
35,T_3,C_3_12,1.29,1.16,1,0,True,1,75.3041044702932,0.5489935511948252
18,T_4,C_4_5,1.21,1.34,0,0,True,-1,-10.44359261462737,0.548210839077786
22,T_3,C_3_12,1.25,1.12,1,0,True,1,12.698417549121913,0.5385824533242216
49,T_4,C_4_5,1.28,1.41,1,0,False,1,75.96611675171431,0.5683752686537953
1,T_5,C_5_10,1.29,1.34,1,0,True,-1,25.44107905543761,0.5446465719588311
4,T_6,C_6_2,1.35,1.48,0,0,False,1,-62.25761367536404,0.6315803618409577
19,T_3,C_3_7,1.21,1.04,0,0,True,1,-10.233451383899537,0.41823207367627135
2,T_6,C_6_4,1.31,1.44,1,0,False,-1,50.99947039341129,0.49718676291608
7,T_4,C_4_5,1.09,1.24,0,0,False,-1,-45.458760025874824,0.4897251453585343
6,T_5,C_5_10,1.31,1.35,0,0,True,-1,-103.52952518308761,0.547750821703952
11,T_5,C_5_1,1.58,1.48,1,0,False,-1,20.861531608975096,0.5709177297326495
9,T_6,C_6_4,1.39,1.51,1,0,False,-1,37.84633814283126,0.6417827392884443
3,T_6,C_6_2,1.21,1.35,0,0,True,1,-17.81726198021007,0.5223098816501778
45,T_6,C_6_2,1.45,1.57,0,0,False,-1,-81.0063874743394,0.6022794449240132
0,T_5,C_5_10,1.3,1.35,1,0,True,-1,14.252584594118698,0.5469477937246527
39,T_4,C_4_5,1.31,1.44,0,0,True,-1,-44.68750581712062,0.5672207223741405
34,T_5,C_5_10,1.33,1.37,0,0,False,1,-10.89265626841908,0.5883156369285698
46,T_3,C_3_7,1.27,1.11,0,0,False,-1,-3.9908154107527576,0.5152762828705446
23,T_4,C_4_5,0.99,1.15,0,0,True,1,-8.808019711828045,0.3624490438629063
41,T_5,C_5_10,1.23,1.28,1,0,False,1,44.768013620562876,0.5113031642053819
13,T_5,C_5_10,1.19,1.24,0,0,True,-1,-14.958377786722005,0.5044690216968923
24,T_5,C_5_10,1.29,1.33,1,0,True,1,62.692662211400396,0.5837460058741731
30,T_3,C_3_7,1.32,1.29,0,0,True,1,-46.39837099667708,0.4792300029104819
28,T_5,C_5_10,1.22,1.27,0,0,False,-1,-28.399133191799052,0.48833490633354876
5,T_4,C_4_2,1.25,1.44,1,0,True,-1,15.234015673988342,0.4349235155818936
25,T_5,C_5_10,1.27,1.31,0,0,True,-1,-20.27629860367811,0.5724838291662462
33,T_5,C_5_10,1.27,1.32,1,0,True,-1,10.883720539899873,0.5553031318225916
38,T_6,C_6_2,1.25,1.39,0,0,False,-1,-19.302164397436176,0.4774652994419667
12,T_4,C_4_1,1.15,1.19,1,0,False,-1,20.56963211234454,0.441725697111348
32,T_4,C_4_2,1.05,1.26,0,0,False,-1,-24.46921071482421,0.3866584540561628
17,T_5,C_5_10,1.42,1.46,0,0,False,1,-44.94305373356178,0.6289358156917099
47,T_5,C_5_10,1.35,1.39,1,0,False,1,5.199110987208452,0.5567633950507755
29,T_4,C_4_2,1.02,1.21,0,0,False,-1,-19.52030464566929,0.33921488243842546
37,T_4,C_4_2,1.01,1.21,1,0,True,1,24.70212979507373,0.39785338895182865
14,T_4,C_4_2,1.14,1.32,0,0,True,1,-13.977188155502901,0.3615892742428164
31,T_3,C_3_7,1.29,1.13,1,0,False,1,73.24369564228888,0.5234555661626243
8,T_6,C_6_2,1.39,1.52,0,0,False,1,-57.16818345072659,0.5810993068284412
44,T_3,C_3_7,1.36,1.21,0,0,False,1,-13.383390878649635,0.549751816106423
48,T_4,C_4_2,1.21,1.38,1,0,True,1,19.897880089484463,0.38578350717506116
43,T_5,C_5_10,1.28,1.32,1,0,False,-1,17.482250277001484,0.5524452807889129
27,T_5,C_5_10,1.26,1.3,1,0,False,-1,58.79036129249193,0.486660561490194
1,T_5,C_5_2,1.27,1.33,1,0,True,-1,19.52809273435566,0.522745358101917
16,T_6,C_6_2,1.36,1.49,0,0,False,1,-31.344435315858316,0.5268077450987776
21,T_4,C_4_2,0.97,1.18,0,0,True,-1,-9.919942453348998,0.27561870868322264
36,T_6,C_6_2,1.31,1.45,0,0,False,-1,-9.511035290893933,0.5604339002084475
18,T_4,C_4_2,1.14,1.32,0,0,True,1,-28.029491366682006,0.3808353736978266
26,T_4,C_4_2,0.99,1.2,0,0,True,-1,-2.433765973564607,0.36625743827927515
40,T_6,C_6_2,1.41,1.53,0,0,False,1,-6.486072791098867,0.6373640570228949
15,T_5,C_5_2,1.57,1.61,1,0,False,-1,34.64471943610585,0.6668383905689008
6,T_5,C_5_2,1.29,1.34,0,0,True,-1,-7.356775332204987,0.5758243814072055
20,T_6,C_6_2,1.67,1.62,0,0,False,1,-60.60590967579094,0.6340691349822424
11,T_5,C_5_2,1.42,1.47,1,0,True,1,43.320437136523964,0.5099851093409978
42,T_6,C_6_2,1.33,1.46,1,0,False,-1,31.23913395174407,0.585725193781848
35,T_4,C_4_2,1.1,1.28,1,0,False,1,32.157389907030215,0.33411512960201806
49,T_5,C_5_2,1.39,1.44,0,0,False,1,-26.59105859325443,0.5609799616628006
39,T_4,C_4_2,1.25,1.42,0,0,True,-1,-21.52332385629689,0.44283340186119624
46,T_3,C_3_11,1.23,0.95,1,0,True,1,14.565593619385428,0.4587773362752399
22,T_4,C_4_2,1.05,1.24,1,0,False,-1,32.968723276613396,0.38175758739763777
9,T_6,C_6_2,1.59,1.51,0,0,True,1,-41.53469305858025,0.584145945864545
25,T_5,C_5_2,1.25,1.3,1,0,True,1,19.00719732884199,0.4838268585049508
7,T_4,C_4_2,1.02,1.22,1,0,True,-1,25.373343246807163,0.35336102722951956
45,T_6,C_6_5,1.44,1.57,0,0,True,1,-53.01185087332127,0.5567512779174081
19,T_4,C_4_2,1.04,1.23,1,0,False,-1,27.185521001018024,0.38440283858353363
28,T_5,C_5_2,1.2,1.26,0,0,True,1,-19.177582809778627,0.500589893900759
0,T_5,C_5_2,1.28,1.34,1,0,True,1,48.95232983399046,0.5272155985312497
10,T_2,C_2_14,1.44,1.17,1,0,False,1,45.808520187366696,0.5566281911214327
3,T_7,C_7_8,1.35,1.16,1,0,False,1,0.6750393614080368,0.5659492539060778
4,T_7,C_7_8,1.48,1.31,0,0,False,1,-55.17550303769884,0.6428877696543948
33,T_5,C_5_2,1.25,1.31,1,0,True,1,11.147753225714812,0.5539297615859025
13,T_5,C_5_2,1.17,1.23,0,0,True,1,-39.576984519180286,0.46932987587738595
2,T_6,C_6_2,1.44,1.44,1,0,True,-1,23.231192450199398,0.5808937784198555
5,T_4,C_4_3,0.38,1.42,1,0,True,-1,0.2074253399781485,0.5454722997151977
23,T_5,C_5_2,1.13,1.19,1,0,False,-1,44.71335427606695,0.4099836397145721
44,T_4,C_4_2,0.8,1.38,0,0,False,-1,-54.35446758455896,0.45099865251504323
32,T_4,C_4_1,0.58,1.24,0,0,True,1,-8.11759210105962,0.5353810976395363
17,T_6,C_6_5,1.45,1.58,0,0,False,1,-78.02490783613125,0.5941659766110261
30,T_4,C_4_4,1.28,1.46,1,0,False,-1,20.86264605098704,0.4647980734492558
8,T_7,C_7_8,1.52,1.35,0,0,False,-1,-82.19468368573351,0.6102670163844539
24,T_6,C_6_5,1.32,1.46,0,0,False,1,-14.548397375033954,0.5434257855696147
12,T_4,C_4_3,0.62,1.17,0,0,True,-1,-8.543738105758989,0.38256871368817236
6,T_5,C_5_8,1.28,1.5,0,0,True,1,-76.32464232804527,0.5582953564679984
41,T_6,C_6_5,1.27,1.41,0,0,False,-1,-3.1718841039943086,0.5541551188355839
29,T_4,C_4_5,0.17,1.21,1,0,True,-1,42.30646278046576,0.48778467514404367
27,T_5,C_5_2,1.24,1.3,0,0,True,-1,-37.958980962285004,0.40040123699849645
36,T_6,C_6_5,1.3,1.64,0,0,True,1,-53.69031937366445,0.44775321357467573
26,T_4,C_4_1,0.02,1.19,0,0,True,1,-27.419946371776753,0.46367528617885356
15,T_5,C_5_8,1.57,1.74,0,0,True,1,-66.6104150825081,0.691486164417094
38,T_6,C_6_5,1.24,1.39,1,0,True,-1,63.55866219395553,0.42578467059592917
14,T_5,C_5_8,1.32,1.56,0,0,False,1,-48.241164469030466,0.5533081846745728
43,T_5,C_5_2,1.26,1.32,0,0,True,1,-71.13721324862532,0.5263943622872039
47,T_6,C_6_5,1.39,1.56,0,0,False,1,-73.98356678451522,0.573811667125389
34,T_6,C_6_5,1.36,1.5,0,0,False,1,-5.08017463957756,0.6002021681761442
37,T_5,C_5_8,1.21,1.41,0,0,False,1,-51.041574502797914,0.4870892032308492
31,T_4,C_4_2,0.79,1.31,0,0,False,-1,-59.48364029863731,0.426078040623007
1,T_5,C_5_8,1.27,1.33,0,0,True,-1,-19.378719382891394,0.5497261208890325
48,T_5,C_5_8,1.38,1.47,0,0,False,-1,-2.616609860558138,0.562909563560299
22,T_4,C_4_5,0.17,1.24,1,0,True,-1,50.357435813299,0.504777181140407
16,T_7,C_7_8,1.61,1.32,1,0,False,1,58.45082661789679,0.6363801484961695
40,T_7,C_7_8,1.53,1.37,1,0,False,1,2.3488966101696622,0.645653659163675
20,T_7,C_7_8,1.68,1.47,0,0,False,1,-35.46931471965866,0.6583819713006751
46,T_4,C_4_4,0.95,1.39,0,0,False,-1,-41.11284609755367,0.5137023791183326
10,T_3,C_3_11,1.4,0.23,0,0,False,-1,-16.6059020934833,0.41302670214537973
5,T_4,C_4_1,-0.1,1.47,0,0,True,-1,-49.99072581422889,0.5547785452963222
42,T_6,C_6_5,1.32,1.48,1,0,True,1,66.68071167536799,0.5325968828174235
7,T_4,C_4_3,0.05,1.38,1,0,True,-1,4.5905137240947225,0.4585105584853961
44,T_4,C_4_5,0.76,1.45,0,0,True,-1,-60.428536759502514,0.5514167394216831
19,T_4,C_4_5,0.75,1.48,1,0,True,-1,59.544329299521166,0.4537192483592058
39,T_4,C_4_1,-0.02,1.42,1,0,True,1,67.17137259490819,0.5874325532979414
49,T_6,C_6_5,1.53,1.45,0,0,False,1,-55.92120458458653,0.6323952988629639
45,T_7,C_7_6,1.45,1.41,0,0,False,1,-74.78248132240223,0.5576261328050629
35,T_5,C_5_8,1.28,1.28,0,0,False,1,-43.95804493511871,0.5187225480813318
18,T_5,C_5_8,1.32,1.5,1,0,False,-1,30.680276301037356,0.5329803832924498
11,T_6,C_6_5,1.59,1.48,0,0,False,-1,-3.997549172839559,0.6305968239347235
9,T_7,C_7_6,1.39,1.34,0,0,False,1,-75.35041601002713,0.4780635063517676
2,T_6,C_6_5,1.39,1.32,0,0,True,1,-12.2093612288764,0.5274283931222936
23,T_5,C_5_8,1.13,1.13,0,0,True,-1,-11.608367943066508,0.4189747519093862
21,T_5,C_5_8,1.17,1.34,1,0,False,-1,24.984752850568828,0.5065731217717788
8,T_7,C_7_6,1.4,1.35,0,0,True,-1,-34.96856765775976,0.5747113742179195
25,T_6,C_6_5,1.34,1.33,1,0,False,1,34.66890863934091,0.5245164274744956
27,T_5,C_5_8,1.53,1.24,1,0,True,-1,64.67720736737597,0.4816713818997033
13,T_6,C_6_9,1.17,1.24,0,0,False,-1,-25.7711341291036,0.4200489358568026
12,T_4,C_4_5,0.31,1.13,0,0,True,1,-13.017062575702754,0.445802909311748
3,T_8,C_8_2,1.16,1.34,1,0,False,1,21.5330661051724,0.49326322092921715
24,T_7,C_7_6,1.33,1.29,1,0,False,-1,12.53380364469204,0.4974279060305881
36,T_7,C_7_8,1.37,1.27,0,0,False,-1,-17.972744944985887,0.5902487241575566
22,T_4,C_4_3,0.22,1.23,1,0,True,-1,24.35767290132293,0.45278546392710417
4,T_8,C_8_2,1.31,1.47,1,0,False,1,34.72895159358346,0.533689514779477
48,T_5,C_5_9,1.35,1.38,0,0,True,1,-33.130954584252564,0.6204490863502107
32,T_5,C_5_8,1.36,1.24,0,0,False,1,-29.51161367776374,0.4624868540486233
1,T_5,C_5_9,1.24,1.27,1,0,True,1,10.541544672137533,0.519876741508104
31,T_4,C_4_5,0.58,1.28,0,0,True,1,-18.31900304694152,0.5162414566537745
38,T_6,C_6_9,1.18,1.25,1,0,True,-1,32.05083440065644,0.4722157010902692
41,T_6,C_6_9,1.21,1.28,1,0,True,-1,28.232131805597593,0.48231231933884444
0,T_6,C_6_5,1.43,1.35,1,0,False,-1,69.50344850212777,0.5599933860250675
28,T_6,C_6_5,1.39,1.27,1,0,False,1,45.16003709924156,0.4718713600679711
17,T_7,C_7_6,1.46,1.42,1,0,False,-1,33.35298135940967,0.5462246837404984
33,T_6,C_6_9,1.25,1.32,1,0,False,1,39.61074972099161,0.5543195989058127
30,T_4,C_4_3,0.99,1.46,1,0,True,1,40.36160453049659,0.4566046207426294
10,T_3,C_3_3,1.17,0.44,1,0,True,1,44.948483979577865,0.47469218117264766
29,T_4,C_4_4,-0.03,1.18,1,0,True,-1,23.24909293633964,0.46251796354691543
6,T_6,C_6_9,1.29,1.44,0,0,False,1,-8.696860336229088,0.5114433121602586
26,T_5,C_5_9,1.16,1.2,1,0,False,-1,76.40580549498628,0.5225465732135409
15,T_6,C_6_9,1.57,1.62,1,0,False,1,24.747674332873746,0.6386758445716676
46,T_4,C_4_3,0.64,1.26,1,0,True,1,20.788148861834,0.49113533686300354
34,T_7,C_7_6,1.4,1.33,1,0,False,1,17.266946540250423,0.5591283379158791
47,T_7,C_7_6,1.47,1.35,1,0,False,1,11.818862916557062,0.5640359643936134
14,T_6,C_6_9,1.32,1.38,0,0,False,-1,-23.796969058309195,0.48553945776016366
43,T_6,C_6_9,1.26,1.33,1,0,False,-1,17.255796714466477,0.49078474317030885
16,T_8,C_8_2,1.32,1.48,1,0,False,1,16.72649427470971,0.5827014072097627
7,T_4,C_4_4,-0.21,1.19,0,0,True,1,-9.267130776356002,0.4994426507338443
24,T_7,C_7_11,1.33,1.49,0,0,True,-1,-28.020827592049717,0.48938172400268043
19,T_4,C_4_3,0.65,1.44,1,0,True,1,12.944433053528417,0.40245957277601874
5,T_4,C_4_4,-0.49,1.39,1,0,True,1,16.002863114071253,0.5599964726266476
37,T_6,C_6_9,1.21,1.28,0,0,False,1,-18.1297261962033,0.45855464440765453
18,T_5,C_5_9,1.29,1.28,0,0,True,1,-41.28540865204143,0.5676702405232765
44,T_4,C_4_1,0.82,1.35,1,0,True,1,19.983158856614928,0.5867825847393471
23,T_5,C_5_9,1.1,1.08,0,0,True,1,-14.061889798469135,0.4037409483714678
21,T_5,C_5_9,1.14,1.35,1,0,True,-1,33.243459266099734,0.5457704294721835
8,T_7,C_7_11,1.39,1.61,0,0,True,-1,-36.02271948149109,0.5080937210558691
11,T_6,C_6_9,1.42,1.48,1,0,True,1,42.47049055839883,0.5677592419125252
27,T_5,C_5_9,1.21,1.19,1,0,True,1,20.532984569892495,0.49020155004396926
42,T_7,C_7_11,1.33,1.46,0,0,False,1,-11.934873637518344,0.5708681006452143
36,T_7,C_7_11,1.31,1.54,0,0,True,1,-43.822925781825866,0.5396077213170704
40,T_8,C_8_2,1.37,1.52,0,0,False,-1,-63.46024637546553,0.5349743702458634
20,T_8,C_8_2,1.47,1.61,0,0,False,1,-38.7696272988101,0.6051151417926632
49,T_7,C_7_11,1.45,1.64,0,0,False,-1,-18.59024585551114,0.6093149149135537
2,T_7,C_7_11,1.3,1.46,0,0,False,1,-48.49168479746107,0.49451721451416286
13,T_6,C_6_8,1.12,1.24,0,0,True,-1,-30.883430725864145,0.3556382038037883
17,T_7,C_7_11,1.46,1.63,0,0,True,-1,-59.428507094334606,0.6295538089295435
35,T_6,C_6_8,1.24,1.35,0,0,False,1,-45.62602338553508,0.537087639929648
22,T_4,C_4_1,0.13,1.21,0,0,True,-1,-16.000937710415158,0.5197088354163198
39,T_5,C_5_9,1.56,1.38,0,0,False,1,-56.605462297586904,0.6884663728350575
0,T_6,C_6_8,1.24,1.31,0,0,True,1,-7.582780098508109,0.48699338596851577
26,T_5,C_5_3,1.16,1.15,0,0,True,-1,-34.52431461724313,0.5184423329354286
25,T_7,C_7_11,1.31,1.48,0,0,False,1,-4.359711568081156,0.544727607478176
38,T_6,C_6_8,1.13,1.23,0,0,True,-1,-9.915206094060107,0.4179937309407235
41,T_6,C_6_8,1.16,1.24,0,0,True,-1,-22.71407168934459,0.420842705014163
12,T_5,C_5_3,1.13,1.12,0,0,False,-1,-15.775296179140504,0.4467412411454136
29,T_4,C_4_1,0.03,1.18,1,0,True,-1,28.041933228767157,0.5247133030663298
45,T_8,C_8_2,1.41,1.56,1,0,False,-1,4.711536127920137,0.6275073697375279
9,T_8,C_8_2,1.62,1.5,0,0,False,1,-27.14847104472998,0.5553075724804073
4,T_9,C_9_1,1.47,1.25,0,0,False,-1,-75.06143115649039,0.657598447056141
3,T_9,C_9_1,1.34,1.09,0,0,False,1,-27.8948639923113,0.5863746499220279
28,T_7,C_7_2,1.23,1.46,0,0,False,1,-46.48033336585146,0.44061953503740947
24,T_7,C_7_2,1.29,1.49,0,0,True,-1,-53.79740653658321,0.535578477279381
48,T_6,C_6_8,1.34,1.73,0,0,False,1,-31.818776669038712,0.5035148581320937
33,T_7,C_7_2,1.28,1.26,0,0,False,-1,-16.013194295543464,0.4644653016698307
32,T_6,C_6_8,1.2,1.27,0,0,False,1,-20.185608088646987,0.4431723468029549
10,T_4,C_4_1,0.44,1.2,1,0,False,-1,9.748348692743095,0.5034952948443763
21,T_5,C_5_3,1.13,1.38,1,0,True,-1,4.291380836144172,0.43408256581275484
15,T_7,C_7_2,1.59,1.58,1,0,False,1,32.626143673205156,0.6336746321367999
6,T_7,C_7_2,1.31,1.3,0,0,False,-1,-33.632627233795205,0.4449468795031231
14,T_6,C_6_8,1.28,1.35,1,0,True,-1,29.944020017291173,0.5434975207416729
43,T_6,C_6_8,1.22,1.29,0,0,True,-1,-14.460223816578267,0.45610263926385386
1,T_6,C_6_8,1.23,1.3,1,0,False,-1,26.76498907050155,0.5039321414704472
8,T_7,C_7_2,1.36,1.34,0,0,True,-1,-5.899576916308717,0.5238850120412097
30,T_5,C_5_1,1.46,1.41,1,0,False,-1,35.779159110987344,0.4994885120396648
31,T_5,C_5_3,1.28,1.27,0,0,False,1,-10.195341199039307,0.5161427196660067
46,T_5,C_5_3,1.26,1.52,1,0,False,-1,23.737760868448014,0.45947212717330366
49,T_7,C_7_2,1.42,1.4,1,0,True,1,26.192794425494938,0.5886079259241066
17,T_7,C_7_2,1.43,1.42,0,0,True,1,-51.05756808039714,0.5816321820460784
19,T_5,C_5_3,1.19,1.16,1,0,False,1,62.048973255579725,0.49902744875828065
7,T_5,C_5_3,1.18,1.15,1,0,False,-1,31.006945236900638,0.5060057807102005
37,T_7,C_7_2,1.24,1.23,0,0,False,1,-17.216309676546764,0.4722964765002532
12,T_5,C_5_6,1.11,1.1,1,0,True,-1,5.878338062637827,0.43569484078458776
22,T_4,C_4_4,-0.41,1.19,0,0,True,1,-12.57865237703139,0.4665414642967352
29,T_4,C_4_3,-0.39,1.16,1,0,True,-1,37.53716131870959,0.43971057911755795
16,T_9,C_9_1,1.48,1.26,0,0,False,1,-3.2411816881927695,0.6116614718316292
33,T_7,C_7_3,1.25,1.27,1,0,True,-1,44.069477972300746,0.5477733615780416
47,T_8,C_8_2,1.5,1.47,0,0,False,-1,-34.979666230194894,0.5792292019824636
41,T_6,C_6_3,1.14,1.21,1,0,True,1,38.137689892830494,0.38808087671429903
40,T_8,C_8_4,1.36,1.48,1,0,True,-1,27.167680620428463,0.5222383265563659
24,T_7,C_7_3,1.26,1.28,1,0,True,1,58.17771552271565,0.5183315931467543
44,T_5,C_5_6,1.34,1.32,0,0,False,1,-44.57248060145244,0.5921400367930422
27,T_6,C_6_3,1.17,1.24,1,0,False,1,69.52576936302916,0.37841732428352565
4,T_9,C_9_17,1.43,1.25,0,0,True,-1,-57.00722380560279,0.5897166526507149
38,T_6,C_6_3,1.11,1.23,1,0,True,1,44.07720102751177,0.39625023563611567
3,T_10,C_10_4,1.09,0.0,0,0,False,-1,-42.861236423142316,0.46418367691082857
5,T_5,C_5_3,1.39,1.36,0,0,False,1,-53.97364537906558,0.5728271820837791
18,T_6,C_6_3,1.26,1.32,1,0,False,-1,27.505747331860768,0.3562907135630755
13,T_6,C_6_3,1.1,1.17,1,0,True,-1,24.377673169020838,0.36902477214647755
23,T_6,C_6_3,1.06,1.13,1,0,False,-1,39.64750245980228,0.3160215933450667
11,T_7,C_7_2,1.45,1.43,0,0,False,1,-55.91619390527062,0.5899175211749186
34,T_8,C_8_2,1.42,1.45,1,0,False,1,23.71341621755441,0.5647127713774015
26,T_5,C_5_6,1.14,1.13,1,0,True,1,24.3277723424534,0.4829205421150508
42,T_8,C_8_4,1.28,1.41,1,0,False,-1,6.213162607236441,0.5092366331084253
0,T_7,C_7_6,1.31,1.3,0,0,False,1,-8.113183432938506,0.5194997053743333
36,T_8,C_8_2,1.34,1.39,1,0,False,-1,1.6222874853554679,0.537758349774603
6,T_7,C_7_3,1.28,1.34,0,0,True,-1,-51.657064117350906,0.5572999751815317
2,T_8,C_8_4,1.25,1.38,0,0,False,1,-18.570721557882184,0.4685898889858782
39,T_6,C_6_3,1.36,1.55,1,0,False,-1,4.248341980038031,0.5092351399045126
21,T_5,C_5_6,1.12,1.38,0,0,True,-1,-7.6320549016238965,0.4060097020284834
20,T_9,C_9_17,1.57,1.41,0,0,False,1,-53.027776518406405,0.7136842173681481
35,T_7,C_7_3,1.28,1.29,0,0,False,1,-22.975732316624743,0.548399184360773
8,T_7,C_7_3,1.33,1.34,1,0,True,1,4.368053952321937,0.5298033195927175
45,T_8,C_8_4,1.4,1.52,0,0,True,-1,-22.31285124905166,0.546455123239516
32,T_7,C_7_3,1.24,1.21,0,0,False,1,-56.30061856516236,0.44295411120116607
30,T_5,C_5_6,1.29,1.6,1,0,True,1,24.65594040473588,0.47039768904261164
46,T_5,C_5_6,1.25,1.59,0,0,True,-1,-16.656406661957618,0.544217052963077
12,T_5,C_5_11,1.07,1.36,0,0,True,-1,-0.6823438555610846,0.41282720676516144
9,T_9,C_9_17,1.46,1.28,0,0,False,1,-3.1268134398194736,0.635020202422995
48,T_7,C_7_6,1.73,1.35,0,0,False,1,-57.356210455286586,0.5135172101681275
7,T_5,C_5_6,1.17,1.4,0,0,True,-1,-9.99538862399347,0.49024322826680383
28,T_8,C_8_2,1.44,1.33,1,0,False,1,1.3861940034467501,0.5228705427181043
14,T_6,C_6_3,1.26,1.29,1,0,True,1,44.6863892369985,0.3891888475447456
33,T_7,C_7_10,1.22,1.22,0,0,True,-1,-24.98951011321616,0.5713391637807047
43,T_6,C_6_3,1.2,1.23,1,0,True,-1,3.183620353862903,0.49102273299575133
3,T_10,C_10_1,1.03,0.0,0,0,True,1,-11.74239607488218,0.4639380092884872
10,T_4,C_4_3,0.26,1.15,1,0,True,-1,55.388018809093104,0.47337022872728096
16,T_10,C_10_4,1.26,0.0,0,0,False,-1,-47.72704106352721,0.43951467433671465
25,T_8,C_8_4,1.26,1.39,0,0,False,-1,-22.31547936994521,0.472819870466925
1,T_6,C_6_3,1.21,1.24,0,0,True,1,-48.19924511846512,0.4569215530957734
4,T_9,C_9_3,1.41,1.19,0,0,True,1,-0.05283735423391356,0.5602839490151977
31,T_6,C_6_3,1.53,1.28,0,0,False,1,-16.00885915663207,0.44617564641914653
29,T_5,C_5_11,1.12,1.02,1,0,False,-1,7.54400994125797,0.36444730083320837
19,T_6,C_6_3,1.44,1.2,0,0,False,1,-26.824433728598777,0.3820307614553603
21,T_5,C_5_11,1.08,1.38,1,0,True,1,20.52262879755111,0.3762108606608121
23,T_6,C_6_6,0.92,1.3,0,0,True,-1,-13.72854153424609,0.3468414959700878
9,T_10,C_10_1,1.23,0.0,1,0,False,-1,5.094457019761803,0.476619633084208
15,T_8,C_8_4,1.58,1.67,0,0,False,1,-3.083192838496686,0.6036387914827426
37,T_8,C_8_5,1.18,1.34,0,0,False,1,-16.075590316640156,0.4453910395207743
27,T_7,C_7_10,1.21,1.21,0,0,False,-1,-11.602577113561267,0.40093032852484384
17,T_8,C_8_4,1.42,1.52,0,0,False,1,-13.489916141810191,0.6075195605216138
47,T_8,C_8_4,1.35,1.45,0,0,True,1,-56.976144509747854,0.5238555788280852
24,T_8,C_8_5,1.23,1.39,1,0,False,-1,32.36532546372435,0.5433192459272864
20,T_10,C_10_1,1.36,0.0,1,0,False,1,2.4161520508853975,0.5511087482449974
49,T_8,C_8_4,1.4,1.5,0,0,False,1,-69.26407220503519,0.5514305827894606
44,T_6,C_6_6,1.22,1.35,0,0,False,-1,-38.80899403759963,0.5012155721379934
6,T_7,C_7_10,1.25,1.25,0,0,True,-1,-47.91179841650252,0.5892491467000636
39,T_6,C_6_2,1.34,1.55,1,0,True,1,56.91871812238101,0.5978384425296437
13,T_6,C_6_6,0.97,1.14,1,0,True,-1,21.792599927333267,0.3545463490085823
16,T_10,C_10_1,1.57,0.0,1,0,True,-1,17.414564767748523,0.540223874547001
40,T_8,C_8_5,1.32,1.46,0,0,True,1,-32.75288708471322,0.5507106124627528
38,T_7,C_7_6,1.25,1.14,0,0,False,1,-5.311521907988194,0.4147217740767518
42,T_8,C_8_5,1.23,1.39,1,0,True,-1,33.29379799458546,0.5313352772494395
5,T_6,C_6_6,1.26,1.5,1,0,False,-1,32.0848523076845,0.4760162492197088
18,T_6,C_6_6,1.15,1.29,0,0,True,1,-14.42310804713663,0.40392663100963677
22,T_5,C_5_11,1.15,1.06,1,0,False,-1,7.944922567867211,0.40360620610774744
41,T_7,C_7_10,1.18,1.18,0,0,False,1,-19.79404464098336,0.5083438105521731
46,T_5,C_5_11,1.2,1.52,1,0,True,-1,18.171982987995804,0.4678676184079332
36,T_8,C_8_5,1.21,1.37,0,0,True,1,-20.364415479437163,0.48436952826709434
12,T_5,C_5_13,1.07,0.97,0,0,True,-1,-16.48366265148604,0.436699520653822
7,T_5,C_5_13,1.12,1.03,1,0,True,-1,46.539045738753416,0.48842334439588697
11,T_8,C_8_5,1.39,1.69,0,0,False,1,-45.86754681805329,0.5429359156157606
26,T_6,C_6_6,1.0,1.16,0,0,False,-1,-12.815106973225923,0.4148683701637067
33,T_7,C_7_13,1.22,1.22,1,0,True,1,37.6359227304679,0.476612116811959
34,T_9,C_9_3,1.43,1.54,0,0,False,-1,-19.030396690826763,0.5896346318665355
10,T_4,C_4_4,0.25,1.15,1,0,True,1,47.23501011528823,0.4937300511922139
9,T_10,C_10_2,1.23,0.0,1,0,True,-1,13.115297020966926,0.46306366144898015
43,T_6,C_6_6,1.08,1.23,0,0,True,-1,-16.481769637948275,0.4270213817516578
0,T_8,C_8_5,1.25,1.58,0,0,False,-1,-57.2882414043558,0.4920509681250638
4,T_10,C_10_2,1.19,0.0,0,0,False,1,-40.291418948623004,0.46840793691630855
35,T_8,C_8_5,1.25,1.53,1,0,False,1,36.090256638676365,0.4972437050519287
2,T_9,C_9_3,1.46,1.13,0,0,False,1,-64.91054812171951,0.5448981291381622
8,T_8,C_8_5,1.3,1.63,0,0,False,1,-7.980170291816904,0.5199195586005483
45,T_8,C_8_5,1.36,1.66,0,0,True,1,-20.501798853546113,0.5808814209537305
27,T_7,C_7_3,1.74,1.18,0,0,True,-1,-4.3096877483198135,0.4376885404379033
32,T_8,C_8_5,1.21,1.5,1,0,False,-1,8.092666447709885,0.49173976839719413
29,T_5,C_5_13,1.12,0.99,1,0,True,1,33.456946657488444,0.4410050932809706
30,T_6,C_6_5,1.41,1.31,1,0,False,-1,0.3253852637386494,0.5379325051886197
16,T_10,C_10_2,1.2,0.0,0,0,True,1,-23.959341182472198,0.5041873508659074
14,T_7,C_7_13,1.29,1.26,1,0,False,1,19.720968334502327,0.46009065701584795
48,T_8,C_8_5,1.35,1.65,1,0,False,1,5.663099700986976,0.5784284015615677
6,T_7,C_7_13,1.25,1.23,1,0,True,-1,15.26862733917796,0.4797248820016955
25,T_8,C_8_5,1.21,1.51,0,0,True,1,-30.88672254268588,0.495881958381293
28,T_9,C_9_3,1.49,1.09,1,0,False,-1,32.03699485014236,0.47537252935469804
1,T_7,C_7_13,1.24,1.21,1,0,False,-1,15.643752819270741,0.4892111179735871
23,T_6,C_6_7,0.88,1.3,1,0,True,1,14.729501787809795,0.35946046108212626
24,T_8,C_8_3,1.21,1.38,0,0,True,1,-14.063146577882446,0.5437343245434147
19,T_7,C_7_13,1.2,1.17,1,0,False,1,1.3536153437497909,0.45404924897185295
13,T_6,C_6_7,0.94,1.38,1,0,True,-1,10.710643950278921,0.29522088703550803
44,T_6,C_6_7,1.19,1.6,0,0,True,1,-47.137384665154684,0.5008892032592897
21,T_6,C_6_5,1.38,1.37,1,0,False,-1,2.225006368469238,0.4987599379672294
9,T_10,C_10_3,1.2,0.0,1,0,True,-1,17.86396935949734,0.4065552189661111
22,T_5,C_5_13,1.15,1.03,0,0,True,1,-4.832901477109832,0.4823587065336137
31,T_7,C_7_13,1.28,1.26,0,0,False,1,-1.2412797007799448,0.49123734979710076
34,T_9,C_9_12,1.41,1.18,0,0,True,1,-21.616525580940458,0.5960479131817567
37,T_9,C_9_12,1.33,1.08,0,0,False,-1,-18.846856908218296,0.5409661035244047
12,T_5,C_5_4,1.04,0.93,0,0,True,-1,-17.505863119398438,0.44609918011748184
15,T_9,C_9_12,1.66,1.47,0,0,False,1,-32.380397280889156,0.721035987423696
39,T_7,C_7_13,1.56,1.69,1,0,False,1,29.178443033791172,0.5459242695417942
7,T_5,C_5_4,1.1,1.0,1,0,True,-1,35.22556020676083,0.47750177977070685
47,T_9,C_9_12,1.44,1.21,1,0,False,1,31.38675053534113,0.6358683029621925
46,T_5,C_5_13,1.2,1.52,0,0,True,1,-5.022633305733834,0.5416421387129391
5,T_6,C_6_7,1.23,1.65,1,0,True,1,20.085448613456382,0.530919214802997
2,T_10,C_10_3,1.11,0.0,0,0,False,-1,-29.552104625609232,0.38276400594744286
17,T_9,C_9_12,1.51,1.29,0,0,False,1,-58.30759883215067,0.6643713281927559
42,T_8,C_8_3,1.21,1.38,0,0,True,1,-48.56254932720021,0.5395679656100312
49,T_9,C_9_12,1.49,1.28,0,0,False,-1,-8.597229564383401,0.6142501984779296
26,T_6,C_6_7,0.97,1.16,1,0,True,-1,4.8159294949643865,0.4093957949201238
27,T_7,C_7_13,1.5,1.18,1,0,True,1,22.520405690702194,0.4851713969155193
9,T_10,C_10_5,1.14,0.0,0,0,True,1,-10.504699062394895,0.4862338042179869
43,T_6,C_6_7,1.05,1.23,0,0,True,1,-1.8355334578365756,0.4535461861554074
6,T_7,C_7_14,1.25,1.5,0,0,True,1,-7.426123249012466,0.48847384353612433
40,T_9,C_9_12,1.45,1.23,0,0,False,1,-60.69583275281885,0.5968839241065671
28,T_9,C_9_12,1.32,1.0,1,0,True,1,2.360248758353986,0.5455492486066492
38,T_8,C_8_3,1.11,1.3,1,0,False,-1,12.059982404297575,0.4382110876788152
18,T_7,C_7_13,1.54,1.51,0,0,False,1,-59.03902437327485,0.5648798004364806
11,T_9,C_9_12,1.52,1.26,1,0,False,1,17.83112007070394,0.5893595272567151
1,T_7,C_7_14,1.24,1.46,0,0,True,1,-1.2746974703133453,0.49548636762252346
0,T_8,C_8_3,1.23,1.39,0,0,True,-1,-29.63579374621392,0.5078612050736317
10,T_5,C_5_4,1.12,1.01,0,0,False,1,-15.513300004387148,0.4964732329167566
36,T_9,C_9_12,1.36,1.06,0,0,False,-1,-2.880460805690422,0.546880976231544
30,T_6,C_6_7,1.14,1.3,0,0,True,-1,-24.963513810129363,0.4035924929924036
41,T_8,C_8_3,1.15,1.42,0,0,False,-1,-16.25201200127599,0.4932396891589583
34,T_10,C_10_5,1.12,0.0,0,0,False,-1,-39.21152847109449,0.4308958499833232
2,T_10,C_10_2,1.07,0.0,0,0,True,-1,-13.15216683395337,0.4649704032205343
33,T_8,C_8_3,1.19,1.35,0,0,False,1,-32.96656817787522,0.5122404386053963
37,T_9,C_9_15,1.32,1.01,1,0,True,1,7.804540483119766,0.5017719763816526
32,T_8,C_8_3,1.18,1.35,0,0,True,1,-54.855476779041894,0.5206138452002991
15,T_10,C_10_5,1.42,0.0,0,0,False,1,-27.235760642012142,0.54267106983294
8,T_9,C_9_15,1.43,1.15,1,0,False,-1,10.580260158708743,0.5487806395692254
35,T_9,C_9_15,1.38,1.1,1,0,False,-1,39.50727789089555,0.6210308480937196
47,T_10,C_10_5,1.16,0.0,1,0,False,1,3.205453627695533,0.4685875153611755
17,T_10,C_10_5,1.5,0.0,0,0,False,1,-34.11858314654825,0.5465654749531108
25,T_9,C_9_15,1.35,1.29,1,0,False,-1,3.1484992168657584,0.58551201251831
44,T_7,C_7_14,1.35,1.32,0,0,False,-1,-11.366649720677444,0.5878009317961248
45,T_9,C_9_15,1.48,1.52,0,0,False,1,-46.866271116258545,0.6465679856609399
29,T_6,C_6_1,0.98,1.18,0,0,False,-1,-21.662870994825678,0.3647618172968463
12,T_5,C_5_12,0.97,0.92,1,0,True,-1,0.8619885821027893,0.36183744506753596
49,T_9,C_9_15,1.48,1.49,0,0,True,1,-32.146630999241424,0.6662482580566947
21,T_6,C_6_3,0.94,1.36,0,0,True,1,-13.63554859045409,0.3239237769463434
7,T_5,C_5_12,1.03,0.98,0,0,True,-1,-19.987594668682934,0.39431055017738625
48,T_9,C_9_15,1.47,1.51,0,0,False,1,-5.502832502262571,0.6299418816136273
13,T_6,C_6_1,0.92,1.13,1,0,True,1,9.976882199124063,0.30999377313278453
14,T_8,C_8_3,1.53,1.42,1,0,False,1,4.4322600309882,0.5605497477660442
23,T_7,C_7_2,1.09,1.31,0,0,False,-1,-10.497600732964315,0.41531574151491457
40,T_10,C_10_5,1.46,0.0,0,0,False,-1,-53.612672613988124,0.452951781361087
28,T_10,C_10_5,1.21,0.0,1,0,False,-1,4.755296185229572,0.4148591581099262
34,T_10,C_10_2,0.94,0.0,1,0,True,-1,20.462957710465673,0.5204087979089701
19,T_8,C_8_3,1.36,1.34,1,0,False,1,66.14368060203186,0.5018285502303659
22,T_6,C_6_7,1.06,1.43,1,0,False,-1,52.07862036106801,0.41252076558570694
24,T_9,C_9_15,1.37,1.34,1,0,False,1,11.108309934954736,0.5533054080793764
11,T_10,C_10_1,0.79,0.0,1,0,False,-1,8.144605433204855,0.5879197423691775
2,T_10,C_10_1,0.73,0.0,1,0,True,1,8.333046131579383,0.4763420096236757
26,T_6,C_6_1,0.95,1.35,0,0,True,-1,-17.581621288073254,0.34226942965226237
31,T_8,C_8_3,1.5,1.59,0,0,False,-1,-39.44400109576554,0.5592100787810497
36,T_9,C_9_15,1.35,0.82,0,0,True,1,-20.380281125795552,0.5383440706326019
5,T_7,C_7_14,1.66,1.36,1,0,False,-1,1.8861030739767415,0.558484548399576
46,T_6,C_6_7,1.38,1.24,1,0,False,-1,26.599488232327396,0.5195908039666819
35,T_9,C_9_16,1.31,0.98,0,0,True,1,-45.15741092237006,0.4542595118258184
25,T_9,C_9_16,1.28,0.86,0,0,True,-1,-40.637315219390075,0.4641774302218116
45,T_10,C_10_5,0.77,0.0,0,0,False,-1,-40.68574882501122,0.4979347204168146
8,T_9,C_9_16,1.36,1.15,1,0,True,-1,16.78476422340646,0.47774219462042766
37,T_10,C_10_5,1.2,0.0,0,0,False,-1,-27.23361853696239,0.42688770181499774
42,T_9,C_9_16,1.3,1.09,0,0,False,1,-9.449207396172795,0.5141276690566505
30,T_6,C_6_1,1.12,1.28,0,0,True,-1,-32.79276489181416,0.4192579855615485
39,T_8,C_8_2,1.69,1.51,1,0,False,1,13.146766386969585,0.626687637577712
44,T_7,C_7_4,1.33,1.32,0,0,True,-1,-59.91688922886287,0.4722293381637737
43,T_7,C_7_14,1.42,1.2,0,0,False,-1,-34.65452986227669,0.4444795270872113
38,T_8,C_8_6,1.11,1.23,0,0,True,-1,-20.297727952968845,0.4458014254623941
27,T_8,C_8_6,1.18,1.27,0,0,False,1,-16.41331780029147,0.4137232678593986
40,T_10,C_10_1,0.8,0.0,0,0,True,1,-6.956639932687594,0.543114447075745
49,T_10,C_10_5,0.52,0.0,1,0,False,-1,0.5047155964443206,0.4760554404022892
28,T_10,C_10_1,0.33,0.0,1,0,True,-1,6.918303104737035,0.40191522572956173
18,T_8,C_8_6,1.26,1.35,1,0,False,1,16.924629820264485,0.43349124593832655
0,T_8,C_8_6,1.22,1.31,0,0,True,-1,-5.764839711852009,0.48491096506142584
10,T_6,C_6_1,1.01,1.18,0,0,False,-1,-1.6657233803896005,0.4277998733775817
12,T_5,C_5_10,0.72,0.76,0,0,True,1,-7.237744720045761,0.4857480884142339
6,T_8,C_8_6,1.22,1.32,0,0,False,-1,-10.396033877028039,0.4917602898598336
34,T_10,C_10_1,0.35,0.0,0,0,True,-1,-28.070237917282796,0.5723980340181057
48,T_10,C_10_2,0.7,0.0,0,0,False,-1,-39.27740991498773,0.5410139916475775
41,T_8,C_8_6,1.15,1.24,1,0,True,-1,15.167987222295576,0.4221295046379374
11,T_10,C_10_5,0.28,0.0,0,0,True,-1,-29.931838735462893,0.5053828333339906
23,T_7,C_7_4,1.07,1.06,1,0,True,-1,19.611103939205464,0.33782405951226113
29,T_6,C_6_2,0.68,1.16,0,0,True,-1,-0.14096706671174886,0.5106177072949942
33,T_9,C_9_16,1.28,0.66,0,0,False,-1,-0.7513273708549875,0.5128513277444313
7,T_5,C_5_10,0.6,0.97,1,0,True,1,33.48989174376769,0.5241094966904191
32,T_9,C_9_16,1.27,0.79,0,0,False,-1,-9.033819998934359,0.428811856573907
24,T_10,C_10_1,0.79,0.0,0,0,False,1,-32.78826182283372,0.47213397860017803
1,T_8,C_8_5,1.32,1.3,1,0,False,1,54.52359960893629,0.5018152018105169
36,T_10,C_10_1,0.32,0.0,1,0,False,-1,11.165380818359065,0.4373996471956921
45,T_10,C_10_1,0.24,0.0,0,0,True,1,-1.7863270732781515,0.5633446509181679
37,T_10,C_10_1,0.33,0.0,1,0,True,-1,18.111448310426404,0.4418087897999188
5,T_7,C_7_6,1.52,1.36,1,0,True,-1,23.64634302338892,0.5556068598011926
35,T_10,C_10_5,0.5,0.0,1,0,False,-1,12.710934920041915,0.4516080718699115
25,T_9,C_9_7,1.26,0.19,1,0,True,-1,22.580576728615043,0.45255132220523475
21,T_7,C_7_13,1.39,1.28,1,0,False,-1,37.22943169044705,0.41405447810664353
22,T_6,C_6_2,1.03,1.19,1,0,True,-1,37.14370062761675,0.5524276925485779
13,T_7,C_7_4,1.11,1.05,1,0,False,-1,5.669577662902785,0.36709442579055734
43,T_7,C_7_1,1.2,1.15,1,0,True,1,34.04345261705106,0.472429763157417
8,T_9,C_9_7,1.34,0.83,1,0,True,1,7.031830945881463,0.5523035138193374
46,T_6,C_6_3,1.2,1.23,1,0,True,1,27.078775869016066,0.426853221166668
42,T_10,C_10_1,0.37,0.0,0,0,False,-1,-20.182209097495587,0.483733518209044
44,T_7,C_7_1,1.32,1.28,1,0,True,-1,16.61323848583845,0.5476622186851896
49,T_10,C_10_1,0.15,0.0,1,0,True,1,23.50798275613368,0.5722744150503796
26,T_6,C_6_2,0.51,1.13,0,0,True,1,-5.200774793478075,0.47857688974647394
28,T_10,C_10_2,0.3,0.0,0,0,True,-1,-8.303113974764575,0.39567425487863334
14,T_9,C_9_7,1.33,0.57,1,0,False,1,23.518613341773396,0.5039109621756129
34,T_10,C_10_3,-0.36,0.0,1,0,True,1,14.441150874741954,0.4236928515976356
19,T_9,C_9_7,1.25,0.85,1,0,False,-1,37.259957578242535,0.5651770431704429
48,T_10,C_10_5,0.26,0.0,1,0,True,-1,5.316484384769382,0.4531761881346562
31,T_8,C_8_6,1.25,1.33,1,0,True,1,26.863279460085955,0.48281745069888676
36,T_10,C_10_5,0.07,0.0,0,0,True,-1,-9.215523520610702,0.48942939814209024
11,T_10,C_10_4,-0.2,0.0,1,0,True,-1,3.019856875685452,0.5408168246787391
30,T_6,C_6_3,1.01,1.28,0,0,True,-1,-9.64043674288348,0.3923525209845675
23,T_7,C_7_1,1.06,1.01,1,0,True,-1,6.75660817438094,0.3881562113710423
33,T_9,C_9_7,1.26,0.38,0,0,True,1,-7.080776084878281,0.5383796712270098
37,T_10,C_10_4,-0.17,0.0,0,0,True,-1,-0.4771881219153613,0.46830223081698874
38,T_8,C_8_1,1.06,1.23,1,0,True,-1,0.9904044706772339,0.28674661458590656
10,T_6,C_6_3,0.61,1.18,1,0,True,-1,34.33193479873946,0.4640057467153388
35,T_10,C_10_2,-0.09,0.0,1,0,True,1,19.967709467461088,0.41214468963850515
39,T_9,C_9_12,1.51,0.48,1,0,False,1,31.461115882937886,0.6702330993210562
21,T_7,C_7_8,1.14,1.28,1,0,True,1,10.317765884700188,0.587135716725423
28,T_10,C_10_3,-0.2,0.0,1,0,True,-1,5.397023358546296,0.2991146175312438
5,T_7,C_7_1,1.36,1.32,0,0,True,-1,-17.318341230615587,0.5016311195859982
32,T_9,C_9_7,1.26,0.83,1,0,True,-1,22.370435934827654,0.5612256005117482
29,T_6,C_6_5,0.56,1.14,1,0,True,-1,23.684555822106404,0.4999081566586016
42,T_10,C_10_2,0.08,0.0,1,0,True,-1,17.98070303314725,0.46620126190683564
6,T_8,C_8_1,1.18,1.3,0,0,True,-1,-0.6098203221962848,0.3670521014649313
27,T_9,C_9_15,1.37,-0.01,1,0,False,1,36.30502735747158,0.513459832239866
18,T_9,C_9_4,1.33,0.59,0,0,False,1,-7.641438179915241,0.5515169513999508
25,T_9,C_9_4,1.26,0.3,1,0,True,-1,36.82026600036985,0.48968247473008836
0,T_8,C_8_1,1.18,1.29,1,0,True,-1,3.308394750409583,0.3503408587097159
8,T_10,C_10_1,0.53,0.0,0,0,False,1,-32.44100153090814,0.5075665464667347
41,T_8,C_8_1,1.09,1.22,0,0,True,1,-10.294710280948543,0.3585455982563761
12,T_6,C_6_3,0.66,1.09,0,0,False,1,-7.545571360167841,0.360932105150009
13,T_7,C_7_1,1.1,1.05,0,0,True,-1,-29.729584433948904,0.4468344709839138
36,T_10,C_10_3,-0.05,0.0,1,0,True,-1,23.01063817239728,0.34902370582502373
11,T_10,C_10_3,0.19,0.0,1,0,True,-1,3.8208154165367603,0.440593207622833
48,T_10,C_10_3,0.53,0.0,1,0,True,1,20.764611804016198,0.3641542283131306
44,T_7,C_7_5,1.32,1.28,0,0,True,-1,-35.61565389119297,0.5642857174355254
28,T_10,C_10_4,-0.43,0.0,1,0,True,-1,20.185861773139,0.4499417704701307
37,T_10,C_10_3,0.06,0.0,1,0,True,-1,13.96451222394743,0.3298258293452503
33,T_10,C_10_3,0.33,0.0,0,0,False,1,-6.659152002925534,0.31908877517484435
14,T_10,C_10_5,0.39,0.0,1,0,False,-1,23.605167617794653,0.4499342046710526
23,T_7,C_7_5,1.05,0.9,1,0,True,1,31.60915722768448,0.38379574158679813
39,T_10,C_10_3,0.33,0.0,0,0,False,-1,-2.0989969057175486,0.39250822139196034
7,T_6,C_6_2,0.53,1.15,1,0,False,1,7.347229587788114,0.52896503235821
42,T_10,C_10_3,-0.2,0.0,1,0,True,-1,18.739138159451088,0.3583802343744044
19,T_9,C_9_4,1.24,0.65,1,0,True,-1,11.620999782984494,0.4707837749254899
1,T_9,C_9_4,1.28,-0.05,0,0,False,1,-7.03523860996302,0.479495231595396
22,T_6,C_6_5,0.73,1.18,1,0,True,1,24.007535570801082,0.5673280433651051
46,T_7,C_7_5,1.23,0.98,0,0,False,1,-1.4904983221480919,0.48118640173017047
43,T_8,C_8_1,1.15,1.27,0,0,False,-1,-4.950452694422964,0.34394847848257204
27,T_10,C_10_3,0.19,0.0,0,0,False,-1,-11.031512122128838,0.3639109732180097
5,T_7,C_7_5,1.36,0.81,1,0,True,-1,28.24729912231011,0.5926173985278899
32,T_9,C_9_4,1.25,0.68,1,0,True,1,18.42207287796623,0.49782411992373066
26,T_7,C_7_5,1.12,0.68,1,0,False,1,6.453165168776533,0.46826228998128194
30,T_6,C_6_9,0.84,1.27,0,0,True,-1,-21.928180670971262,0.5588087853011249
10,T_6,C_6_9,0.45,1.17,1,0,True,-1,17.79306824401598,0.5527477465568847
25,T_9,C_9_18,1.26,0.37,1,0,True,-1,30.398451749427803,0.5718979458436518
36,T_10,C_10_2,-0.32,0.0,1,0,True,1,30.448620858785134,0.41469755833902594
11,T_10,C_10_2,-0.18,0.0,1,0,True,1,11.754145097792982,0.5269744464200311
18,T_10,C_10_1,0.44,0.0,0,0,False,1,-4.739663132959176,0.45194170931782085
38,T_8,C_8_2,0.68,1.23,1,0,True,-1,55.905701787761885,0.5344433387752779
39,T_10,C_10_5,0.17,0.0,1,0,True,-1,8.079797992174576,0.4500351352902119
42,T_10,C_10_5,-0.3,0.0,1,0,True,-1,14.650874228040003,0.48090848496556976
13,T_7,C_7_5,1.1,0.63,1,0,True,-1,41.102818580447135,0.404689460778241
37,T_10,C_10_2,-0.63,0.0,1,0,True,1,17.015092306406235,0.43938046268869324
14,T_10,C_10_1,0.2,0.0,1,0,True,-1,22.551133187188654,0.45699872936865893
29,T_6,C_6_9,0.08,1.06,1,0,True,-1,36.97403493857719,0.450830690391869
44,T_7,C_7_13,1.31,0.59,1,0,True,-1,6.9685941411173715,0.5530736407217731
6,T_8,C_8_5,0.97,1.29,0,0,True,1,-28.939685632158053,0.5428152520422744
31,T_9,C_9_18,1.32,0.11,1,0,False,1,28.82973105056437,0.6129989549616526
21,T_8,C_8_2,1.28,1.19,1,0,False,-1,24.957459500532337,0.485867071238133
27,T_10,C_10_1,-0.06,0.0,1,0,True,1,21.334099684693317,0.46059201710028297
0,T_8,C_8_2,0.78,1.29,0,0,True,1,-9.793768729495195,0.578300509727701
19,T_9,C_9_18,1.24,0.79,1,0,True,-1,24.800983188809678,0.4802004260758836
1,T_10,C_10_5,-0.07,0.0,0,0,False,-1,-8.454672243159408,0.49175753900538327
32,T_10,C_10_1,0.68,0.0,0,0,False,-1,-15.095405870230632,0.4546881463196351
5,T_7,C_7_12,1.29,0.81,0,0,True,1,-11.200299764440814,0.535875290627635
42,T_10,C_10_4,-0.58,0.0,1,0,True,-1,17.601450960020806,0.4928389308590084
41,T_9,C_9_18,1.22,0.38,1,0,False,-1,13.493237863461472,0.5295477236730495
12,T_7,C_7_3,1.06,0.62,0,0,False,-1,-3.087063267338525,0.43398409043938213
39,T_10,C_10_1,0.21,0.0,1,0,True,1,22.87510365389357,0.5465158520830047
14,T_10,C_10_2,0.04,0.0,1,0,True,-1,16.495725425715495,0.41463697032239216
25,T_9,C_9_2,1.23,0.45,1,0,True,-1,17.76515795225173,0.3808375592139709
30,T_6,C_6_2,0.6,1.19,0,0,True,-1,-13.392310329260107,0.614547332486914
7,T_7,C_7_12,1.06,0.7,0,0,False,-1,-9.230058673630962,0.46659787346672843
10,T_6,C_6_2,0.14,1.09,1,0,True,-1,40.4189876463454,0.5342159547704317
13,T_7,C_7_12,1.01,0.52,1,0,True,-1,7.806304896318249,0.45666535681987075
22,T_7,C_7_12,1.09,0.94,1,0,False,1,0.580668819210409,0.44665608576189886
23,T_8,C_8_5,0.9,1.39,1,0,False,-1,4.28076783408574,0.38733086448876525
44,T_7,C_7_12,1.24,0.84,1,0,True,1,10.609638668334824,0.5077808337036122
31,T_10,C_10_2,0.56,0.0,1,0,False,1,11.41003076037837,0.47241332453612717
1,T_10,C_10_2,0.6,0.0,1,0,True,-1,15.962537811725845,0.466273691408713
43,T_8,C_8_5,1.02,1.25,1,0,True,-1,6.076575166588537,0.4801060422315375
32,T_10,C_10_2,0.06,0.0,1,0,True,-1,10.087476078831045,0.4567481805680543
19,T_9,C_9_15,1.22,1.16,1,0,True,-1,22.928670402462288,0.48063744528874225
14,T_10,C_10_4,-0.43,0.0,1,0,True,1,16.18018056171543,0.5239612566575143
46,T_8,C_8_5,0.98,1.28,1,0,False,1,18.069609356523713,0.5476499684197379
12,T_7,C_7_12,1.17,0.6,1,0,True,-1,1.4084636006841684,0.4557097632531145
32,T_10,C_10_3,-0.1,0.0,1,0,True,-1,11.239370075474191,0.3585793684351303
29,T_6,C_6_6,0.07,1.05,1,0,True,-1,14.637252921475612,0.37990602126000483
25,T_9,C_9_19,1.23,0.05,1,0,True,1,6.168857473769538,0.531760191653881
41,T_9,C_9_2,1.19,0.17,0,0,True,-1,-0.4393723842303494,0.437386982679882
38,T_8,C_8_5,0.67,1.23,1,0,True,-1,13.10662980635014,0.4710723153389801
7,T_7,C_7_7,1.05,0.7,1,0,True,1,23.875871372653286,0.38473157734169705
1,T_10,C_10_3,-0.31,0.0,1,0,True,1,9.878146300568702,0.36584639246541484
26,T_8,C_8_4,0.55,1.2,0,0,False,-1,-19.04902820410641,0.4164158009027631
13,T_7,C_7_7,1.0,0.52,1,0,True,1,21.5579734579074,0.41650351369661637
21,T_8,C_8_3,1.13,1.16,0,0,True,-1,-11.929835110025202,0.47239172903516163
30,T_6,C_6_6,0.11,1.54,0,0,True,1,-13.590626256648143,0.41318743519184203
19,T_9,C_9_19,1.21,1.16,1,0,True,-1,35.074333825915694,0.47663271901338133
6,T_9,C_9_19,1.27,0.3,1,0,False,1,8.73995806473705,0.5149743974008303
32,T_10,C_10_4,-0.25,0.0,1,0,True,1,14.240376471528887,0.4937981307561833
10,T_6,C_6_5,0.13,1.35,0,0,True,1,-11.712101310878104,0.5144970115851932
41,T_9,C_9_19,1.45,0.17,0,0,True,1,-20.974055030630684,0.5406234316786354
25,T_10,C_10_4,0.17,0.0,0,0,False,1,-2.571616713668817,0.48073224749151894
0,T_9,C_9_19,1.5,0.5,1,0,False,1,7.049390324771899,0.5933272517908099
12,T_7,C_7_8,1.01,0.58,0,0,True,1,-15.016838709925231,0.5260331929224054
5,T_8,C_8_2,0.8,1.4,0,0,False,1,-0.8232557467676429,0.6232994664877455
23,T_8,C_8_6,0.4,1.39,0,0,True,1,-6.085191197284487,0.3330713619361001
19,T_9,C_9_14,1.21,1.16,1,0,True,1,1.719986621970211,0.48168949893355384
6,T_10,C_10_3,0.51,0.0,0,0,False,-1,-33.408323446759844,0.32194883060979385
29,T_6,C_6_3,-0.01,1.34,0,0,True,-1,-17.246321293907414,0.3525435689002545
43,T_8,C_8_2,0.9,1.52,0,0,True,1,-50.941551955437596,0.5269122190808235
22,T_8,C_8_3,0.94,1.44,0,0,False,1,-26.609357227089063,0.5312707737609814
0,T_10,C_10_2,0.5,0.0,0,0,False,1,-14.484088409884748,0.49022160383034064
41,T_10,C_10_1,0.17,0.0,0,0,False,-1,-17.600217442142814,0.47598805736004657
6,T_10,C_10_5,0.18,0.0,0,0,True,-1,-27.566346474400817,0.44460833552455825
44,T_8,C_8_2,0.84,1.65,0,0,False,1,-45.53561363523717,0.60483713584186
6,T_10,C_10_1,0.13,0.0,1,0,True,-1,12.8845785772454,0.45616663018182835
19,T_10,C_10_1,1.14,0.0,1,0,False,-1,3.6321388414913933,0.4487885594677871
41,T_10,C_10_2,0.05,0.0,1,0,True,1,1.1093506377380145,0.43594075205267724
46,T_9,C_9_14,1.57,0.37,1,0,False,1,5.117657936638615,0.52459501418477
38,T_8,C_8_4,0.3,1.44,1,0,True,-1,12.042671327104543,0.4415101718976824
6,T_10,C_10_4,-0.17,0.0,1,0,True,1,13.642778966953244,0.5042949395216647
26,T_8,C_8_2,0.67,1.44,1,0,True,-1,7.072650487295778,0.5120262875071033
19,T_10,C_10_2,0.14,0.0,1,0,True,1,22.733951232120347,0.4446964364380118
21,T_8,C_8_4,0.86,1.36,1,0,True,1,20.64433274217965,0.43816016552788034
30,T_7,C_7_7,1.6,0.88,0,0,False,-1,-3.3351505209656978,0.44633008524666357
7,T_8,C_8_2,0.62,1.41,0,0,False,-1,-0.7636457184043763,0.5302517023560367
10,T_7,C_7_7,1.4,0.58,1,0,False,-1,20.29747376671453,0.4466807693726282
46,T_10,C_10_2,0.44,0.0,0,0,False,-1,-3.0878319604246336,0.4322867432836909
13,T_8,C_8_3,0.54,1.39,1,0,False,-1,17.902583375038596,0.42628128729385023
29,T_6,C_6_7,-0.29,1.06,1,0,True,-1,7.330698391012994,0.33118926453326375
46,T_10,C_10_4,0.33,0.0,1,0,True,-1,20.571509688681473,0.4756126381177746
46,T_10,C_10_3,0.09,0.0,1,0,True,-1,18.2174591694783,0.3405508868187471
12,T_8,C_8_2,0.63,1.41,1,0,False,1,29.039551575213775,0.4681747547153472
30,T_7,C_7_9,1.1,1.08,1,0,True,1,38.4840550271522,0.40839199131832726
46,T_10,C_10_5,0.02,0.0,1,0,True,1,17.533167772432655,0.45332385718037727
5,T_9,C_9_14,1.71,0.44,1,0,False,1,8.340318594375887,0.5862894617864316
10,T_7,C_7_9,0.98,0.47,0,0,True,-1,-10.734248156020008,0.3719742406932002
23,T_9,C_9_14,1.4,0.37,0,0,False,1,-4.761731225141137,0.37152547778407785
22,T_9,C_9_14,1.4,0.21,0,0,False,1,-19.076125616062175,0.47949404101696036
43,T_9,C_9_14,1.5,0.82,0,0,False,1,-25.043850483787015,0.46226672036599586
5,T_10,C_10_2,0.44,0.0,0,0,False,1,-18.677093769355945,0.4765736510095253
44,T_9,C_9_14,1.56,0.23,0,0,False,-1,-27.524873896205808,0.5749215119002055
23,T_10,C_10_2,0.37,0.0,0,0,False,1,-5.689778758785096,0.33769554227612913
26,T_8,C_8_6,0.28,1.27,0,0,True,1,-20.802775177101655,0.4097869133921133
10,T_7,C_7_8,0.74,0.47,0,0,True,1,-3.9274450133403924,0.6466448224373209
22,T_10,C_10_4,0.21,0.0,0,0,False,1,-5.595017190750312,0.4958774481332058
29,T_6,C_6_8,-0.31,0.82,0,0,True,-1,-9.3206108582965,0.4305548183627873
43,T_10,C_10_2,0.72,0.0,0,0,False,1,-3.57866391820313,0.4980696951525574
38,T_9,C_9_14,1.35,0.36,1,0,False,-1,12.978298107113307,0.44706050211955506
7,T_8,C_8_4,0.5,1.33,0,0,True,-1,-6.400294235605202,0.46004464895820657
13,T_8,C_8_1,0.23,1.38,0,0,True,-1,-10.570027449000548,0.29164933981409313
21,T_9,C_9_14,1.17,0.59,1,0,False,1,29.837938127401024,0.4926403105760462
44,T_9,C_9_8,1.34,0.34,1,0,True,1,10.134468095855283,0.5376510302454609
38,T_9,C_9_19,1.26,0.36,1,0,True,1,4.661152123499004,0.5196158769584229
21,T_10,C_10_1,0.59,0.0,0,0,False,-1,-10.378853329649385,0.4109828100022207
44,T_10,C_10_4,0.34,0.0,0,0,False,1,-30.342127201632618,0.546363897422069
12,T_9,C_9_8,1.27,1.01,0,0,False,-1,-33.191025417792105,0.5000777776031942
30,T_8,C_8_4,1.08,1.56,0,0,False,1,-13.825343616993024,0.5167280855995178
21,T_10,C_10_4,0.39,0.0,1,0,True,-1,10.318337557626787,0.4286907177400882
29,T_6,C_6_4,-0.38,0.92,0,0,True,1,-4.2243287493901995,0.5644273224183226
38,T_10,C_10_3,0.36,0.0,1,0,False,-1,0.5390220359501612,0.2932840752365401
21,T_10,C_10_5,0.14,0.0,1,0,True,1,7.021948110125276,0.37288339910664675
38,T_10,C_10_2,0.17,0.0,1,0,True,-1,19.49072887507513,0.4007358255975742
12,T_9,C_9_14,1.23,1.04,0,0,True,1,-16.49513526879678,0.4357405829274808
38,T_10,C_10_5,-0.11,0.0,1,0,True,-1,7.784238099349441,0.4042263893763901
7,T_8,C_8_5,0.15,1.17,0,0,True,-1,-7.849182266185835,0.5387288989605679
38,T_10,C_10_4,-0.52,0.0,1,0,True,-1,10.107273303126004,0.4121307047378932
13,T_8,C_8_2,0.22,1.34,0,0,True,1,-12.916372943020164,0.489246547722445
26,T_9,C_9_1,1.2,0.6,1,0,False,1,10.89769861817028,0.603280246902001
10,T_8,C_8_2,0.36,1.19,1,0,False,1,20.594415658295333,0.563427392686329
38,T_10,C_10_1,-0.66,0.0,1,0,True,1,14.093391090378034,0.41586882732896713
12,T_10,C_10_2,1.04,0.0,0,0,False,-1,-15.412601336819039,0.3918299551514473
12,T_10,C_10_1,0.44,0.0,1,0,True,1,5.246770443457555,0.4895008143692873
26,T_10,C_10_2,0.41,0.0,0,0,False,1,-12.709505172818076,0.3985616055522897
29,T_7,C_7_8,0.92,0.49,0,0,False,-1,-16.907879571005537,0.5912883329853807
30,T_9,C_9_14,1.58,0.68,0,0,False,-1,-30.278076871109356,0.5625216533964295
7,T_8,C_8_3,0.09,1.17,1,0,True,-1,25.546709630537197,0.4928612178951952
29,T_7,C_7_7,0.75,0.44,1,0,True,-1,32.54569917427777,0.3976626715210108
30,T_9,C_9_6,1.29,0.68,1,0,True,-1,33.6561190809652,0.5014836936038847
13,T_9,C_9_1,1.4,0.62,1,0,False,1,32.38469641957224,0.5486889129723819
10,T_9,C_9_6,1.19,0.22,1,0,False,1,42.37589269093421,0.5010099480042758
30,T_9,C_9_10,1.26,0.68,0,0,True,1,-22.281496181185084,0.4494625174880339
29,T_7,C_7_13,0.62,0.44,0,0,True,1,-12.404283282266794,0.5095157624997144
13,T_10,C_10_1,0.62,0.0,0,0,False,-1,-17.765710376372247,0.44481184147725417
10,T_10,C_10_2,0.22,0.0,1,0,False,-1,6.898043715263265,0.4743888187228241
13,T_10,C_10_2,0.51,0.0,1,0,True,1,0.6955643764203252,0.4428254266072967
7,T_8,C_8_6,0.04,1.34,1,0,True,1,0.17347763156048757,0.467372655843204
10,T_10,C_10_5,-0.09,0.0,1,0,True,-1,5.88075692944383,0.4127979493096049
30,T_10,C_10_5,0.65,0.0,0,0,False,-1,-18.399669911292165,0.44204042372688723
10,T_10,C_10_3,-0.12,0.0,1,0,True,-1,11.48450869775316,0.34994344463505034
30,T_10,C_10_1,0.61,0.0,1,0,True,-1,27.38142972368838,0.5157986326499528
10,T_10,C_10_1,-0.27,0.0,1,0,True,1,29.25963741676907,0.48061948274689154
30,T_10,C_10_2,0.56,0.0,1,0,True,-1,27.201994596388253,0.4757445468084735
30,T_10,C_10_3,0.2,0.0,1,0,True,1,7.5272246143772605,0.37459675556979377
29,T_8,C_8_6,0.77,1.35,0,0,False,1,-13.890612515111238,0.43503556263336063
7,T_9,C_9_10,1.34,0.18,0,0,False,1,-3.397459953735252,0.39892784756505373
7,T_10,C_10_1,0.18,0.0,0,0,False,-1,-6.998756214290923,0.4738732583228032
29,T_9,C_9_10,1.34,0.34,1,0,False,-1,12.628886772214045,0.4167786604328645
7,T_10,C_10_5,0.1,0.0,1,0,True,1,11.84540806518478,0.3959987325529227
29,T_9,C_9_17,1.19,0.34,0,0,True,-1,-6.561498287716281,0.6098896902161518
29,T_9,C_9_1,1.14,0.34,1,0,True,1,19.577253854942796,0.6238236557951683
29,T_10,C_10_1,0.34,0.0,0,0,False,-1,-8.381871397925856,0.4206520026325344
29,T_10,C_10_4,0.29,0.0,1,0,True,1,10.688582634161872,0.48204589572872997
