student_number,topic,arm_pulled,pay-off,pay-off_next_topic,actual_decision,skip_decision,reward,confidence_score
2,T_1,C_1_12,0.5,0.58,0,0,-1,-1.9173380921540168
1,T_1,C_1_9,0.55,0.63,0,0,-1,-1.3871276372999528
0,T_1,C_1_9,0.57,0.61,0,0,-1,-1.6193283817992299
3,T_1,C_1_9,0.52,0.56,1,1,-1,6.97074992830494
4,T_1,C_1_12,0.57,0.64,1,1,1,8.704942892901729
11,T_1,C_1_13,0.63,0.69,1,1,-1,7.506769175678099
9,T_1,C_1_9,0.56,0.63,1,0,-1,1.0802110128403406
7,T_1,C_1_9,0.56,0.6,1,0,-1,0.6708476746067031
6,T_1,C_1_9,0.56,0.61,1,0,-1,0.5716167530862855
30,T_1,C_1_12,0.59,0.64,1,1,1,6.9196554689462815
5,T_1,C_1_13,0.63,0.69,1,1,-1,4.200940977731694
45,T_1,C_1_3,0.62,0.68,1,0,1,1.5018339357965642
40,T_1,C_1_12,0.58,0.64,1,1,-1,7.733437869333319
27,T_1,C_1_9,0.52,0.57,1,1,1,9.045634094042246
22,T_1,C_1_9,0.56,0.6,1,1,1,9.46249856787518
21,T_1,C_1_9,0.51,0.59,1,1,1,6.575757299648674
10,T_1,C_1_9,0.58,0.63,1,1,1,4.951025752231488
29,T_1,C_1_9,0.55,0.57,1,1,-1,4.4947128778107555
8,T_1,C_1_9,0.58,0.63,1,1,1,9.78396347123226
39,T_1,C_1_9,0.65,0.7,1,0,1,3.121931143889703
42,T_1,C_1_9,0.57,0.61,1,0,1,1.1297668831018521
17,T_1,C_1_9,0.6,0.71,1,0,-1,0.9148030494671584
25,T_1,C_1_3,0.51,0.59,1,0,1,0.6677415666461393
20,T_1,C_1_9,0.65,0.69,1,1,-1,4.125042347662278
26,T_1,C_1_9,0.53,0.56,1,1,1,8.558424650747343
31,T_1,C_1_9,0.57,0.63,1,1,1,9.855972396255323
12,T_1,C_1_9,0.49,0.55,1,1,1,9.135552009770953
28,T_1,C_1_9,0.53,0.57,1,0,1,2.5527629557554796
15,T_1,C_1_9,0.7,0.76,0,0,1,-2.8010223549789277
16,T_1,C_1_3,0.56,0.61,0,0,-1,-2.997519530120199
48,T_1,C_1_3,0.6,0.66,0,0,1,-5.663509813703957
18,T_1,C_1_9,0.56,0.63,0,0,1,-0.6083748007111041
41,T_1,C_1_9,0.56,0.58,1,0,1,1.7921449145752852
14,T_1,C_1_13,0.56,0.64,1,1,-1,4.879705642176694
33,T_1,C_1_9,0.58,0.62,1,0,-1,0.5595158331155838
23,T_1,C_1_3,0.46,0.47,1,0,1,0.7682554359890927
34,T_1,C_1_9,0.59,0.65,1,0,1,0.05787760014756138
13,T_1,C_1_9,0.53,0.54,0,0,1,-3.079801500296478
35,T_1,C_1_13,0.55,0.58,1,0,1,0.10896939893536128
19,T_1,C_1_9,0.56,0.56,0,0,-1,-0.74021722555631
38,T_1,C_1_9,0.51,0.57,0,0,1,-3.5384549119548296
32,T_1,C_1_9,0.55,0.59,0,0,1,-4.289132724878481
49,T_1,C_1_9,0.61,0.69,0,0,1,-4.236715192117492
36,T_1,C_1_11,0.53,0.57,0,0,-1,-7.011545248882905
43,T_1,C_1_9,0.56,0.62,0,0,-1,-4.979691639936787
37,T_1,C_1_9,0.54,0.56,0,0,-1,-5.118401681730548
24,T_1,C_1_9,0.57,0.61,0,0,-1,-8.47900913222245
47,T_1,C_1_9,0.6,0.65,0,0,-1,-8.89227370130258
44,T_1,C_1_9,0.61,0.66,0,0,1,-10.638067038400278
46,T_1,C_1_9,0.55,0.6,0,0,1,-4.080368971858449
2,T_1,C_1_9,0.5,0.58,0,0,-1,-4.549733996106848
1,T_1,C_1_3,0.54,0.63,0,0,-1,-0.8007097959972356
0,T_1,C_1_3,0.55,0.61,0,0,1,-2.7750387614618024
3,T_1,C_1_3,0.5,0.56,1,0,1,3.9493085683154847
9,T_1,C_1_3,0.54,0.63,1,0,-1,3.0465979620844896
11,T_1,C_1_9,0.61,0.69,0,0,-1,-2.7669119163639024
7,T_1,C_1_3,0.51,0.6,0,0,1,-1.1175641880688225
6,T_1,C_1_3,0.55,0.61,0,0,-1,-1.4324539766428153
5,T_1,C_1_9,0.6,0.69,0,0,1,-3.5947785658480242
40,T_1,C_1_3,0.57,0.64,1,0,1,0.07709942317538321
29,T_1,C_1_3,0.51,0.57,0,0,-1,-6.864559889909802
17,T_1,C_1_11,0.6,0.71,0,0,1,-8.284766677952007
20,T_1,C_1_12,0.62,0.69,0,0,1,-6.035934960881168
16,T_1,C_1_9,0.56,0.61,0,0,-1,-5.029816920152491
4,T_2,C_2_5,0.64,0.7,1,0,1,3.085013704675883
33,T_1,C_1_3,0.54,0.62,1,0,1,2.578835317796522
14,T_1,C_1_9,0.55,0.64,1,0,1,3.5189611322202294
30,T_2,C_2_5,0.64,0.71,0,0,-1,-3.070271756640416
22,T_2,C_2_2,0.6,0.63,1,1,-1,4.188376975278356
45,T_2,C_2_8,0.68,0.71,0,0,-1,-1.1735138848159075
21,T_2,C_2_5,0.59,0.6,1,1,-1,4.055432892637445
27,T_2,C_2_8,0.57,0.63,1,0,-1,3.568457819652945
19,T_1,C_1_12,0.54,0.56,1,1,,8.956142353149554
10,T_2,C_2_10,0.63,0.62,1,1,1,8.092761122794856
43,T_1,C_1_3,0.55,0.62,1,1,,8.511598123243882
37,T_1,C_1_3,0.53,0.56,1,1,,8.001382586647544
42,T_2,C_2_5,0.61,0.68,1,1,1,7.515742960860874
39,T_2,C_2_10,0.7,0.7,1,1,1,6.223005279864141
47,T_1,C_1_3,0.58,0.65,1,1,,8.384078352038337
8,T_2,C_2_8,0.63,0.69,1,1,-1,10.222868891093011
36,T_1,C_1_9,0.51,0.57,1,1,,8.088349269894742
2,T_1,C_1_3,0.5,0.58,1,0,-1,2.9306059871187102
25,T_2,C_2_18,0.59,0.61,1,0,1,2.4397519864453985
28,T_2,C_2_10,0.57,0.62,1,0,1,3.3838660028296523
24,T_1,C_1_11,0.56,0.61,0,0,-1,-1.437954926036646
31,T_2,C_2_2,0.63,0.7,0,0,1,-2.6803389022189084
1,T_1,C_1_11,0.52,0.63,0,0,1,-0.8248469242092682
26,T_2,C_2_10,0.56,0.6,0,0,-1,-0.9033838926822995
9,T_1,C_1_11,0.53,0.63,1,0,1,3.660122619461969
12,T_2,C_2_5,0.55,0.61,1,1,-1,4.634432693502786
15,T_2,C_2_2,0.76,0.77,0,0,1,-0.6933662744127904
18,T_2,C_2_5,0.63,0.64,0,0,-1,-4.493162402168881
41,T_2,C_2_5,0.58,0.63,0,0,1,-1.7332925053541732
48,T_2,C_2_5,0.66,0.68,0,0,1,-6.082921381979576
6,T_1,C_1_1,0.52,0.61,0,0,-1,-5.136141481459884
23,T_2,C_2_8,0.47,0.57,1,0,-1,1.2661910884876528
11,T_1,C_1_3,0.58,0.69,0,0,1,-5.0820882523933735
34,T_2,C_2_8,0.65,0.67,0,0,1,-1.334071721217927
13,T_2,C_2_8,0.54,0.61,1,1,-1,6.147839256330074
32,T_2,C_2_5,0.59,0.61,0,0,1,-2.9983442217665175
49,T_2,C_2_8,0.69,0.68,0,0,1,-2.441431830997953
35,T_2,C_2_2,0.58,0.64,0,0,1,-2.25893127083663
38,T_2,C_2_10,0.57,0.6,0,0,-1,-0.8030719833618365
29,T_1,C_1_11,0.5,0.57,1,0,1,0.4318919131393075
30,T_2,C_2_4,0.62,0.71,1,1,,4.992050026426728
44,T_2,C_2_2,0.66,0.68,0,0,-1,-2.6009446020424036
0,T_2,C_2_10,0.61,0.61,0,0,1,-5.325358381218214
46,T_2,C_2_14,0.6,0.69,1,0,-1,0.8265941755681929
45,T_2,C_2_5,0.66,0.71,0,0,1,-5.40245360332851
21,T_2,C_2_10,0.54,0.6,1,1,,5.002737336567388
3,T_2,C_2_5,0.56,0.63,1,1,1,4.79631531821877
7,T_2,C_2_10,0.6,0.62,1,0,1,0.2981070925107625
16,T_1,C_1_1,0.52,0.61,0,0,-1,-2.471069468219424
22,T_2,C_2_5,0.57,0.63,1,0,1,0.6412222217481034
4,T_3,C_3_5,0.7,0.55,0,0,1,-0.8492150895146136
27,T_2,C_2_5,0.54,0.63,0,0,-1,-1.1265889850520203
5,T_2,C_2_5,0.69,0.73,0,0,-1,-4.480935361628411
8,T_2,C_2_10,0.59,0.69,0,0,1,-2.6069638716744477
10,T_3,C_3_1,0.62,0.53,0,0,-1,-0.5755541938345141
39,T_3,C_3_1,0.7,0.63,1,0,1,1.9736937918023143
40,T_2,C_2_2,0.64,0.71,1,0,1,2.229336249902863
42,T_3,C_3_5,0.68,0.56,1,0,-1,3.2006211661039643
26,T_2,C_2_5,0.55,0.6,0,0,1,-0.8870661744696999
12,T_2,C_2_2,0.55,0.61,1,0,1,0.49777309142127724
17,T_2,C_2_8,0.71,0.73,1,0,1,3.801883028759664
20,T_2,C_2_5,0.69,0.71,0,0,1,-3.805051402433792
18,T_2,C_2_14,0.6,0.64,0,0,1,-3.5413703660254967
28,T_3,C_3_1,0.62,0.49,0,0,1,-4.337603136858571
25,T_3,C_3_5,0.61,0.55,0,0,1,-2.013896611279039
31,T_3,C_3_5,0.7,0.57,0,0,1,-7.607390452539444
41,T_3,C_3_5,0.63,0.49,0,0,-1,-6.852438474259871
10,T_3,C_3_5,0.62,0.53,0,0,1,-4.402326867116995
2,T_1,C_1_11,0.48,0.58,0,0,-1,-4.752996509974143
23,T_2,C_2_14,0.47,0.57,0,0,-1,-1.6147152599741483
15,T_3,C_3_4,0.77,0.68,0,0,1,-12.342570165955571
48,T_3,C_3_4,0.68,0.55,0,0,1,-2.686419748369561
24,T_1,C_1_12,0.56,0.61,0,0,1,-0.3347191982993145
13,T_2,C_2_10,0.54,0.61,1,0,1,1.0617555897417423
38,T_2,C_2_5,0.53,0.6,1,0,-1,1.084190772624872
49,T_3,C_3_4,0.68,0.6,0,0,1,-3.9108896445774377
34,T_3,C_3_5,0.67,0.55,0,0,1,-1.65906583953881
44,T_2,C_2_8,0.66,0.68,0,0,1,-11.200563137043662
32,T_3,C_3_5,0.61,0.52,0,0,1,-8.42157116558964
42,T_3,C_3_1,0.66,0.56,0,0,-1,-6.069318712422807
6,T_1,C_1_12,0.51,0.61,0,0,1,-4.62574154917569
33,T_2,C_2_10,0.62,0.67,0,0,1,-5.947549572828163
46,T_2,C_2_10,0.59,0.69,0,0,1,-3.463214641397678
35,T_3,C_3_1,0.64,0.54,0,0,1,-5.614848045344639
14,T_2,C_2_2,0.64,0.65,0,0,1,-3.9735221877797517
30,T_3,C_3_5,0.71,0.53,1,0,1,1.045702077360522
27,T_2,C_2_10,0.53,0.63,1,1,,5.202726527374134
19,T_2,C_2_10,0.56,0.63,1,0,-1,3.379996722360193
45,T_3,C_3_4,0.71,0.59,0,0,1,-2.532333142733445
41,T_3,C_3_1,0.61,0.49,0,0,1,-3.0956130001309914
5,T_2,C_2_10,0.67,0.73,0,0,1,-3.2280304381786697
7,T_3,C_3_1,0.62,0.5,0,0,1,-5.887150389606305
3,T_3,C_3_5,0.63,0.46,0,0,-1,-5.217624882811938
0,T_3,C_3_5,0.61,0.53,0,0,1,-8.085412808853343
43,T_2,C_2_8,0.62,0.67,0,0,1,-6.806967032637935
21,T_3,C_3_5,0.6,0.47,0,0,1,-2.7505209102702928
37,T_2,C_2_8,0.56,0.63,0,0,-1,-5.356868349023054
47,T_2,C_2_10,0.65,0.68,0,0,-1,-7.4556951967929574
4,T_4,C_4_4,0.55,0.57,0,0,1,-6.712125438414194
22,T_3,C_3_5,0.63,0.51,0,0,1,-3.1117691731230357
8,T_3,C_3_5,0.69,0.53,0,0,1,-2.032603416997376
9,T_2,C_2_14,0.63,0.66,0,0,1,-3.6772478468846197
39,T_4,C_4_4,0.63,0.64,0,0,1,-1.5901364863123764
36,T_2,C_2_8,0.57,0.66,1,0,1,2.1285611893940377
16,T_1,C_1_6,0.51,0.61,0,0,1,-2.5174166938576263
1,T_2,C_2_8,0.63,0.68,0,0,1,-1.7905282746786337
42,T_3,C_3_4,0.63,0.56,0,0,-1,-6.176959509195793
40,T_3,C_3_5,0.71,0.55,0,0,1,-8.993422245569564
26,T_3,C_3_1,0.6,0.5,0,0,1,-0.5621359348677171
12,T_3,C_3_5,0.61,0.46,0,0,-1,-0.328620978790779
11,T_2,C_2_8,0.69,0.69,0,0,1,-4.906726238481626
20,T_3,C_3_5,0.71,0.61,0,0,1,-10.037899179048653
17,T_3,C_3_5,0.73,0.6,0,0,-1,-8.638566216291554
18,T_3,C_3_1,0.64,0.56,0,0,1,-8.579015359150691
28,T_4,C_4_1,0.49,0.51,0,0,1,-4.611140748212513
23,T_2,C_2_10,0.47,0.57,1,0,-1,0.13984660128099247
25,T_4,C_4_1,0.55,0.53,0,0,-1,-7.179610932491945
10,T_4,C_4_4,0.53,0.56,0,0,1,-1.3591175922457834
31,T_4,C_4_1,0.57,0.57,0,0,1,-3.4581454693971674
38,T_2,C_2_14,0.53,0.6,0,0,-1,-1.9501314654250725
3,T_3,C_3_1,0.58,0.46,0,0,-1,-1.2949747214344134
29,T_2,C_2_5,0.57,0.59,0,0,1,-1.1197192794086215
15,T_4,C_4_4,0.68,0.74,0,0,-1,-8.654093573322431
48,T_4,C_4_4,0.55,0.65,0,0,-1,-3.9295994499584204
13,T_3,C_3_5,0.61,0.43,1,0,-1,2.023785677677459
2,T_1,C_1_6,0.48,0.58,1,0,-1,1.4277410757857858
34,T_4,C_4_4,0.55,0.59,0,0,1,-1.9174653156922252
44,T_3,C_3_5,0.68,0.62,0,0,1,-5.317985728358475
49,T_4,C_4_1,0.6,0.61,1,0,-1,0.6726986956130894
32,T_4,C_4_1,0.52,0.55,1,0,1,1.7953723230533338
42,T_3,C_3_9,0.56,0.56,1,1,,5.29243342985162
19,T_2,C_2_5,0.56,0.63,1,1,,4.972260423308415
46,T_3,C_3_5,0.69,0.54,1,1,1,5.647429548294559
12,T_3,C_3_1,0.56,0.46,1,1,,6.287000824088535
33,T_3,C_3_5,0.67,0.53,1,0,-1,3.4207466160554567
14,T_3,C_3_1,0.65,0.56,1,0,1,2.334564946890004
35,T_4,C_4_1,0.54,0.53,1,0,1,0.8500251652373976
27,T_3,C_3_5,0.63,0.53,1,1,-1,4.17271887449693
17,T_3,C_3_4,0.69,0.6,1,1,,7.030307254329647
30,T_4,C_4_4,0.53,0.62,1,1,-1,7.294964242027757
45,T_4,C_4_1,0.59,0.67,1,0,-1,1.0508381321769038
5,T_3,C_3_1,0.73,0.58,0,0,1,-1.3243834990287784
47,T_2,C_2_8,0.63,0.68,1,0,1,0.24454380593576985
41,T_4,C_4_1,0.49,0.54,0,0,-1,-1.5590909458373279
43,T_3,C_3_5,0.67,0.5,1,0,-1,1.2718044442335854
7,T_4,C_4_4,0.5,0.56,0,0,1,-4.526431457320392
37,T_2,C_2_10,0.54,0.63,0,0,-1,-2.080448077819007
3,T_3,C_3_4,0.53,0.46,0,0,-1,-3.3591184379298404
0,T_4,C_4_1,0.53,0.56,0,0,-1,-5.330641983636175
13,T_3,C_3_4,0.53,0.43,0,0,-1,-0.03704605130167593
21,T_4,C_4_1,0.47,0.52,0,0,1,-1.5306776827115494
22,T_4,C_4_4,0.51,0.54,0,0,-1,-5.060099003358423
36,T_3,C_3_5,0.66,0.55,1,1,-1,5.627862260012703
8,T_4,C_4_3,0.53,0.62,1,0,1,2.376658664478864
9,T_3,C_3_1,0.66,0.55,0,0,-1,-6.34538099386667
1,T_3,C_3_5,0.68,0.54,1,0,1,1.927082007450835
24,T_2,C_2_8,0.61,0.65,1,1,1,5.962418501117576
40,T_4,C_4_4,0.55,0.61,0,0,1,-0.37729634055491257
4,T_5,C_5_11,0.57,0.58,1,1,1,4.299417472482391
25,T_4,C_4_4,0.48,0.53,1,0,-1,3.0494727944562605
23,T_2,C_2_5,0.44,0.57,1,1,,7.09452748982724
26,T_4,C_4_1,0.5,0.52,1,0,1,3.5066076155753514
11,T_3,C_3_5,0.69,0.63,0,0,-1,-0.5750435008235657
39,T_5,C_5_8,0.64,0.64,0,0,1,-5.5678540306321995
33,T_3,C_3_1,0.66,0.53,1,0,1,3.874057122425313
20,T_4,C_4_4,0.61,0.66,1,1,1,4.056760064252359
48,T_4,C_4_1,0.55,0.65,1,0,1,1.6413273518629579
27,T_3,C_3_4,0.59,0.53,1,1,,5.09883038310735
15,T_4,C_4_1,0.65,0.74,0,0,-1,-6.995044008754593
38,T_2,C_2_8,0.51,0.6,1,0,-1,1.5758317099539108
6,T_2,C_2_14,0.61,0.68,0,0,1,-0.39110769738796236
18,T_4,C_4_1,0.56,0.61,1,0,-1,2.24190326382639
49,T_4,C_4_4,0.59,0.61,0,0,1,-7.5776679810440655
29,T_3,C_3_4,0.59,0.49,0,0,1,-1.0962684796187663
43,T_3,C_3_1,0.6,0.5,1,0,-1,1.2819635645801322
3,T_3,C_3_9,0.49,0.46,1,0,-1,0.5415215756298455
28,T_5,C_5_1,0.51,0.56,0,0,1,-4.402169588802984
13,T_3,C_3_1,0.52,0.43,0,0,1,-0.9105990353191062
44,T_4,C_4_1,0.62,0.59,0,0,-1,-5.811438526249417
31,T_5,C_5_11,0.57,0.62,0,0,-1,-3.0266549573448183
10,T_5,C_5_1,0.56,0.55,0,0,-1,-4.599645240030335
36,T_3,C_3_1,0.62,0.55,1,1,,6.656806988220971
9,T_3,C_3_5,0.65,0.55,1,0,-1,1.6841891235858775
42,T_4,C_4_1,0.56,0.59,0,0,1,-1.367028866198865
45,T_4,C_4_4,0.55,0.67,0,0,-1,-1.5040197040396581
19,T_3,C_3_5,0.63,0.51,0,0,1,-0.6763345290756044
30,T_4,C_4_1,0.49,0.62,0,0,-1,-0.38005458647702905
46,T_4,C_4_3,0.54,0.57,0,0,1,-2.8904794047620372
2,T_1,C_1_13,0.47,0.58,1,0,1,1.4721737240316832
41,T_4,C_4_4,0.49,0.54,0,0,1,-2.8599145150012886
12,T_4,C_4_1,0.46,0.52,1,1,-1,4.604826571407428
34,T_5,C_5_1,0.59,0.58,1,0,1,2.0078039668658807
0,T_4,C_4_4,0.51,0.56,0,0,-1,-6.263510270270773
14,T_4,C_4_1,0.56,0.57,0,0,-1,-7.524264737511027
16,T_2,C_2_10,0.61,0.63,0,0,1,-5.878334889728055
11,T_3,C_3_4,0.68,0.63,1,0,1,0.9538989370784714
32,T_5,C_5_7,0.55,0.53,1,0,1,2.7081463236606043
22,T_4,C_4_1,0.51,0.54,1,0,-1,2.5105501168020696
17,T_4,C_4_1,0.6,0.66,1,1,1,5.522238285288173
37,T_2,C_2_14,0.52,0.63,1,1,,4.665531459765868
47,T_3,C_3_5,0.68,0.55,0,0,1,-3.121313893630828
5,T_4,C_4_1,0.58,0.67,0,0,-1,-2.7903691245865856
35,T_5,C_5_1,0.53,0.56,1,1,1,7.356064672103599
43,T_3,C_3_4,0.53,0.5,1,0,1,1.0609500741028128
25,T_4,C_4_2,0.45,0.53,1,0,-1,2.2130161898052965
3,T_3,C_3_10,0.47,0.46,0,0,-1,-2.6662394136267684
7,T_5,C_5_8,0.56,0.54,0,0,-1,-1.543583460640507
24,T_3,C_3_5,0.65,0.54,0,0,1,-0.5601032844290712
1,T_4,C_4_1,0.54,0.57,1,0,-1,1.2549848212978203
9,T_3,C_3_4,0.62,0.55,0,0,-1,-6.959635595604389
15,T_4,C_4_3,0.63,0.74,0,0,-1,-6.128276741579652
23,T_3,C_3_5,0.57,0.46,1,0,1,2.9487733409739216
21,T_5,C_5_1,0.52,0.49,0,0,1,-0.14632847520657588
10,T_5,C_5_8,0.52,0.55,0,0,1,-2.7028960986792576
18,T_4,C_4_4,0.52,0.61,0,0,1,-1.7546183392426915
8,T_5,C_5_3,0.62,0.59,1,0,1,3.2422834315116678
31,T_5,C_5_7,0.57,0.62,1,1,,5.4120677624976
38,T_2,C_2_6,0.47,0.6,1,1,,4.597477093483529
33,T_4,C_4_4,0.53,0.55,0,0,1,-6.77281081987809
27,T_4,C_4_1,0.53,0.56,1,0,1,3.8268769478206783
44,T_4,C_4_4,0.59,0.59,0,0,1,-1.7784469989398444
40,T_5,C_5_3,0.61,0.6,1,0,1,3.4504209202560125
6,T_3,C_3_5,0.68,0.52,1,0,1,1.720032216369174
4,T_6,C_6_4,0.58,0.65,1,0,1,3.411926278509131
29,T_4,C_4_1,0.49,0.54,1,0,1,3.0765041149207066
20,T_5,C_5_1,0.66,0.63,1,1,-1,9.354959860477102
26,T_5,C_5_1,0.52,0.53,1,1,-1,10.808296125179726
48,T_5,C_5_8,0.65,0.63,1,1,1,6.474759016893287
45,T_4,C_4_5,0.51,0.67,1,1,,8.19425780783635
39,T_6,C_6_5,0.64,0.71,1,1,1,4.274165479852185
30,T_4,C_4_3,0.47,0.62,0,0,-1,-2.1736303189464525
13,T_4,C_4_1,0.43,0.52,0,0,-1,-1.014214805872446
36,T_4,C_4_1,0.55,0.58,0,0,1,-3.910193533002823
49,T_5,C_5_3,0.61,0.61,0,0,-1,-7.391489261223381
12,T_4,C_4_4,0.43,0.52,0,0,-1,-1.2518956313497078
0,T_4,C_4_5,0.51,0.56,0,0,1,-5.641183562752037
3,T_3,C_3_2,0.46,0.46,0,0,1,-3.7052072833758345
19,T_4,C_4_4,0.51,0.55,0,0,-1,-7.515682160779821
9,T_3,C_3_9,0.57,0.55,0,0,1,-5.789177988623454
28,T_6,C_6_5,0.56,0.61,0,0,-1,-5.804801945258918
14,T_4,C_4_4,0.52,0.57,0,0,-1,-5.010312978303176
22,T_4,C_4_3,0.48,0.54,1,0,-1,3.116994970641504
42,T_5,C_5_1,0.59,0.6,0,0,1,-2.125106601433778
5,T_4,C_4_4,0.56,0.67,1,1,,4.4612693307398015
7,T_5,C_5_1,0.55,0.54,1,0,-1,3.1209138337022284
25,T_4,C_4_5,0.43,0.53,1,1,,5.134383393241441
11,T_4,C_4_1,0.63,0.63,0,0,-1,-0.5135050318759102
46,T_5,C_5_3,0.57,0.57,0,0,1,-0.6860020161943732
16,T_3,C_3_5,0.63,0.5,0,0,-1,-1.8219238988822024
37,T_3,C_3_5,0.63,0.51,0,0,-1,-0.2776853285500325
41,T_5,C_5_7,0.54,0.54,0,0,-1,-3.887609899618598
1,T_4,C_4_3,0.5,0.57,0,0,1,-5.251894047831698
15,T_4,C_4_5,0.59,0.74,0,0,1,-3.350529801354667
34,T_6,C_6_4,0.58,0.69,0,0,-1,-0.4304975438367338
43,T_4,C_4_4,0.5,0.58,1,0,-1,2.7341152528061
47,T_4,C_4_3,0.55,0.63,1,1,-1,4.131178910086726
32,T_6,C_6_4,0.53,0.62,1,1,-1,4.443400094220571
17,T_5,C_5_3,0.66,0.65,0,0,1,-2.495843771746121
20,T_5,C_5_3,0.65,0.63,0,0,-1,-0.5839147543291121
24,T_4,C_4_1,0.54,0.57,1,0,1,0.8553447483546188
26,T_5,C_5_8,0.52,0.53,1,1,,4.887780169242307
35,T_6,C_6_4,0.56,0.67,0,0,-1,-0.6814090629259733
23,T_4,C_4_1,0.46,0.47,1,1,-1,4.1358153500560935
49,T_5,C_5_9,0.6,0.61,1,1,,4.942618105379329
38,T_3,C_3_1,0.6,0.48,0,0,-1,-2.2328464411102056
2,T_2,C_2_18,0.58,0.65,1,1,1,4.110285333813582
6,T_4,C_4_3,0.52,0.59,0,0,1,-2.169555451337689
30,T_4,C_4_5,0.41,0.62,1,0,-1,1.2750348560685123
13,T_4,C_4_4,0.43,0.52,1,0,1,2.1479152849055785
21,T_6,C_6_4,0.49,0.59,1,1,-1,5.149210819883504
18,T_5,C_5_10,0.61,0.59,1,1,1,5.99125851185463
19,T_4,C_4_1,0.49,0.55,1,0,-1,3.544369557473071
10,T_6,C_6_4,0.55,0.64,1,0,-1,1.9113169489201223
12,T_4,C_4_5,0.41,0.52,1,1,,8.4185902727744
33,T_5,C_5_1,0.55,0.58,1,0,1,1.790131342445214
37,T_3,C_3_1,0.59,0.51,1,0,1,2.0754862587746112
16,T_3,C_3_4,0.62,0.5,1,0,1,3.9186449594199457
4,T_7,C_7_8,0.65,0.62,0,0,1,-0.36562690419029753
31,T_6,C_6_4,0.62,0.67,0,0,-1,-1.187586484138543
8,T_6,C_6_4,0.59,0.64,1,0,-1,0.17672578351943447
22,T_4,C_4_5,0.41,0.54,1,1,,4.404430531426443
7,T_5,C_5_3,0.53,0.54,1,1,,6.185998258550113
14,T_4,C_4_3,0.51,0.57,1,1,,4.59421953328499
28,T_6,C_6_4,0.52,0.61,0,0,1,-0.7630994037749756
44,T_5,C_5_1,0.59,0.63,0,0,1,-7.351213581501709
29,T_5,C_5_1,0.54,0.5,0,0,1,-2.615475876583701
27,T_5,C_5_2,0.56,0.57,1,0,1,1.3154076065436615
40,T_6,C_6_4,0.6,0.68,0,0,1,-0.30539886269465644
39,T_7,C_7_8,0.71,0.67,1,0,1,3.9830951772780705
11,T_4,C_4_4,0.57,0.63,0,0,1,-1.0574268791916497
41,T_5,C_5_1,0.54,0.54,1,0,1,1.2779822762764823
45,T_5,C_5_1,0.67,0.63,0,0,1,-0.8795616983765999
9,T_4,C_4_3,0.55,0.59,0,0,-1,-1.8808866125078385
48,T_6,C_6_9,0.63,0.71,0,0,-1,-8.015590214230823
3,T_4,C_4_4,0.46,0.51,0,0,1,-2.1810554829071744
38,T_3,C_3_5,0.59,0.48,0,0,1,-1.94275899600781
36,T_5,C_5_1,0.58,0.57,0,0,1,-0.8855483938272979
20,T_5,C_5_10,0.65,0.63,1,0,1,1.40381609623604
0,T_5,C_5_5,0.56,0.56,0,0,-1,-0.8207962645414293
43,T_4,C_4_1,0.48,0.58,0,0,1,-4.329863157226442
47,T_4,C_4_4,0.54,0.63,0,0,-1,-8.735208036614974
34,T_6,C_6_2,0.55,0.69,0,0,-1,-7.062538313847013
32,T_6,C_6_5,0.53,0.62,0,0,-1,-6.619544019518892
5,T_5,C_5_8,0.67,0.68,0,0,1,-9.436476160038154
42,T_6,C_6_4,0.6,0.65,0,0,-1,-9.75007435319852
25,T_5,C_5_1,0.53,0.53,1,0,-1,1.5097368228752686
23,T_4,C_4_3,0.35,0.47,1,0,1,1.406672148428746
35,T_6,C_6_5,0.56,0.67,1,0,1,2.780213428830156
1,T_5,C_5_3,0.57,0.6,0,0,1,-3.439673630182216
19,T_4,C_4_3,0.4,0.55,0,0,-1,-0.4671395702367458
30,T_4,C_4_2,0.36,0.62,1,1,,4.863327576614817
46,T_6,C_6_4,0.57,0.65,1,0,1,3.391662363014122
21,T_6,C_6_5,0.48,0.59,1,1,,5.023524358988079
15,T_5,C_5_10,0.74,0.73,1,1,1,4.797109636287885
10,T_6,C_6_5,0.54,0.64,1,0,-1,1.7582528537459563
2,T_3,C_3_5,0.65,0.54,1,0,1,2.9875556859899266
17,T_6,C_6_4,0.65,0.73,0,0,-1,-7.441507203281645
24,T_5,C_5_9,0.57,0.57,0,0,1,-3.700626047809973
31,T_6,C_6_5,0.57,0.67,0,0,1,-0.5041631571516052
8,T_6,C_6_2,0.52,0.64,0,0,1,-3.4593771872589714
26,T_6,C_6_4,0.53,0.63,0,0,1,-4.569176847609777
49,T_6,C_6_4,0.61,0.73,0,0,1,-5.675413921736242
13,T_5,C_5_1,0.52,0.5,0,0,-1,-1.7889125080540773
37,T_4,C_4_1,0.51,0.53,0,0,1,-1.2004902910659094
6,T_5,C_5_3,0.59,0.58,0,0,-1,-5.648852831465611
16,T_4,C_4_4,0.5,0.59,0,0,1,-3.9722832536420807
12,T_5,C_5_7,0.52,0.52,1,0,1,2.8271477301026886
18,T_6,C_6_5,0.59,0.67,0,0,-1,-0.5998857627202345
0,T_5,C_5_1,0.56,0.56,0,0,1,-0.7338570545862848
9,T_4,C_4_1,0.55,0.59,0,0,-1,-2.416218951063009
33,T_6,C_6_5,0.58,0.65,0,0,-1,-0.7877775685553816
48,T_6,C_6_5,0.62,0.71,0,0,-1,-7.161833361481804
25,T_5,C_5_7,0.51,0.53,1,0,1,2.666602484418128
47,T_4,C_4_1,0.51,0.63,1,1,,7.275751674899536
28,T_7,C_7_8,0.61,0.54,1,1,1,4.9585754102204
22,T_5,C_5_9,0.54,0.55,1,1,-1,7.895569091497753
14,T_5,C_5_10,0.57,0.58,1,1,1,6.569333350052901
40,T_7,C_7_8,0.68,0.63,1,0,1,0.5913207580714137
4,T_8,C_8_5,0.62,0.62,1,0,-1,1.8704865195313416
7,T_6,C_6_5,0.54,0.65,1,0,1,3.8476753094509695
32,T_6,C_6_2,0.51,0.62,1,0,1,2.466595470854228
38,T_4,C_4_1,0.48,0.54,0,0,-1,-0.6983697767565396
34,T_6,C_6_9,0.54,0.69,1,0,-1,2.3017388244598154
27,T_6,C_6_4,0.57,0.59,0,0,-1,-2.6714833161971985
44,T_6,C_6_4,0.63,0.71,0,0,-1,-6.470158525231813
19,T_4,C_4_5,0.38,0.55,1,0,-1,1.6105454172008904
29,T_6,C_6_4,0.5,0.62,1,0,1,0.01890589494250472
42,T_6,C_6_5,0.57,0.65,0,0,1,-3.848259308137944
11,T_5,C_5_2,0.63,0.66,0,0,-1,-0.8819958263271133
39,T_8,C_8_5,0.67,0.7,1,0,1,1.606550229604255
45,T_6,C_6_9,0.63,0.72,1,0,1,3.47783905646687
3,T_5,C_5_7,0.51,0.52,1,1,1,6.082688894228981
13,T_5,C_5_5,0.51,0.5,1,0,1,3.116629772269316
41,T_6,C_6_4,0.54,0.63,1,1,-1,6.669367132458556
6,T_5,C_5_8,0.56,0.58,1,0,1,0.19201755836328616
17,T_6,C_6_9,0.61,0.73,0,0,1,-0.24878829560178772
36,T_6,C_6_4,0.57,0.62,0,0,-1,-5.995324425406434
10,T_6,C_6_9,0.51,0.64,1,0,-1,0.8224546990510051
43,T_5,C_5_5,0.58,0.57,0,0,-1,-3.6529145591157777
20,T_6,C_6_2,0.63,0.7,0,0,-1,-2.532295740872299
35,T_7,C_7_8,0.67,0.58,0,0,1,-6.450081219857465
23,T_5,C_5_7,0.47,0.49,1,0,1,1.0042733443720437
5,T_6,C_6_9,0.68,0.74,1,0,-1,0.16507083055698546
46,T_7,C_7_8,0.65,0.62,1,1,-1,4.930052849968866
2,T_4,C_4_1,0.54,0.53,1,1,-1,4.476905845310611
22,T_5,C_5_10,0.52,0.55,1,0,-1,2.7893521611024577
9,T_4,C_4_4,0.52,0.59,0,0,-1,-5.3519498202346645
1,T_6,C_6_4,0.6,0.66,0,0,1,-4.858555841460556
21,T_7,C_7_8,0.59,0.53,1,1,1,4.835723931779222
31,T_7,C_7_8,0.67,0.61,1,0,1,3.1080574455854046
30,T_5,C_5_1,0.62,0.58,1,1,-1,7.364314475643406
15,T_6,C_6_9,0.73,0.8,1,0,1,3.408758956815428
26,T_7,C_7_8,0.63,0.53,1,0,1,2.7308513175107847
33,T_6,C_6_4,0.56,0.65,1,0,-1,2.203356188695057
18,T_6,C_6_9,0.57,0.67,1,1,,8.431702831283271
48,T_6,C_6_2,0.58,0.71,1,0,-1,0.5223466248386619
8,T_7,C_7_8,0.64,0.57,1,1,-1,9.754248561340598
24,T_6,C_6_4,0.57,0.65,1,1,-1,4.689879092371083
49,T_7,C_7_8,0.73,0.64,0,0,1,-2.1051507370761886
11,T_5,C_5_9,0.62,0.66,0,0,1,-1.7351958573322217
16,T_5,C_5_1,0.59,0.54,0,0,1,-2.0568484638647795
38,T_4,C_4_4,0.43,0.54,1,0,1,2.6627224998757613
37,T_5,C_5_9,0.53,0.56,0,0,1,-1.633205807581009
19,T_4,C_4_2,0.35,0.55,1,1,,7.226004783889662
34,T_6,C_6_5,0.53,0.69,1,1,,5.939884260619826
27,T_6,C_6_2,0.47,0.59,0,0,-1,-0.005309533888301132
44,T_6,C_6_5,0.59,0.71,0,0,-1,-3.527147371726115
12,T_6,C_6_4,0.52,0.62,1,0,-1,0.8074472228684617
46,T_7,C_7_4,0.58,0.62,0,0,1,-0.5997510522632146
43,T_5,C_5_3,0.55,0.57,0,0,-1,-1.4791916105174643
0,T_6,C_6_4,0.56,0.67,0,0,-1,-2.236313850502272
47,T_5,C_5_3,0.63,0.6,0,0,-1,-0.18811847552929128
7,T_7,C_7_8,0.65,0.56,1,1,-1,4.24451300177541
32,T_7,C_7_8,0.62,0.57,1,0,-1,3.447862542564159
4,T_8,C_8_2,0.56,0.62,1,1,,4.732267127532382
41,T_6,C_6_5,0.54,0.63,1,1,,5.058109824161594
25,T_6,C_6_4,0.53,0.65,0,0,1,-1.297821094225672
22,T_5,C_5_3,0.52,0.55,1,0,-1,3.534813290811378
14,T_6,C_6_5,0.58,0.67,1,0,-1,1.2037117789323601
36,T_6,C_6_5,0.52,0.62,1,0,1,1.5654828372476999
10,T_6,C_6_2,0.49,0.64,1,0,1,3.1138629668373348
29,T_7,C_7_8,0.62,0.54,1,0,1,3.75588680026591
42,T_7,C_7_8,0.65,0.59,1,0,1,3.0153620189248205
20,T_6,C_6_4,0.63,0.7,1,1,,6.450136497690785
30,T_5,C_5_3,0.59,0.58,1,1,,7.465622457730871
2,T_4,C_4_4,0.48,0.53,1,0,-1,1.493907030763331
28,T_8,C_8_4,0.54,0.57,1,0,-1,1.8817943242967652
8,T_7,C_7_2,0.59,0.57,1,1,,5.173816347399418
9,T_4,C_4_5,0.45,0.59,1,0,-1,0.22995366792194671
45,T_7,C_7_8,0.72,0.65,1,0,1,1.8590195822873876
40,T_8,C_8_5,0.63,0.68,1,0,1,2.3194661624025135
5,T_6,C_6_5,0.66,0.74,1,0,-1,3.3257878889498027
39,T_9,C_9_3,0.7,0.53,0,0,-1,-1.335097964459103
13,T_6,C_6_4,0.5,0.57,0,0,-1,-1.7521542629941458
3,T_6,C_6_4,0.52,0.61,0,0,1,-2.9327562696830975
17,T_7,C_7_8,0.73,0.68,0,0,-1,-9.59636615208678
48,T_6,C_6_4,0.56,0.71,0,0,-1,-7.783277156661405
6,T_6,C_6_5,0.58,0.65,0,0,-1,-2.6767598555506966
33,T_6,C_6_2,0.51,0.65,1,0,1,2.9876592572179352
24,T_6,C_6_2,0.53,0.65,1,1,,8.052892526973125
7,T_7,C_7_2,0.57,0.56,1,1,,8.080715238069857
32,T_7,C_7_11,0.56,0.57,1,1,,8.08761699586128
23,T_6,C_6_4,0.49,0.56,1,0,-1,0.8666644998893442
1,T_7,C_7_8,0.66,0.59,0,0,1,-5.0424428616761965
43,T_5,C_5_9,0.52,0.57,0,0,-1,-2.211283832026618
47,T_5,C_5_8,0.63,0.6,1,0,1,3.5911454076279146
35,T_8,C_8_5,0.58,0.61,1,0,1,0.6137820358482333
15,T_7,C_7_8,0.8,0.72,1,0,1,2.950954054355657
27,T_6,C_6_5,0.46,0.59,1,1,,5.5559984432615845
18,T_7,C_7_8,0.67,0.59,1,1,1,4.18972689153746
12,T_6,C_6_2,0.47,0.62,1,1,,5.323732486486719
44,T_6,C_6_2,0.57,0.71,1,0,1,2.857187933098094
22,T_5,C_5_11,0.5,0.55,1,1,,5.117373072688935
0,T_6,C_6_5,0.56,0.67,0,0,1,-0.7237582123974149
21,T_8,C_8_5,0.53,0.56,1,0,-1,3.220505270354196
31,T_8,C_8_5,0.61,0.65,0,0,-1,-1.7999928414052242
26,T_8,C_8_4,0.53,0.6,1,0,1,3.917497846135354
34,T_7,C_7_8,0.69,0.63,1,0,1,2.7562874218407316
19,T_5,C_5_9,0.55,0.55,1,0,1,0.41634381699314904
39,T_9,C_9_16,0.66,0.53,0,0,1,-3.5989430814889003
38,T_5,C_5_1,0.54,0.53,0,0,1,-3.29934140208315
16,T_6,C_6_9,0.54,0.66,0,0,1,-3.621227503924004
11,T_6,C_6_4,0.66,0.71,0,0,1,-2.1516398195661726
49,T_8,C_8_5,0.64,0.71,0,0,-1,-4.080060671295265
14,T_6,C_6_4,0.56,0.67,0,0,1,-2.799328701435214
37,T_6,C_6_4,0.56,0.6,0,0,-1,-1.9286346990330534
2,T_4,C_4_5,0.42,0.53,0,0,1,-2.858243998354994
17,T_7,C_7_4,0.63,0.68,0,0,1,-0.5174117823610658
41,T_7,C_7_8,0.63,0.55,1,0,1,3.1101341761248578
9,T_4,C_4_2,0.45,0.59,0,0,1,-0.5575008572299831
46,T_8,C_8_5,0.62,0.63,0,0,-1,-3.09795785268523
25,T_7,C_7_8,0.65,0.56,0,0,1,-9.667255024632192
36,T_7,C_7_8,0.62,0.55,0,0,1,-7.262649976231668
10,T_7,C_7_8,0.64,0.58,0,0,-1,-7.222761792165434
13,T_6,C_6_2,0.48,0.57,0,0,1,-0.353686538167441
20,T_7,C_7_8,0.7,0.63,1,0,1,3.6572949738199974
4,T_9,C_9_3,0.62,0.51,1,0,1,3.0886148362447354
5,T_6,C_6_4,0.61,0.74,1,0,1,3.5833482842241704
28,T_8,C_8_5,0.51,0.57,1,0,-1,2.0415383100194666
43,T_5,C_5_7,0.52,0.57,0,0,-1,-1.203077319296228
48,T_6,C_6_8,0.53,0.71,0,0,1,-8.104652156768925
6,T_6,C_6_4,0.54,0.65,0,0,1,-1.7241835827406193
30,T_6,C_6_4,0.58,0.63,1,0,1,1.061016717978961
39,T_10,C_10_5,0.53,0.0,0,0,1,-1.4802785242078285
23,T_6,C_6_5,0.46,0.56,0,0,1,-1.118668859059472
42,T_8,C_8_5,0.59,0.61,0,0,1,-0.06306042338979401
29,T_8,C_8_2,0.54,0.59,0,0,-1,-4.5650592037020505
8,T_8,C_8_5,0.57,0.63,1,0,1,0.22955907330875425
3,T_7,C_7_8,0.61,0.53,0,0,1,-1.341149081197694
24,T_7,C_7_8,0.65,0.57,0,0,-1,-7.379110744671144
33,T_7,C_7_8,0.65,0.61,0,0,1,-6.410330570870026
45,T_8,C_8_2,0.65,0.65,0,0,1,-10.858887592648788
40,T_9,C_9_1,0.68,0.56,0,0,1,-7.906526730246131
4,T_10,C_10_1,0.51,0.0,0,0,1,-6.930290817919113
10,T_7,C_7_2,0.57,0.58,0,0,-1,-0.9538625537050818
27,T_7,C_7_8,0.59,0.52,0,0,-1,-0.02964773968430867
12,T_7,C_7_8,0.62,0.52,0,0,-1,-1.2665344338626001
44,T_7,C_7_8,0.71,0.64,1,0,1,1.4865194705660287
47,T_6,C_6_5,0.6,0.7,1,0,1,2.8453583866732375
32,T_8,C_8_3,0.57,0.57,1,0,-1,1.567269860055971
7,T_8,C_8_5,0.56,0.62,1,0,-1,3.743167021277207
21,T_8,C_8_2,0.51,0.56,1,0,1,3.260039008422341
1,T_8,C_8_5,0.59,0.6,1,0,1,2.0728938557710386
31,T_8,C_8_3,0.57,0.65,0,0,-1,-3.0645508669625525
37,T_6,C_6_5,0.51,0.6,1,0,1,2.044547953072878
0,T_7,C_7_8,0.67,0.59,1,0,-1,1.5381225943236965
43,T_5,C_5_1,0.51,0.57,1,0,-1,1.0700157959950651
15,T_8,C_8_5,0.72,0.79,0,0,1,-3.4513098231475405
35,T_9,C_9_12,0.61,0.48,0,0,1,-2.988033591884234
18,T_8,C_8_2,0.59,0.62,0,0,-1,-2.5670485811775636
22,T_6,C_6_4,0.55,0.63,1,0,-1,0.1392683353106383
49,T_8,C_8_2,0.61,0.71,0,0,-1,-3.291340935553637
40,T_10,C_10_1,0.56,0.0,1,0,-1,0.28627728432711574
11,T_7,C_7_8,0.71,0.63,0,0,-1,-1.7840853158542802
16,T_7,C_7_8,0.66,0.62,1,0,-1,1.5339371872577332
24,T_7,C_7_2,0.6,0.57,1,0,-1,2.00032075623092
26,T_9,C_9_3,0.6,0.44,0,0,-1,-0.9996036943402857
14,T_7,C_7_8,0.67,0.58,1,0,1,2.693487094031895
10,T_7,C_7_11,0.56,0.58,1,0,1,2.1701924066765153
38,T_6,C_6_5,0.53,0.61,1,0,-1,1.5383207489225192
19,T_6,C_6_4,0.55,0.58,1,1,-1,6.660591077183865
27,T_7,C_7_3,0.51,0.52,1,1,,6.745608722355504
34,T_8,C_8_5,0.63,0.64,1,0,1,0.6525453478530006
46,T_8,C_8_4,0.57,0.63,1,1,,6.215077228397672
12,T_7,C_7_2,0.47,0.52,1,1,,6.5163756124261365
40,T_10,C_10_5,0.5,0.0,1,1,,4.897363636378122
2,T_5,C_5_1,0.53,0.55,1,0,1,3.9373572428175048
13,T_7,C_7_8,0.57,0.5,1,1,-1,4.574199257722363
9,T_5,C_5_10,0.59,0.6,0,0,1,-4.493548817154063
35,T_10,C_10_3,0.48,0.0,1,0,1,1.0469847970838027
5,T_7,C_7_8,0.74,0.65,1,0,1,1.277441216875339
28,T_8,C_8_2,0.5,0.57,1,0,-1,1.969395485493737
17,T_8,C_8_5,0.68,0.69,0,0,-1,-7.302194341200767
0,T_7,C_7_11,0.54,0.59,0,0,-1,-3.0361687001751525
41,T_8,C_8_3,0.55,0.59,0,0,1,-2.284672973679432
48,T_7,C_7_8,0.71,0.65,0,0,1,-6.883284084790503
30,T_7,C_7_8,0.63,0.61,0,0,-1,-4.962023401029838
6,T_7,C_7_8,0.65,0.6,0,0,-1,-5.318326819833265
23,T_7,C_7_8,0.56,0.47,0,0,1,-1.5411514573318597
25,T_8,C_8_5,0.56,0.59,0,0,-1,-5.813451425283976
29,T_8,C_8_5,0.51,0.59,1,0,1,0.11707983865338356
43,T_5,C_5_8,0.49,0.57,1,0,-1,0.46337336567751475
36,T_8,C_8_2,0.55,0.57,0,0,1,-0.6988782899516099
20,T_8,C_8_5,0.63,0.67,0,0,1,-1.2157439027169623
11,T_7,C_7_11,0.63,0.63,0,0,1,-5.202276993993074
16,T_7,C_7_10,0.52,0.62,1,0,1,3.6461414891625976
24,T_7,C_7_11,0.56,0.57,1,1,,4.5720515991230615
26,T_9,C_9_6,0.55,0.44,1,1,,6.69645207813812
42,T_9,C_9_12,0.61,0.48,1,1,1,6.610827312232247
47,T_7,C_7_8,0.7,0.63,1,0,1,1.9505908013010056
22,T_6,C_6_5,0.53,0.63,1,0,-1,2.970215374679813
32,T_8,C_8_2,0.54,0.57,1,0,1,1.4910131562497737
3,T_8,C_8_5,0.53,0.56,1,0,1,2.173713668195169
45,T_9,C_9_12,0.65,0.56,1,0,1,0.053299845669592116
8,T_9,C_9_1,0.63,0.52,0,0,-1,-1.1111626230424645
13,T_7,C_7_14,0.54,0.5,0,0,-1,-0.7660001732454464
33,T_8,C_8_5,0.61,0.6,0,0,1,-1.6104837757886856
7,T_8,C_8_2,0.55,0.62,0,0,-1,-1.1976465863228545
31,T_8,C_8_2,0.56,0.65,0,0,1,-2.1616103455808875
37,T_7,C_7_8,0.6,0.52,0,0,-1,-1.5906707973537597
0,T_7,C_7_3,0.52,0.59,0,0,-1,-1.459234916317595
44,T_8,C_8_5,0.64,0.68,0,0,1,-3.8068574294580766
18,T_8,C_8_3,0.58,0.62,0,0,-1,-3.4857789980855265
21,T_9,C_9_3,0.56,0.44,0,0,-1,-1.2201095059019536
49,T_8,C_8_3,0.59,0.71,0,0,1,-3.02755222911706
38,T_6,C_6_9,0.5,0.61,0,0,-1,-1.588952195583238
19,T_6,C_6_2,0.47,0.58,1,0,-1,0.7052093215699333
1,T_9,C_9_12,0.6,0.47,1,0,1,2.385098231319965
30,T_7,C_7_13,0.58,0.61,1,0,1,3.7205621708107888
6,T_7,C_7_2,0.56,0.6,1,0,1,2.913595088675913
26,T_10,C_10_1,0.44,0.0,0,0,1,-0.6499411414422891
42,T_10,C_10_2,0.48,0.0,1,0,-1,1.1160558892374963
15,T_9,C_9_3,0.79,0.64,1,0,-1,0.6851328814460564
43,T_5,C_5_4,0.48,0.57,1,0,1,1.9236640150277073
45,T_10,C_10_1,0.56,0.0,0,0,-1,-7.743577933658575
8,T_9,C_9_3,0.62,0.52,0,0,-1,-2.023293342095617
10,T_8,C_8_5,0.58,0.61,1,0,1,0.9635782184427648
34,T_9,C_9_3,0.64,0.55,0,0,1,-2.0311048951259396
13,T_7,C_7_2,0.52,0.5,1,0,1,2.1799754961968785
42,T_10,C_10_4,0.47,0.0,1,1,,5.574096370931736
17,T_8,C_8_2,0.63,0.69,1,0,1,3.8566056744938138
28,T_8,C_8_3,0.5,0.57,1,1,,7.885313808465074
14,T_8,C_8_3,0.58,0.68,1,1,1,5.580050650570351
27,T_8,C_8_2,0.52,0.56,1,1,-1,5.649269151367777
0,T_7,C_7_10,0.51,0.59,1,1,,5.1474660732043205
37,T_7,C_7_11,0.53,0.52,1,1,,5.911365297186433
46,T_9,C_9_3,0.63,0.47,1,1,1,5.6548541884376355
45,T_10,C_10_2,0.54,0.0,1,1,,4.69230052128131
12,T_8,C_8_2,0.52,0.56,1,1,-1,4.805502051893645
2,T_6,C_6_4,0.55,0.61,0,0,-1,-2.8398221641196786
9,T_6,C_6_5,0.6,0.7,1,0,1,1.3965472694014545
1,T_10,C_10_4,0.47,0.0,0,0,1,-6.730971752066339
21,T_9,C_9_15,0.56,0.44,0,0,1,-4.364591983710073
25,T_8,C_8_2,0.55,0.59,0,0,1,-10.006075354233909
22,T_6,C_6_6,0.46,0.63,0,0,-1,-4.478369454197316
5,T_8,C_8_5,0.65,0.68,0,0,1,-6.943445389048599
41,T_9,C_9_3,0.59,0.46,0,0,-1,-1.105575694850752
48,T_8,C_8_5,0.65,0.63,0,0,1,-5.136703716178235
34,T_10,C_10_1,0.55,0.0,0,0,-1,-0.12874271286247918
15,T_9,C_9_12,0.75,0.64,0,0,1,-4.091669196794276
8,T_9,C_9_7,0.59,0.52,1,0,1,0.9444248010398666
29,T_9,C_9_3,0.59,0.48,0,0,1,-1.6271919508925516
23,T_8,C_8_2,0.47,0.48,0,0,-1,-1.72667172581559
20,T_9,C_9_3,0.67,0.62,0,0,1,-3.2003924024349915
36,T_9,C_9_12,0.57,0.46,1,0,-1,0.29929448929103275
38,T_6,C_6_4,0.49,0.61,0,0,1,-4.248664058324747
11,T_8,C_8_5,0.63,0.69,0,0,1,-1.5952182464390425
46,T_10,C_10_3,0.47,0.0,0,0,1,-1.3463608452781912
7,T_8,C_8_4,0.54,0.62,1,0,1,0.996344725013715
24,T_8,C_8_2,0.57,0.62,1,1,-1,5.160983961484188
19,T_6,C_6_5,0.45,0.58,1,1,,7.299961258322701
34,T_10,C_10_2,0.5,0.0,0,0,1,-7.149632222711681
16,T_8,C_8_5,0.62,0.57,0,0,1,-8.93293727150239
32,T_9,C_9_3,0.57,0.48,0,0,1,-2.0049928033875553
18,T_8,C_8_5,0.56,0.62,0,0,-1,-2.225247310280408
21,T_10,C_10_1,0.44,0.0,1,0,-1,2.641824556256248
3,T_9,C_9_3,0.56,0.46,1,0,-1,0.7688389752554885
47,T_8,C_8_5,0.63,0.65,0,0,1,-4.561895991687335
33,T_9,C_9_3,0.6,0.47,0,0,1,-4.6927413656815276
31,T_9,C_9_3,0.65,0.51,1,0,1,1.2183086003074175
15,T_10,C_10_1,0.64,0.0,1,0,-1,0.2105730911412902
8,T_10,C_10_1,0.52,0.0,0,0,-1,-2.0046488972703957
29,T_10,C_10_1,0.48,0.0,0,0,1,-0.43567241920300015
41,T_9,C_9_6,0.54,0.46,0,0,-1,-0.9677766785798947
44,T_9,C_9_3,0.68,0.55,0,0,-1,-5.811419683492858
20,T_10,C_10_1,0.62,0.0,0,0,1,-1.7028712386167588
49,T_9,C_9_3,0.71,0.58,0,0,1,-0.9212179422299931
21,T_10,C_10_2,0.42,0.0,1,0,-1,3.4748704212225014
36,T_9,C_9_15,0.56,0.46,0,0,-1,-1.1593961913015445
15,T_10,C_10_5,0.61,0.0,1,0,-1,2.452500023233858
2,T_6,C_6_2,0.51,0.61,0,0,1,-1.7637670660350695
43,T_6,C_6_4,0.57,0.64,0,0,-1,-4.490298974173486
30,T_8,C_8_5,0.61,0.61,1,0,1,0.7299359713234099
8,T_10,C_10_5,0.48,0.0,1,0,-1,2.8885768733867487
27,T_8,C_8_5,0.49,0.56,1,1,,7.076513381323375
6,T_8,C_8_5,0.6,0.59,1,0,-1,0.24053454534455732
32,T_10,C_10_1,0.48,0.0,1,1,-1,5.10337489313663
22,T_6,C_6_2,0.46,0.63,1,1,,5.175324951331647
10,T_9,C_9_3,0.61,0.46,0,0,1,-2.772012190376137
12,T_8,C_8_5,0.52,0.56,1,0,1,2.2516825576987927
21,T_10,C_10_4,0.4,0.0,1,0,1,3.8261933985236483
33,T_10,C_10_5,0.47,0.0,1,1,-1,5.217703365139051
15,T_10,C_10_2,0.59,0.0,1,1,,8.765609456509619
14,T_9,C_9_3,0.68,0.5,1,1,1,8.426565463277885
17,T_9,C_9_12,0.69,0.57,0,0,1,-0.13264195959812852
31,T_10,C_10_1,0.51,0.0,1,0,1,3.3080897735094945
3,T_9,C_9_7,0.53,0.46,1,0,1,2.6571044923503595
28,T_9,C_9_3,0.57,0.4,1,1,1,4.446194248138491
13,T_8,C_8_2,0.5,0.52,1,0,-1,2.6838515057767336
9,T_7,C_7_8,0.7,0.59,1,0,-1,1.4105175533254681
8,T_10,C_10_4,0.42,0.0,1,0,-1,3.0386359465600044
37,T_8,C_8_4,0.52,0.56,1,1,1,7.40778295791732
49,T_10,C_10_1,0.58,0.0,1,1,-1,5.714377758170866
41,T_9,C_9_17,0.54,0.46,1,1,,9.207085430967405
32,T_10,C_10_5,0.45,0.0,1,1,,8.65445385201994
0,T_8,C_8_5,0.59,0.61,1,1,1,5.761936413846326
44,T_9,C_9_12,0.68,0.55,1,1,,6.331689108836794
23,T_8,C_8_4,0.46,0.48,1,1,,4.427078514197611
25,T_9,C_9_3,0.59,0.47,0,0,1,-7.035998191907717
36,T_9,C_9_6,0.56,0.46,0,0,1,-0.5533373295380968
33,T_10,C_10_1,0.45,0.0,1,0,-1,0.17917904485437397
38,T_7,C_7_8,0.61,0.55,0,0,1,-4.389141546845378
5,T_9,C_9_6,0.68,0.54,0,0,1,-5.58261208147416
48,T_9,C_9_12,0.63,0.51,0,0,1,-8.026573295072774
24,T_8,C_8_5,0.56,0.62,0,0,1,-1.2013137501104971
10,T_10,C_10_4,0.46,0.0,1,0,-1,3.5428104865178196
18,T_8,C_8_6,0.54,0.62,1,1,,5.917140273423165
8,T_10,C_10_2,0.41,0.0,1,1,,5.681759230568897
19,T_7,C_7_8,0.58,0.52,1,0,-1,1.2800981701358611
49,T_10,C_10_2,0.54,0.0,1,0,1,3.032695015269319
11,T_9,C_9_12,0.69,0.56,1,0,1,3.817730895387625
7,T_9,C_9_3,0.62,0.47,1,1,-1,5.005573867105639
14,T_10,C_10_1,0.5,0.0,1,1,1,6.030162301043902
17,T_10,C_10_1,0.57,0.0,0,0,1,-2.399202166831094
3,T_10,C_10_1,0.46,0.0,1,0,-1,1.159729984693635
28,T_10,C_10_5,0.4,0.0,1,0,1,3.3681841083510022
16,T_9,C_9_17,0.57,0.45,0,0,1,-7.6143541625740045
33,T_10,C_10_3,0.44,0.0,1,0,-1,1.48790821132547
43,T_6,C_6_5,0.51,0.64,0,0,1,-5.527659777861764
47,T_9,C_9_3,0.65,0.52,0,0,1,-4.421366846152711
41,T_10,C_10_1,0.46,0.0,1,0,1,0.283293634656951
10,T_10,C_10_2,0.46,0.0,1,0,1,1.6320073687666454
9,T_7,C_7_4,0.6,0.59,0,0,1,-0.9127475073534281
44,T_10,C_10_1,0.55,0.0,0,0,-1,-0.4549720724563491
25,T_10,C_10_1,0.47,0.0,0,0,1,-2.2528486980103546
36,T_10,C_10_4,0.46,0.0,0,0,-1,-4.78507610744915
5,T_10,C_10_3,0.54,0.0,0,0,-1,-4.48251651083207
2,T_7,C_7_8,0.61,0.56,0,0,1,-8.939840009251387
48,T_10,C_10_5,0.51,0.0,0,0,1,-1.85476347427797
6,T_8,C_8_4,0.59,0.59,0,0,-1,-3.58753011198193
3,T_10,C_10_5,0.42,0.0,0,0,1,-1.5526733365763405
22,T_7,C_7_8,0.63,0.54,0,0,1,-2.576858487272471
33,T_10,C_10_4,0.44,0.0,1,0,1,1.9008030454537161
11,T_10,C_10_2,0.56,0.0,0,0,-1,-7.471389119897244
30,T_9,C_9_7,0.61,0.52,0,0,1,-3.2042762536094447
27,T_9,C_9_6,0.56,0.47,0,0,1,-5.216903832135744
44,T_10,C_10_2,0.53,0.0,0,0,-1,-1.2154142737328497
19,T_7,C_7_2,0.56,0.52,1,0,1,2.360990693642531
16,T_10,C_10_1,0.45,0.0,1,0,1,1.404351680064476
36,T_10,C_10_2,0.45,0.0,1,0,-1,2.7378954511082347
7,T_9,C_9_15,0.57,0.47,1,0,1,0.32613328933630337
5,T_10,C_10_1,0.52,0.0,1,0,1,0.21166721884701412
12,T_9,C_9_1,0.56,0.47,0,0,-1,-2.2020004854727877
13,T_8,C_8_5,0.49,0.52,1,0,1,0.811254300977883
47,T_10,C_10_1,0.52,0.0,1,1,1,5.5860597302039805
11,T_10,C_10_1,0.55,0.0,0,0,-1,-4.257984544561099
44,T_10,C_10_4,0.51,0.0,0,0,-1,-2.4228473712846683
36,T_10,C_10_1,0.43,0.0,0,0,1,-0.9565913519239628
37,T_9,C_9_3,0.56,0.43,1,0,-1,1.786096206242496
0,T_9,C_9_3,0.61,0.47,0,0,1,-4.2377068735944485
30,T_10,C_10_1,0.52,0.0,1,0,1,2.2973212786566304
27,T_10,C_10_2,0.47,0.0,1,1,-1,4.3499307504617155
11,T_10,C_10_4,0.52,0.0,1,1,,5.093162118114109
23,T_9,C_9_3,0.48,0.36,1,0,-1,2.5239685019864924
44,T_10,C_10_5,0.5,0.0,0,0,-1,-0.1660722845994167
38,T_8,C_8_4,0.55,0.53,0,0,1,-4.101205060825851
7,T_10,C_10_1,0.47,0.0,1,0,1,1.9154742258519672
24,T_9,C_9_1,0.62,0.55,0,0,1,-0.6803910275848155
18,T_9,C_9_3,0.62,0.51,1,0,1,1.864576964859309
27,T_10,C_10_1,0.44,0.0,1,1,,4.739710287922156
44,T_10,C_10_3,0.48,0.0,1,0,1,3.3605968669122825
12,T_9,C_9_3,0.56,0.47,0,0,1,-3.624985128765632
43,T_7,C_7_8,0.64,0.59,0,0,1,-9.314953549156048
0,T_10,C_10_2,0.47,0.0,0,0,1,-6.242802720398781
37,T_9,C_9_1,0.53,0.43,0,0,-1,-4.882765993303902
24,T_10,C_10_1,0.55,0.0,0,0,1,-2.7525416188169354
18,T_10,C_10_1,0.51,0.0,0,0,-1,-0.7009692917728989
23,T_9,C_9_6,0.46,0.36,1,0,-1,0.33351708139277303
6,T_8,C_8_6,0.56,0.59,0,0,1,-0.7527327192238342
18,T_10,C_10_5,0.48,0.0,1,1,,4.6395586408705345
12,T_10,C_10_1,0.47,0.0,1,0,1,1.4121668353586303
9,T_8,C_8_5,0.59,0.66,0,0,-1,-6.657514115825616
2,T_8,C_8_5,0.56,0.59,0,0,-1,-1.667728503834324
37,T_9,C_9_12,0.53,0.43,1,1,,6.874384330107641
22,T_8,C_8_3,0.54,0.65,1,1,-1,5.752146978059919
23,T_9,C_9_1,0.45,0.36,1,1,,6.966137216813834
19,T_8,C_8_5,0.52,0.59,1,1,-1,4.738236085686939
13,T_9,C_9_7,0.52,0.44,1,0,1,3.396859261989701
37,T_10,C_10_1,0.43,0.0,1,1,1,5.275239794695264
23,T_10,C_10_1,0.36,0.0,1,0,-1,2.419372198253785
38,T_9,C_9_3,0.53,0.4,0,0,1,-3.5987410883129627
23,T_10,C_10_4,0.35,0.0,1,0,-1,2.4560972988922583
13,T_10,C_10_1,0.44,0.0,0,0,-1,-1.829362766008816
23,T_10,C_10_2,0.32,0.0,1,0,-1,2.5660387598613825
13,T_10,C_10_5,0.41,0.0,1,0,1,1.8753292650040412
23,T_10,C_10_5,0.32,0.0,1,1,,5.232278622330121
43,T_8,C_8_5,0.59,0.59,0,0,-1,-4.988015286924678
38,T_10,C_10_4,0.4,0.0,0,0,1,-1.5488607405189994
9,T_8,C_8_4,0.59,0.66,0,0,1,-3.5887375022831973
2,T_8,C_8_2,0.54,0.59,0,0,-1,-1.7759314477467871
6,T_9,C_9_3,0.59,0.48,0,0,1,-0.16076430254087137
22,T_8,C_8_5,0.53,0.65,1,0,1,3.70441716383295
19,T_8,C_8_2,0.49,0.59,0,0,1,-5.175504254290436
6,T_10,C_10_5,0.48,0.0,0,0,1,-7.296482186061144
43,T_8,C_8_4,0.57,0.59,0,0,-1,-7.389311455430864
2,T_8,C_8_3,0.49,0.59,0,0,-1,-0.10160699507680437
9,T_9,C_9_3,0.66,0.5,0,0,-1,-0.6501657352982013
22,T_9,C_9_3,0.65,0.48,1,1,-1,7.206599769591948
19,T_9,C_9_3,0.59,0.47,1,1,-1,6.098513317066702
9,T_9,C_9_12,0.62,0.5,1,1,,5.125350184594258
22,T_9,C_9_1,0.58,0.48,1,1,,7.362654259829345
43,T_8,C_8_3,0.53,0.59,1,1,,6.069655304761451
9,T_10,C_10_1,0.5,0.0,1,1,-1,6.433396161605653
19,T_9,C_9_15,0.56,0.47,1,1,,6.165475576443763
2,T_8,C_8_4,0.46,0.59,1,1,,8.579305046716394
9,T_10,C_10_4,0.46,0.0,1,1,,6.522675645399818
22,T_10,C_10_1,0.48,0.0,1,1,1,8.584006749777608
19,T_10,C_10_1,0.47,0.0,1,0,-1,3.5225089780272683
19,T_10,C_10_2,0.45,0.0,1,0,1,3.5772838775184495
43,T_9,C_9_3,0.59,0.46,0,0,-1,-0.9521390034163173
43,T_9,C_9_1,0.58,0.46,1,0,1,3.982564940740535
2,T_9,C_9_1,0.59,0.48,1,1,-1,5.750502277555159
43,T_10,C_10_1,0.46,0.0,1,0,1,0.42651979280280994
2,T_9,C_9_12,0.57,0.48,0,0,-1,-1.5766738054881224
2,T_9,C_9_3,0.55,0.48,1,0,1,3.1172786790994396
2,T_10,C_10_1,0.48,0.0,0,0,1,-0.23807405078712018
