student_number,topic,arm_pulled,pay-off,pay-off_next_topic,actual_decision,skip_decision,skip_enabled,reward,confidence_score,expected_reward
2,T_1,C_1_9,0.0,0.0,0,0,False,-1,-10.0,0.5089723366565276
0,T_1,C_1_9,0.0,0.0,0,0,False,-1,-10.0,0.6151679085726188
1,T_1,C_1_9,0.0,0.0,1,0,False,-1,22.944101806377255,0.6049150201646831
18,T_1,C_1_9,0.0,0.0,1,0,False,1,21.34430140717565,0.5961499795912522
23,T_1,C_1_9,0.0,0.0,1,0,False,1,12.357275459071865,0.5349256013935346
34,T_1,C_1_9,0.0,0.0,1,0,False,-1,26.092804401187628,0.633012374202388
10,T_1,C_1_9,0.0,0.0,1,0,False,-1,18.953120658006,0.6165311861858549
3,T_1,C_1_9,0.0,0.0,1,0,False,1,17.38721557883234,0.5738116623378129
16,T_1,C_1_9,0.0,0.0,1,0,False,1,20.225538932125758,0.6156040982090418
35,T_1,C_1_9,0.0,0.0,1,0,False,-1,24.712841495493535,0.5280058373012866
20,T_1,C_1_9,0.0,0.0,0,0,False,1,-20.231105547838624,0.6953644694473742
19,T_1,C_1_9,0.0,0.0,1,0,False,1,19.086719860398823,0.5847942160901611
46,T_1,C_1_9,0.0,0.0,1,0,False,1,20.646041894297127,0.5640235548432538
36,T_1,C_1_9,0.0,0.0,1,0,False,-1,22.996989052821547,0.5264566513062882
41,T_1,C_1_9,0.0,0.0,0,0,False,-1,-20.848635428316708,0.5995306128768243
12,T_1,C_1_9,0.0,0.0,0,0,False,1,-11.918356543854557,0.5416597051811272
26,T_1,C_1_9,0.0,0.0,0,0,False,-1,-19.175328655408343,0.6011195064491344
4,T_1,C_1_9,0.0,0.0,0,0,False,1,-12.77493024903384,0.554087803030346
47,T_1,C_1_9,0.0,0.0,0,0,False,1,-21.1872808466434,0.6768235815816119
8,T_1,C_1_9,0.0,0.0,0,0,False,-1,-15.567758934292803,0.6750868535434721
48,T_1,C_1_9,0.0,0.0,0,0,False,1,-19.637811064082108,0.6423004798720569
9,T_1,C_1_9,0.0,0.0,0,0,False,-1,-19.57313444716668,0.6360490259534592
38,T_1,C_1_9,0.0,0.0,1,0,False,1,12.316132933623207,0.5762362061880801
37,T_1,C_1_9,0.0,0.0,1,0,False,1,16.91056633322559,0.6013126627914782
24,T_1,C_1_9,0.0,0.0,1,0,False,1,24.885715438593387,0.619263042039788
28,T_1,C_1_9,0.0,0.0,1,0,False,-1,6.645158778553624,0.5893403087169302
17,T_1,C_1_9,0.0,0.0,1,0,False,-1,37.253508679150045,0.6367737618472645
29,T_1,C_1_9,0.0,0.0,1,0,False,-1,12.312156790482055,0.6234450284310518
13,T_1,C_1_9,0.0,0.0,1,0,False,1,16.959274086704717,0.6126782747835906
31,T_1,C_1_9,0.0,0.0,1,0,False,1,29.64317070698305,0.5691101002541881
27,T_1,C_1_9,0.0,0.0,1,0,False,1,23.663051422688817,0.5293591816116339
30,T_1,C_1_9,0.0,0.0,1,0,False,1,26.29525818213215,0.5934110484911173
44,T_1,C_1_9,0.0,0.0,1,0,False,1,33.06662995151584,0.6316160136333491
21,T_1,C_1_9,0.0,0.0,1,0,False,-1,17.76046692964706,0.5176057977412832
39,T_1,C_1_9,0.0,0.0,0,0,False,1,-13.47622009108569,0.6681188917895429
33,T_1,C_1_9,0.0,0.0,1,0,False,-1,20.061568957006244,0.6098961522245595
45,T_1,C_1_9,0.0,0.0,1,0,False,1,33.39366772487569,0.6510078027268185
40,T_1,C_1_9,0.0,0.0,1,0,False,-1,33.251241250948645,0.6085071951067886
22,T_1,C_1_9,0.0,0.0,0,0,False,-1,-13.387926440292034,0.5981406319554134
7,T_1,C_1_9,0.0,0.0,1,0,False,-1,16.679245223143283,0.6225251922516357
14,T_1,C_1_9,0.0,0.0,1,0,False,1,17.049731343165952,0.5785994692239914
11,T_1,C_1_9,0.0,0.0,1,0,False,-1,0.18151800415240338,0.6115721022720563
5,T_1,C_1_9,0.0,0.0,1,0,False,1,21.61866925492084,0.6252845639673232
6,T_1,C_1_9,0.0,0.0,0,0,False,-1,-16.910783229191935,0.6258590084373679
43,T_1,C_1_9,0.0,0.0,1,0,False,-1,30.011916524037026,0.6219324081053004
49,T_1,C_1_9,0.0,0.0,1,0,False,1,1.1407529452381873,0.6559007091516372
42,T_1,C_1_9,0.0,0.0,0,0,False,-1,-8.146660335237529,0.5746839334919355
15,T_1,C_1_9,0.0,0.0,1,0,False,1,32.84264286663864,0.741496968392005
25,T_1,C_1_9,0.0,0.0,1,0,False,1,0.7003163787969946,0.5583363631301561
32,T_1,C_1_9,0.0,0.0,0,0,False,1,-29.529565982423264,0.5821314092608887
2,T_1,C_1_13,0.0,0.0,0,0,True,-1,-38.32874265948547,0.4447127351843141
10,T_1,C_1_13,0.0,0.0,0,0,True,1,-16.78438872962498,0.5717824479601892
36,T_1,C_1_13,0.0,0.0,0,0,True,-1,-23.466867364306587,0.4884753717073754
34,T_1,C_1_13,0.0,0.0,0,0,True,1,-23.417433878520264,0.5810590081430242
35,T_1,C_1_13,0.0,0.0,0,0,True,1,-33.323737593314235,0.5252699376763026
1,T_1,C_1_13,0.0,0.0,1,0,True,-1,27.916422628867977,0.5243469150057078
0,T_1,C_1_13,0.0,0.0,0,0,True,-1,-20.337296481234112,0.5723871720348384
41,T_1,C_1_13,0.0,0.0,0,0,True,1,-48.71316882189252,0.5585528413113618
26,T_1,C_1_13,0.0,0.0,0,0,True,1,-19.14459185876606,0.5459409037558063
8,T_1,C_1_13,0.0,0.0,1,0,True,-1,0.20801201855084805,0.5409185200268238
9,T_1,C_1_13,0.0,0.0,0,0,True,-1,-4.453762394686981,0.5691531021260211
23,T_2,C_2_6,0.0,0.0,1,0,False,1,2.4389383222228185,0.4887368338659406
3,T_2,C_2_6,0.0,0.0,1,0,False,-1,16.981104843660408,0.5584270067780204
18,T_2,C_2_6,0.0,0.0,1,0,False,1,4.8152235995510715,0.5855482386624324
28,T_1,C_1_13,0.0,0.85,1,0,True,1,3.7853624551593423,0.5320598258753773
17,T_1,C_1_13,0.0,0.0,1,0,True,-1,63.77774357457939,0.5891069549391388
20,T_2,C_2_6,0.0,0.0,0,0,False,1,-15.862936795206787,0.6549103193820487
29,T_1,C_1_13,0.0,0.3,0,0,True,-1,-22.29527644715357,0.5330509892019055
19,T_2,C_2_6,0.0,0.0,1,0,False,1,11.24087378758823,0.5503417654573727
21,T_1,C_1_13,0.0,0.01,0,0,True,-1,-7.510851685525375,0.5113335547967341
22,T_1,C_1_13,0.0,0.39,1,0,True,1,4.419714887920991,0.5492648950934248
7,T_1,C_1_13,0.0,0.26,1,0,True,-1,17.84795560433137,0.5790171657350768
12,T_2,C_2_6,0.0,0.0,1,0,False,-1,11.704697177365091,0.56550380980332
33,T_1,C_1_13,0.0,0.1,1,0,True,1,11.562839303262438,0.5686489715154599
40,T_1,C_1_13,0.0,0.09,1,0,True,1,46.55269094205491,0.5261688954372208
16,T_2,C_2_6,0.0,0.0,1,0,False,1,28.30502739065304,0.6173819733678287
46,T_2,C_2_6,0.0,0.0,1,0,False,-1,58.153625521494156,0.6149874147375524
4,T_2,C_2_6,0.0,0.0,1,0,False,-1,39.4470834654194,0.617547727674024
11,T_1,C_1_13,0.0,0.38,0,0,True,1,-50.38161484782213,0.6046296929408689
6,T_1,C_1_13,0.0,0.28,0,0,True,1,-32.341437619500184,0.5451609462188468
47,T_2,C_2_6,0.0,0.0,1,0,False,1,30.0887075410044,0.6492601144869325
38,T_2,C_2_6,0.0,0.0,0,0,False,-1,-24.196321340430416,0.5402706866043535
42,T_1,C_1_13,0.0,0.82,0,0,True,-1,-34.96061113035002,0.5644660457890855
2,T_1,C_1_12,0.0,0.0,0,0,True,-1,-28.06318563862814,0.4933747368199767
48,T_2,C_2_6,0.0,0.0,0,0,False,-1,-52.4184122806263,0.6400468132968865
3,T_2,C_2_5,0.0,0.0,0,0,True,1,-47.29167777553842,0.550229845705779
24,T_2,C_2_6,0.0,0.0,0,0,False,1,-12.627884561774746,0.592443807668129
37,T_2,C_2_6,0.0,0.0,1,0,False,1,20.817739521542975,0.5613380996621412
36,T_1,C_1_12,0.0,0.56,0,0,True,-1,-30.92535030097782,0.47522002435506683
13,T_2,C_2_6,0.8,0.0,0,0,False,1,-48.94755196610271,0.5247293107526725
43,T_1,C_1_13,0.0,0.0,1,0,True,-1,20.49387163098715,0.5165425797038007
31,T_2,C_2_6,0.06,0.0,0,0,False,1,-10.719036884653175,0.6439337086677435
30,T_2,C_2_5,0.0,0.0,1,0,False,1,30.12234008565521,0.586085091056297
44,T_2,C_2_6,0.39,0.0,0,0,False,1,-19.25999383223386,0.6723659185875844
1,T_1,C_1_12,0.0,0.87,1,0,True,1,7.637074275312193,0.4903047793720791
27,T_2,C_2_6,0.65,0.0,0,0,False,1,-7.5067920900412854,0.55515070691278
0,T_1,C_1_12,0.0,0.89,0,0,True,-1,-19.71137924600459,0.5227399956896047
8,T_1,C_1_12,0.0,0.92,0,0,True,-1,-17.925140713894507,0.5456554872442257
14,T_2,C_2_6,0.48,0.0,0,0,False,-1,-29.74250554598271,0.6063636094969698
45,T_2,C_2_6,0.49,0.0,0,0,False,1,-16.213210765001513,0.6627116928306738
9,T_1,C_1_12,0.0,0.93,0,0,True,1,-7.329404726575176,0.528046107572222
23,T_3,C_3_4,0.0,0.0,0,0,False,-1,-17.706856551467155,0.587932241098266
39,T_2,C_2_6,0.2,0.0,0,0,False,1,-12.2601194265843,0.664316914484176
12,T_2,C_2_5,0.0,0.0,0,0,True,1,-58.82425823603972,0.5261397525845648
18,T_3,C_3_4,0.0,0.0,0,0,False,1,-14.955232251841165,0.6509265666595209
5,T_2,C_2_6,0.08,0.0,1,0,False,1,4.231300960169773,0.6722556210415978
19,T_3,C_3_4,0.0,0.0,0,0,False,1,-8.466337388742463,0.5732928156114394
46,T_2,C_2_5,0.0,0.0,1,0,True,1,14.298208065802985,0.5808345854724897
15,T_2,C_2_6,0.46,0.0,0,0,False,1,-11.76088449318069,0.7409587929135939
20,T_3,C_3_4,0.0,0.0,0,0,False,-1,-15.018597741819526,0.6740421217193588
17,T_1,C_1_12,0.0,0.99,1,0,True,-1,4.360935338530269,0.5872642417746716
49,T_2,C_2_6,0.03,0.0,0,0,False,-1,-21.195428297833367,0.6852012154716248
4,T_2,C_2_5,0.0,0.0,0,0,True,1,-37.44123489869082,0.5741266734190305
10,T_2,C_2_6,0.69,0.0,0,0,False,-1,-23.269884037403408,0.5948231788814166
32,T_2,C_2_6,0.49,0.0,0,0,False,1,-68.80791273384395,0.5574561034585072
21,T_1,C_1_12,0.0,0.89,0,0,True,1,-20.663148994556277,0.5000225227637809
35,T_2,C_2_5,0.0,0.06,0,0,False,1,-30.112516083163847,0.5568132142027953
25,T_2,C_2_5,0.0,0.06,1,0,False,-1,2.936525182333111,0.5466811691502064
16,T_3,C_3_4,0.0,0.0,0,0,False,1,-26.303159136792146,0.6808004243993042
34,T_2,C_2_5,0.93,0.66,0,0,False,1,-38.26258204030883,0.6231511365392244
29,T_1,C_1_12,0.0,0.92,0,0,True,1,-33.72648909548262,0.5219294826429406
38,T_2,C_2_5,0.0,0.07,0,0,True,1,-13.92023157442365,0.5364213924781045
7,T_1,C_1_12,0.0,0.96,1,0,True,1,10.500489146297053,0.5343064900880834
48,T_2,C_2_5,0.94,0.0,0,0,True,1,-11.201312655504736,0.6172733239264183
23,T_3,C_3_5,0.0,0.0,1,0,True,-1,7.143933309885126,0.504120364939709
41,T_2,C_2_5,0.89,0.04,0,0,False,-1,-50.8312585043185,0.5717801662779468
26,T_2,C_2_5,0.85,0.0,0,0,False,-1,-34.29666730934994,0.5576217546867017
2,T_1,C_1_2,0.0,0.94,1,0,True,1,9.199148811400708,0.45443513043454664
3,T_3,C_3_4,0.04,0.0,0,0,False,1,-32.760955113585624,0.6097604582851279
28,T_2,C_2_5,0.85,0.2,0,0,False,1,-12.196296602826495,0.548736289092838
42,T_1,C_1_12,0.0,0.83,0,0,True,-1,-16.185610939424887,0.5643528022406741
24,T_3,C_3_5,0.0,0.0,0,0,False,1,-20.2123250979289,0.5702369858624726
47,T_3,C_3_4,0.47,0.0,0,0,False,1,-22.608002179225558,0.6918177297125346
13,T_3,C_3_5,0.0,0.0,0,0,False,-1,-12.896482461117854,0.5312222288454093
31,T_3,C_3_4,0.22,0.0,0,0,False,1,-26.96142908033492,0.6628019119822708
30,T_3,C_3_4,0.08,0.0,0,0,False,1,-28.814631927310035,0.596908911149105
20,T_3,C_3_5,0.0,0.0,0,0,True,1,-45.22218076826171,0.6645520694653123
37,T_3,C_3_5,0.0,0.0,1,0,False,1,0.7662017160993473,0.5857817762690489
44,T_3,C_3_4,0.11,0.0,1,0,False,1,6.755623623399446,0.7192110898526236
43,T_1,C_1_2,0.0,0.36,0,0,True,1,-5.532313539042937,0.4411601578922474
14,T_2,C_2_5,0.91,0.51,1,0,True,-1,4.368412255726251,0.5374330369621516
27,T_3,C_3_5,0.0,0.0,1,0,False,1,15.634842095868352,0.5633755028108818
0,T_1,C_1_2,0.0,0.37,0,0,True,-1,-26.276418816417618,0.4802199709314706
36,T_1,C_1_2,0.0,0.45,0,0,True,1,-10.438652858970842,0.527308616284747
22,T_2,C_2_5,0.93,0.32,0,0,False,1,-9.779434885367156,0.5576380161863788
8,T_1,C_1_2,0.0,0.77,0,0,True,1,-34.84173765153974,0.4931763056142836
12,T_3,C_3_4,0.31,0.0,0,0,False,-1,-33.48973855973961,0.5643435436819535
45,T_3,C_3_4,0.12,0.0,0,0,False,1,-27.170833966100016,0.6958691170853646
5,T_3,C_3_4,0.52,0.0,0,0,False,1,-42.855462941365055,0.7123291376452425
11,T_2,C_2_5,1.06,0.29,0,0,False,-1,-25.002989443131824,0.6651852958105
23,T_3,C_3_1,0.0,0.0,1,0,True,1,1.437269695650395,0.41711601630564066
33,T_2,C_2_5,0.97,0.86,0,0,False,-1,-21.040646575402747,0.6135167459158224
49,T_2,C_2_5,1.06,0.8,0,0,True,-1,-36.563994593023885,0.6361744412482394
18,T_4,C_4_1,0.0,0.0,0,0,False,1,-56.39395054016046,0.5332849850240362
39,T_3,C_3_4,0.89,0.0,0,0,False,1,-42.110312921496934,0.7264860499432886
19,T_4,C_4_1,0.0,0.0,0,0,False,-1,-5.289104725182501,0.4357298569459765
10,T_2,C_2_5,0.94,0.8,0,0,True,-1,-9.94041855529976,0.5981770464348559
6,T_2,C_2_5,0.97,0.72,0,0,False,1,-16.617851446401872,0.5932387024253789
40,T_2,C_2_5,1.04,0.6,0,0,False,-1,-24.433201457266115,0.6320632689072566
15,T_3,C_3_4,0.56,0.0,0,0,False,1,-53.10509858800256,0.7601847354834788
46,T_3,C_3_4,0.96,0.0,0,0,False,-1,-44.901358799172215,0.6527078827370201
25,T_2,C_2_2,0.0,0.74,0,0,True,-1,-58.359655550708645,0.534716371277993
4,T_3,C_3_4,1.21,0.0,0,0,False,-1,-57.36984729043026,0.630834849951597
16,T_4,C_4_1,0.0,0.0,0,0,False,-1,-12.85791158215944,0.4986019598163143
13,T_3,C_3_1,0.0,0.0,0,0,True,-1,-33.716269628999186,0.44081045350245357
32,T_3,C_3_4,0.29,0.0,0,0,False,-1,-38.99107939908002,0.6384526615772588
35,T_3,C_3_4,1.0,0.0,0,0,False,1,-17.43290309306736,0.6534822997862226
17,T_1,C_1_2,0.0,0.66,0,0,True,1,-55.696199820971266,0.5636588412170859
41,T_2,C_2_6,0.73,0.32,0,0,True,1,-27.944453812826723,0.570819089313028
34,T_3,C_3_4,0.92,0.0,1,0,False,1,31.959667729535262,0.65076547068177
1,T_2,C_2_6,0.34,0.57,0,0,False,1,-10.615472089589115,0.6236244657741645
9,T_2,C_2_5,0.34,0.88,0,0,False,-1,-44.77721180941507,0.5798805269105896
38,T_3,C_3_4,0.52,0.0,1,0,False,-1,8.441763659560406,0.6431592568424699
12,T_3,C_3_5,0.36,0.12,0,0,True,-1,-16.88108544443056,0.4915236209014617
26,T_2,C_2_6,0.4,0.21,1,0,True,1,24.772711207796128,0.5718690705906836
48,T_3,C_3_4,0.87,0.0,1,0,False,1,0.3983608817826436,0.7298366383693402
28,T_3,C_3_1,0.85,0.22,1,0,False,1,19.58922707348492,0.5198185571732519
14,T_2,C_2_2,0.0,0.89,1,0,True,-1,6.501225136055877,0.5495031008618063
3,T_4,C_4_1,0.0,0.0,1,0,False,-1,5.534657159528773,0.4837760427912957
31,T_4,C_4_1,0.0,0.0,1,0,False,-1,22.07673784006547,0.5698128708965764
20,T_4,C_4_1,0.0,0.0,0,0,False,-1,-27.608228583992968,0.6013642735243179
42,T_1,C_1_2,0.79,0.61,1,0,True,-1,60.290886050264575,0.5419116868273687
47,T_4,C_4_1,0.0,0.0,1,0,False,1,10.304320578876176,0.550635688489675
24,T_4,C_4_1,0.0,0.0,1,0,False,-1,18.404903214742447,0.5163965944168871
30,T_4,C_4_1,0.0,0.0,1,0,False,1,14.378332218154483,0.48117989667340116
27,T_4,C_4_1,0.0,0.0,0,0,False,-1,-8.129654627767737,0.4305574128396533
22,T_3,C_3_5,0.82,0.0,1,0,False,-1,31.456462459861314,0.5551328722265433
44,T_4,C_4_1,0.0,0.0,0,0,False,-1,-22.832211431434693,0.6172400935493239
11,T_2,C_2_6,0.95,1.07,1,0,True,1,29.308051396370793,0.6852872431444276
21,T_2,C_2_5,0.82,0.68,0,0,False,1,-15.874946474169775,0.47791476978685893
4,T_3,C_3_5,1.03,0.0,1,0,True,1,19.49567814613583,0.5861075521244288
37,T_4,C_4_1,0.0,0.0,1,0,False,1,21.689944785259677,0.4906107226996582
46,T_3,C_3_5,0.94,0.0,0,0,True,-1,-7.614669957605814,0.6132733248141327
13,T_3,C_3_4,0.31,0.0,1,0,True,-1,21.770187950057405,0.5935766818942543
33,T_2,C_2_6,0.06,0.29,0,0,True,1,-15.488324320715845,0.6044256146293314
32,T_3,C_3_5,0.35,0.1,0,0,True,-1,-25.723217937737118,0.5462706899490164
7,T_2,C_2_5,0.59,0.3,0,0,False,-1,-12.98715772641857,0.5533968019920048
0,T_1,C_1_3,0.0,0.48,0,0,True,-1,-17.10620534546615,0.48920864662779806
49,T_2,C_2_2,0.0,0.8,1,0,True,1,30.96593352706076,0.6411302437243673
29,T_2,C_2_6,0.37,0.11,0,0,False,1,-14.711141797532143,0.5434599712797268
23,T_4,C_4_1,0.14,0.0,1,0,False,1,7.805605766708554,0.4103677044566655
45,T_4,C_4_1,0.22,0.0,1,0,False,1,5.1265837572492305,0.5930371659041385
40,T_2,C_2_6,0.04,0.32,1,0,True,-1,22.862385427725506,0.6493507159751785
19,T_4,C_4_4,0.0,0.0,1,0,True,1,31.504022264458712,0.4581826592406842
10,T_2,C_2_2,0.0,0.52,1,0,True,1,25.671707461623793,0.5828376468820629
16,T_4,C_4_4,0.0,0.0,0,0,True,-1,-29.76353975530528,0.4831210104386725
38,T_3,C_3_1,0.09,0.0,1,0,True,-1,4.9783078803338325,0.5082661586675903
2,T_2,C_2_5,0.04,0.35,1,0,False,1,17.937330533137462,0.5571572777361009
5,T_4,C_4_1,0.57,0.0,1,0,False,-1,0.011843657608240576,0.566159149992899
15,T_4,C_4_4,0.0,0.0,0,0,False,-1,-47.905069980665196,0.6598721918056998
25,T_2,C_2_14,0.0,0.53,1,0,True,1,14.59683440795349,0.4973802994335633
6,T_3,C_3_1,0.33,0.11,0,0,False,1,-36.66841763710812,0.5975502151508894
39,T_4,C_4_4,0.0,0.0,0,0,False,-1,-0.7680688697916889,0.5744155229189953
12,T_3,C_3_10,0.0,0.0,0,0,True,-1,-21.693656240923247,0.4514021044533256
18,T_5,C_5_5,0.0,0.0,0,0,False,-1,-51.05549014873241,0.5329826312837034
36,T_2,C_2_6,0.53,0.69,1,0,False,1,2.8045350683955252,0.5689745384755058
43,T_2,C_2_6,0.43,0.29,0,0,False,-1,-15.889377126342218,0.6206035764568838
9,T_2,C_2_14,0.0,0.7,1,0,True,1,0.6528167113125347,0.5258190476729229
22,T_3,C_3_1,0.43,0.0,1,0,True,1,23.41559961156399,0.5587452166490783
35,T_4,C_4_4,0.0,0.0,0,0,False,1,-1.8650415096609958,0.4607155456550269
34,T_4,C_4_4,0.0,0.0,1,0,False,-1,28.131792433092052,0.5230060752505395
41,T_3,C_3_1,0.19,0.0,0,0,False,1,-9.58289392138185,0.5214827398821641
46,T_3,C_3_1,0.5,0.0,0,0,True,1,-16.47339639163819,0.619294741361371
3,T_4,C_4_4,0.0,0.0,0,0,True,-1,-34.78064035500205,0.4258307350857906
1,T_3,C_3_1,0.52,0.0,0,0,False,1,-21.647127310317053,0.5590750155913314
31,T_4,C_4_4,0.0,0.0,0,0,True,1,-29.495462030228317,0.5054457842868085
20,T_4,C_4_4,0.0,0.0,0,0,True,-1,-46.928850180147776,0.5838842164265642
14,T_2,C_2_14,0.0,0.81,0,0,True,-1,-9.395237541064933,0.4774080628040574
13,T_3,C_3_10,0.0,0.02,0,0,True,-1,-3.213251582968759,0.38659936272111994
24,T_4,C_4_4,0.0,0.0,1,0,True,1,5.249757560838367,0.5009988399678964
8,T_2,C_2_6,0.93,0.0,1,0,False,1,24.063478055265353,0.6099816165724216
48,T_4,C_4_4,0.0,0.0,0,0,False,-1,-30.357058731763427,0.5395682403325345
32,T_3,C_3_1,0.21,0.0,0,0,True,-1,-6.936443602918892,0.5257532836320159
26,T_3,C_3_1,0.48,0.7,0,0,False,1,-25.57576860160711,0.5110622290869125
27,T_4,C_4_4,0.0,0.0,0,0,True,1,-23.85733006340113,0.4546524260880961
28,T_4,C_4_4,0.0,0.0,0,0,False,1,-4.760534142672535,0.43604821944776684
44,T_4,C_4_4,0.0,0.0,1,0,True,1,34.11192900417264,0.5474196499360313
42,T_1,C_1_3,0.0,0.79,0,0,True,-1,-39.33211268652568,0.5426322711683735
38,T_3,C_3_10,0.0,0.49,1,0,True,-1,30.55735308915635,0.4290213458360927
47,T_5,C_5_5,0.0,0.0,1,0,False,1,12.172049260707714,0.5508092433776635
11,T_3,C_3_4,0.8,0.0,1,0,False,1,59.848711113847706,0.7004565968556781
7,T_2,C_2_14,0.0,0.25,1,0,True,1,41.47669465294233,0.48899246283323894
4,T_4,C_4_4,0.0,0.0,0,0,False,1,-18.192630053032907,0.4961046836630034
17,T_2,C_2_6,0.14,0.59,0,0,False,1,-0.018854867612338566,0.6957476021254851
30,T_5,C_5_5,0.0,0.0,1,0,False,1,5.042772083907778,0.5133931754008664
21,T_3,C_3_4,0.17,0.0,1,0,False,1,15.573585559667833,0.5461959618615979
40,T_2,C_2_14,0.0,0.98,0,0,True,1,-73.9336571961887,0.5820289139193915
12,T_3,C_3_9,0.0,0.01,1,0,True,1,13.079209632599884,0.465655247296817
37,T_5,C_5_5,0.0,0.0,0,0,False,-1,-19.416601205081452,0.5048013913243703
15,T_4,C_4_3,0.0,0.0,1,0,True,1,77.310815412434,0.6558712176281414
49,T_3,C_3_4,0.82,0.0,0,0,False,1,-5.2286927083494446,0.6785749201870934
16,T_4,C_4_3,0.0,0.0,1,0,True,1,48.35723235054479,0.5085701299503842
5,T_4,C_4_3,0.0,0.0,1,0,True,-1,52.310892936333914,0.6105268383728081
33,T_3,C_3_1,0.24,0.0,1,0,False,1,23.185679739070004,0.5953123590030531
29,T_3,C_3_9,0.0,0.1,0,0,False,1,-15.37208739955927,0.49898971186083874
0,T_1,C_1_14,0.0,0.87,0,0,True,-1,-28.341437806388626,0.4650075112659769
18,T_5,C_5_7,0.0,0.0,1,0,True,-1,47.71610042209467,0.5931873407635111
10,T_3,C_3_4,0.47,0.0,0,0,False,1,-1.1943383249192798,0.6564680503982545
6,T_4,C_4_1,0.52,0.25,0,0,False,-1,-18.43821764778035,0.524074511230914
43,T_2,C_2_14,0.83,0.52,1,0,True,-1,10.624186346075291,0.5225397713012209
23,T_5,C_5_7,0.0,0.0,0,0,False,1,-22.261957995728764,0.4309023786877514
19,T_5,C_5_7,0.0,0.0,0,0,False,1,-5.250977128038147,0.46060474683880614
32,T_3,C_3_9,0.0,0.0,0,0,True,-1,-1.3607982929416398,0.4649783715388163
13,T_3,C_3_9,0.0,0.18,1,0,True,-1,11.182652381924184,0.435828507772582
25,T_3,C_3_1,0.66,0.57,1,0,False,-1,10.277939372709657,0.5910497997312728
39,T_4,C_4_3,0.0,0.0,1,0,True,1,45.56406011052016,0.582844575303511
34,T_4,C_4_3,0.0,0.0,1,0,True,-1,32.81546963905347,0.5142149585445419
45,T_5,C_5_7,0.0,0.0,0,0,False,1,-8.797063497808704,0.5992922813185803
2,T_3,C_3_1,0.55,0.74,0,0,False,-1,-29.490737300498377,0.5386392488003391
3,T_4,C_4_3,0.0,0.09,0,0,True,1,-6.283872670747674,0.4480793813498459
20,T_4,C_4_3,0.0,0.0,0,0,True,1,-11.50054261407017,0.5303461501498172
9,T_3,C_3_1,0.93,0.3,0,0,False,1,-23.56887058834667,0.6253581765183455
36,T_3,C_3_5,0.46,1.13,0,0,False,1,-44.13800242114408,0.6108685948065196
38,T_3,C_3_9,0.0,0.49,0,0,True,1,-36.55884235652572,0.4796937013168969
14,T_2,C_2_10,0.0,1.13,0,0,True,1,-24.978959222795645,0.6362045209757929
48,T_4,C_4_1,0.07,0.15,0,0,True,1,-2.173359222795633,0.5559922977869802
35,T_5,C_5_5,0.03,0.0,1,0,False,-1,7.812342602684062,0.5850844650514683
41,T_4,C_4_3,0.0,0.0,0,0,False,1,-0.16350086947830478,0.4659910946838864
22,T_4,C_4_4,0.21,0.11,0,0,False,1,-32.450813585066555,0.46318564906495496
1,T_4,C_4_4,0.51,0.0,0,0,False,-1,-43.40605443046335,0.47772980007197285
46,T_4,C_4_4,0.21,0.27,0,0,False,-1,-12.94047928674449,0.4744226919039155
8,T_3,C_3_9,0.83,0.6,0,0,False,-1,-53.63800228094946,0.5298600802070956
26,T_4,C_4_4,0.33,0.31,0,0,False,1,-13.43418749102264,0.44819038035556
37,T_5,C_5_7,0.0,0.0,1,0,True,1,28.679929694341933,0.46603764982467105
31,T_5,C_5_5,0.18,0.0,1,0,False,1,4.0815508648201195,0.5910885177594125
24,T_5,C_5_7,0.0,0.0,0,0,False,1,-6.820043996989765,0.5281557193943369
42,T_1,C_1_14,0.0,0.86,0,0,True,1,-11.441746275754127,0.5275296459915421
27,T_5,C_5_7,0.0,0.0,0,0,False,1,-4.529083194344156,0.4714452854509056
28,T_5,C_5_7,0.0,0.0,0,0,False,-1,-3.5259335880449534,0.48861433561668544
44,T_5,C_5_7,0.0,0.0,1,0,False,-1,14.521817268432379,0.6063634478468933
11,T_4,C_4_4,0.75,0.67,1,0,False,1,19.204713170732862,0.5595534443194661
32,T_3,C_3_2,0.0,0.57,1,0,True,-1,15.568706881424662,0.46977461309137236
21,T_4,C_4_3,0.35,0.22,0,0,False,1,-16.09903218196123,0.4373113453545048
7,T_3,C_3_9,0.63,0.47,0,0,False,1,-3.563581651086573,0.5366973852954624
2,T_3,C_3_5,0.36,0.93,1,0,True,-1,4.397443933935441,0.5230247361897851
40,T_3,C_3_1,0.4,0.39,0,0,False,-1,-21.936863047779106,0.6264302490832385
6,T_4,C_4_3,0.46,0.23,0,0,True,-1,-8.173167331816668,0.5217624935507492
18,T_5,C_5_1,0.0,0.0,0,0,True,1,-0.1323169220999334,0.5471083621293202
12,T_4,C_4_3,0.14,0.44,0,0,False,-1,-17.53399732595271,0.4310809023616803
30,T_6,C_6_4,0.0,0.0,0,0,False,1,-21.101292331816673,0.4650160144258672
43,T_2,C_2_2,0.36,0.47,1,0,True,1,16.62995766818335,0.5231972794124443
5,T_4,C_4_5,0.0,0.05,1,0,True,1,1.3128707154546118,0.5811403279824755
17,T_3,C_3_9,0.71,0.59,0,0,False,1,-5.124461462555523,0.593864802411574
47,T_6,C_6_4,0.0,0.0,0,0,False,-1,-39.03067343674034,0.5575923853081786
25,T_3,C_3_9,0.37,0.59,1,0,True,-1,9.972160689840399,0.4962668921478177
4,T_5,C_5_5,0.17,0.0,0,0,False,1,-30.62156573877524,0.55296809360782
13,T_3,C_3_2,0.0,0.67,0,0,True,-1,-1.027687627031829,0.46707063766386303
49,T_4,C_4_3,0.6,0.61,1,0,False,1,40.62489204562284,0.5418422680436539
33,T_4,C_4_3,0.46,0.35,1,0,False,-1,4.86545697839226,0.5117200317913874
29,T_4,C_4_3,0.55,0.32,0,0,False,-1,-40.23976710538392,0.4399494010103533
10,T_4,C_4_3,0.45,0.7,0,0,False,-1,-28.55655974203966,0.4705219034883871
34,T_4,C_4_5,0.0,0.72,0,0,True,-1,-23.139371348957027,0.5716083573567146
15,T_5,C_5_5,0.07,0.0,0,0,False,1,-38.98008618967188,0.6531707964259447
16,T_5,C_5_7,0.61,0.0,0,0,False,-1,-2.7445698943729466,0.5403344456529756
0,T_1,C_1_11,0.0,0.75,0,0,True,-1,-11.641309024807722,0.522772638636488
8,T_3,C_3_1,1.01,0.81,0,0,True,1,-10.328658744605946,0.5383858942410628
35,T_5,C_5_7,0.34,0.0,1,0,True,1,23.038357931983683,0.5744355431575963
14,T_3,C_3_1,0.88,0.79,0,0,False,1,-33.60179169747744,0.615480029285582
36,T_4,C_4_4,0.7,0.71,0,0,False,-1,-13.38321821190574,0.4697031520952493
38,T_4,C_4_1,0.45,0.69,0,0,False,-1,-13.230141288828817,0.41097933512398055
3,T_5,C_5_7,0.23,0.7,0,0,False,-1,-33.284630426017145,0.504999124435983
32,T_3,C_3_12,0.0,0.64,0,0,True,-1,-31.990467599596258,0.4796114462635079
39,T_5,C_5_5,0.29,0.0,1,0,False,-1,17.77750838251597,0.5633169793762614
23,T_6,C_6_4,0.0,0.0,0,0,False,-1,-10.399769245369246,0.42452807330387465
2,T_3,C_3_4,0.33,0.79,1,0,True,-1,7.598404640374357,0.5994788396663595
19,T_6,C_6_4,0.0,0.0,1,0,False,-1,3.084426319104712,0.4617112099485352
46,T_4,C_4_3,0.29,0.71,0,0,True,1,-9.127833596521157,0.5225179731757242
9,T_4,C_4_3,0.35,0.8,0,0,False,-1,-12.927833596521145,0.5485433831914788
1,T_4,C_4_3,0.15,0.72,1,0,True,1,17.78520661192324,0.49383280826399567
45,T_6,C_6_4,0.0,0.0,0,0,False,-1,-41.94622832247158,0.5760783895285846
28,T_5,C_5_1,0.0,0.0,0,0,True,-1,-15.37858687589318,0.41806556364270375
20,T_5,C_5_5,0.42,0.05,0,0,False,1,-29.88165318347447,0.5807016166854977
44,T_5,C_5_1,0.0,0.0,1,0,True,1,27.9232505620514,0.5314768842742513
40,T_3,C_3_12,0.0,0.66,1,0,True,1,28.953089888753752,0.5795742886203421
48,T_5,C_5_1,0.0,0.0,1,0,False,1,23.934752736836842,0.5604129966305653
41,T_5,C_5_1,0.0,0.0,1,0,False,-1,34.462823300605116,0.4555054023547186
22,T_5,C_5_1,0.75,0.0,0,0,False,1,-11.970628370560945,0.4553403911901803
26,T_5,C_5_1,0.73,0.0,0,0,False,-1,-2.446284213419262,0.4539123937408379
25,T_3,C_3_4,0.37,0.48,1,0,True,1,10.992499056542712,0.6452252755111205
13,T_3,C_3_12,0.0,0.19,0,0,True,-1,-2.5725199548641315,0.44888956037731553
12,T_4,C_4_4,0.29,0.69,1,0,True,-1,4.735505296940215,0.4197196822305479
21,T_5,C_5_1,0.7,0.0,1,0,False,1,22.226895500869773,0.4590327634675836
47,T_6,C_6_2,0.0,0.0,1,0,True,1,23.45866333249321,0.6195841712465301
7,T_4,C_4_5,0.67,0.76,1,0,False,-1,33.70451551952186,0.47076417097170886
24,T_6,C_6_4,0.0,0.0,0,0,False,1,-16.504435175153937,0.5334642673756149
16,T_5,C_5_1,0.71,0.0,1,0,True,-1,52.56424489846017,0.4947036688495673
37,T_6,C_6_4,0.0,0.0,0,0,False,1,-2.709785779404439,0.4711518514236074
43,T_3,C_3_1,0.18,0.0,1,0,False,-1,38.7065641755686,0.5577762887121023
31,T_6,C_6_4,0.0,0.0,0,0,False,-1,-7.811021094911691,0.4824362419241617
29,T_4,C_4_5,0.62,0.76,1,0,True,-1,8.261583349329086,0.4235651924718964
32,T_3,C_3_7,0.0,0.64,1,0,True,-1,17.14293723103743,0.46430549395274834
27,T_6,C_6_4,0.72,0.0,0,0,False,-1,-3.646751602103187,0.44450321923937286
10,T_4,C_4_5,0.65,0.72,1,0,True,-1,10.628907415702713,0.4991158481240446
17,T_4,C_4_5,0.76,0.8,1,0,False,1,2.012366062319251,0.6357231449854328
11,T_5,C_5_1,0.82,0.0,1,0,False,1,7.490972343280899,0.52252649073921
6,T_4,C_4_5,0.0,0.76,1,0,True,1,3.955202266637187,0.5068266630269086
42,T_2,C_2_6,0.86,0.42,0,0,False,-1,-28.90686783323044,0.6070229064254943
33,T_4,C_4_5,0.67,0.0,1,0,True,-1,13.69365098009829,0.514757667282951
30,T_7,C_7_8,0.0,0.0,0,0,False,1,-45.89021220535951,0.6343391530286824
34,T_4,C_4_2,0.0,0.59,0,0,True,-1,-30.68916194279387,0.43464089279043716
2,T_3,C_3_7,0.0,0.66,0,0,True,-1,-18.830852912762744,0.468053335718581
5,T_5,C_5_1,0.89,0.0,1,0,False,-1,1.8789164540508567,0.5653475981345489
3,T_5,C_5_1,0.71,0.0,1,0,True,1,5.022447641488986,0.44859702427310744
18,T_6,C_6_2,0.0,0.0,1,0,False,1,22.290577437017646,0.5839938695420243
39,T_5,C_5_1,0.86,0.0,1,0,True,1,5.194956360226298,0.5355975509442674
36,T_4,C_4_1,0.28,0.93,1,0,True,1,15.021340758970148,0.4682454881909417
49,T_5,C_5_1,0.81,0.0,0,0,False,1,-9.345111195940397,0.5858059089033552
19,T_6,C_6_2,0.0,0.0,1,0,True,1,1.027325534567563,0.5760019000505039
13,T_3,C_3_7,0.0,0.15,1,0,True,1,23.533626498244367,0.4189680256022807
38,T_4,C_4_5,0.19,0.0,1,0,True,-1,2.5468411140447085,0.4571587792157495
14,T_4,C_4_4,0.82,0.71,1,0,False,-1,2.9912907033004155,0.48520646095700204
28,T_5,C_5_10,0.0,0.75,1,0,True,1,31.955686964232758,0.5780848379097555
15,T_6,C_6_2,0.0,0.0,1,0,False,-1,22.230408224873557,0.7148239911019463
4,T_6,C_6_4,0.07,0.0,1,0,False,-1,10.280835773756547,0.45069131582540767
23,T_6,C_6_2,0.0,0.0,1,0,True,-1,1.8042082979552356,0.4498249399549553
0,T_1,C_1_6,0.0,0.75,1,0,True,-1,50.195270297566104,0.49467503938211993
8,T_4,C_4_2,0.0,0.7,1,0,False,-1,22.661788154708944,0.3882191818580554
9,T_4,C_4_5,0.09,0.27,1,0,True,-1,21.39204013797749,0.5369855942776915
41,T_5,C_5_10,0.0,0.77,1,0,True,-1,41.4374934871601,0.5759198007079551
45,T_6,C_6_2,0.0,0.0,1,0,True,1,25.58366657610994,0.6204252373865097
35,T_6,C_6_2,0.0,0.0,1,0,False,-1,29.721877958223743,0.487266472360134
26,T_5,C_5_7,0.08,0.76,1,0,True,1,37.1401562090536,0.4934054168859929
43,T_3,C_3_12,0.05,0.27,1,0,True,1,5.75884868605276,0.5124820517431813
32,T_3,C_3_11,0.0,0.49,1,0,True,1,11.796480392143799,0.43291670935270843
16,T_5,C_5_10,0.0,0.8,1,0,True,1,43.26709297492526,0.5715505340995921
46,T_5,C_5_1,0.46,0.78,1,0,False,1,12.639551050734559,0.44382605764955024
12,T_4,C_4_2,0.0,0.31,1,0,True,-1,29.422063908927065,0.32660954449642154
7,T_4,C_4_2,0.0,0.09,0,0,True,-1,-6.741466403701919,0.3563609042168454
31,T_6,C_6_2,0.78,0.78,0,0,True,-1,-9.321836167365767,0.5733867457178583
29,T_4,C_4_2,0.0,0.31,0,0,True,1,-17.886069744008115,0.3387432372318883
48,T_6,C_6_2,0.85,0.81,1,0,False,1,45.629397148398226,0.5999944561877744
20,T_6,C_6_2,0.88,0.91,0,0,False,-1,-47.93603748645957,0.6987606155906582
40,T_4,C_4_3,0.64,0.79,1,0,False,-1,3.3270682673165988,0.5177342932764323
25,T_4,C_4_4,0.26,0.76,0,0,False,1,-23.771591967774008,0.45473100094822333
44,T_6,C_6_2,0.82,0.78,0,0,False,-1,-2.8597923717453186,0.5997201871389441
1,T_5,C_5_7,0.62,0.79,1,0,False,1,27.333048101469288,0.5206879154224202
2,T_3,C_3_12,0.1,0.66,0,0,True,1,-5.682420108971601,0.5600771423610903
37,T_7,C_7_8,0.7,0.0,1,0,False,-1,31.464249485230823,0.5051474379122514
33,T_4,C_4_2,0.0,0.84,1,0,True,1,30.27410164530241,0.3992054687898307
24,T_7,C_7_8,0.81,0.0,1,0,False,-1,16.00367722669775,0.5270258776172667
10,T_4,C_4_2,0.0,0.82,1,0,True,-1,27.89967722669776,0.39485600588765957
21,T_6,C_6_2,0.7,0.77,1,0,False,-1,19.61239763337893,0.5300522543245942
47,T_7,C_7_8,0.82,0.0,1,0,False,1,34.55163646978363,0.6571096418657052
27,T_6,C_6_2,0.69,0.76,1,0,True,-1,33.54508625144305,0.530689389257945
42,T_2,C_2_10,0.76,0.42,1,0,True,-1,29.899253116312877,0.5800246219436151
22,T_6,C_6_2,0.76,0.74,1,0,False,-1,26.083677226697738,0.5553331931570262
5,T_5,C_5_10,0.0,0.1,1,0,True,1,47.25437294202092,0.6473146218477008
34,T_4,C_4_1,-0.6,0.59,0,0,True,-1,-2.253192338519642,0.554906356354623
17,T_5,C_5_10,0.86,0.0,0,0,False,-1,-10.281036622456153,0.6151789498117697
35,T_6,C_6_5,0.0,0.0,1,0,True,1,5.429751762677456,0.5840055689361601
6,T_5,C_5_10,0.86,0.33,0,0,False,1,-43.41394343862796,0.6325807013871395
49,T_6,C_6_5,0.0,0.0,1,0,False,1,0.09190429296967295,0.6291756021866493
3,T_6,C_6_2,0.43,0.0,1,0,False,-1,40.69859862144946,0.5234891562835641
4,T_6,C_6_2,0.5,0.82,0,0,True,1,-19.853836595341747,0.5851952340381883
38,T_4,C_4_3,-0.51,0.73,0,0,True,-1,-4.9119718742546965,0.45403382894087885
15,T_6,C_6_5,0.0,0.9,0,0,True,1,-40.51395837777672,0.7534583467214089
14,T_4,C_4_5,0.34,0.78,1,0,True,-1,2.729754744450301,0.4721805125018407
30,T_8,C_8_2,0.0,0.0,0,0,False,1,-10.056316624134126,0.5000735171300366
8,T_4,C_4_3,0.1,0.7,0,0,True,1,-0.2228984151334119,0.44990569040530354
36,T_5,C_5_7,0.85,0.01,0,0,False,-1,-1.65388631677168,0.5192050542399304
39,T_6,C_6_2,0.33,0.0,1,0,False,-1,38.499268073253,0.6508278627180093
12,T_4,C_4_5,-0.22,0.37,1,0,True,1,12.159873540362781,0.4520785349495057
11,T_6,C_6_2,1.0,0.81,1,0,False,-1,18.70601373725611,0.602839087923654
19,T_7,C_7_8,0.79,0.0,1,0,False,-1,39.92936793059965,0.5525312833392451
13,T_4,C_4_1,0.07,0.34,0,0,False,-1,-15.050827999353166,0.44113431416915916
23,T_6,C_6_5,0.0,0.63,0,0,True,-1,-19.421820999088567,0.4660975323276021
9,T_4,C_4_1,-0.27,0.53,1,0,True,1,9.808598621449455,0.5478834684122422
18,T_7,C_7_8,0.78,0.0,1,0,False,-1,14.682067936266167,0.5939509887623127
41,T_5,C_5_2,0.0,0.28,1,0,True,1,13.560245105130356,0.5488710226788738
7,T_4,C_4_3,-0.15,0.45,0,0,True,-1,-39.189550159642536,0.48708111697206663
0,T_1,C_1_1,0.0,0.54,0,0,True,-1,-13.883224644361748,0.46856196465037736
32,T_4,C_4_4,0.35,0.43,1,0,False,-1,20.077440273742504,0.45658414706590533
24,T_7,C_7_6,0.0,0.0,1,0,True,1,1.560853647557722,0.5790152294230062
40,T_4,C_4_5,0.13,1.24,1,0,True,1,10.348301597618427,0.5616946841042856
16,T_6,C_6_2,0.81,0.61,0,0,False,1,-23.80401571603893,0.5471022636959718
46,T_6,C_6_5,0.0,0.26,1,0,False,-1,2.004018288018001,0.5845580300094126
26,T_6,C_6_5,0.0,0.0,1,0,False,1,4.7127743506262405,0.5435825897672483
29,T_5,C_5_1,0.25,0.74,0,0,False,-1,-30.36990718890718,0.5209847413091075
43,T_4,C_4_3,0.27,0.19,1,0,False,1,45.916870942656644,0.45496962509322664
20,T_6,C_6_4,0.03,0.0,0,0,True,-1,-20.76637567021399,0.6053114418302188
10,T_4,C_4_4,-0.07,0.26,0,0,True,1,-10.966982594122108,0.5008883841381857
44,T_6,C_6_5,0.0,0.0,1,0,True,-1,37.76597674329723,0.6357234483928761
37,T_7,C_7_6,0.0,0.0,1,0,True,1,29.023329423848985,0.5496056013717598
45,T_7,C_7_6,0.0,0.0,0,0,False,1,-26.477219043707933,0.6265284488032221
17,T_5,C_5_1,0.88,0.96,0,0,True,1,-2.169780199804288,0.5939095963425515
48,T_7,C_7_8,0.48,0.76,1,0,False,1,7.070022894429198,0.6279222002904644
31,T_6,C_6_5,0.0,0.0,1,0,True,1,39.99919883477869,0.6032611977602413
28,T_6,C_6_5,0.0,0.0,1,0,False,-1,14.847318068277643,0.5552432405716006
42,T_2,C_2_5,0.32,0.77,1,0,True,1,1.7312724317746682,0.5994290606676357
27,T_6,C_6_5,0.0,0.0,1,0,True,-1,11.287061905458891,0.48361707020468836
2,T_4,C_4_4,0.65,1.24,1,0,False,-1,14.369545642892342,0.4466208942990555
21,T_6,C_6_5,0.0,0.21,0,0,True,1,-8.000419693831013,0.5081764551807095
22,T_6,C_6_5,0.0,0.0,1,0,True,-1,3.561312237170484,0.5676267462557223
25,T_5,C_5_1,0.84,0.56,0,0,False,1,-1.8688704727224081,0.4995152404976466
1,T_6,C_6_5,0.81,0.0,1,0,False,1,7.595256233321734,0.5755297825130514
3,T_6,C_6_5,0.76,0.0,1,0,True,-1,13.829516107525723,0.5173720707432959
33,T_5,C_5_10,0.43,0.49,1,0,False,1,1.9112800417983564,0.6165960422415853
19,T_7,C_7_6,0.0,0.74,1,0,True,-1,1.2740351654851505,0.5480328042502487
38,T_4,C_4_2,-0.07,0.76,0,0,True,-1,-2.6565427347952255,0.3082945200486929
47,T_8,C_8_2,0.0,0.0,0,0,False,1,-1.0996085196493963,0.5505046557836701
5,T_6,C_6_5,0.93,0.84,1,0,False,1,10.470015114028605,0.675422487673895
35,T_7,C_7_6,0.0,0.63,0,0,False,1,-15.688188069491094,0.577687902879533
14,T_4,C_4_3,-0.03,0.84,1,0,True,1,11.506176449216335,0.5299389098895175
36,T_5,C_5_1,0.16,0.05,0,0,True,1,-24.0269386449707,0.472719389151597
34,T_5,C_5_5,0.59,0.43,1,0,False,1,16.259532401344437,0.5967286177834891
13,T_4,C_4_3,0.08,0.76,0,0,True,-1,-13.03530719446601,0.3674225131320299
39,T_6,C_6_5,0.88,0.86,1,0,True,1,24.93845057055386,0.6582814317646608
18,T_7,C_7_6,0.0,0.73,1,0,True,-1,6.1716840987295605,0.5600786259662127
49,T_7,C_7_6,0.0,0.76,0,0,False,-1,-4.341162043889349,0.6579874114455398
23,T_6,C_6_9,0.0,0.83,0,0,True,-1,-11.833554851634819,0.4372373019947477
4,T_7,C_7_6,0.82,0.78,0,0,False,-1,-2.3108624942428038,0.5523957783284302
11,T_6,C_6_5,0.96,1.01,1,0,True,-1,33.93469037428845,0.6272826277298849
6,T_6,C_6_5,0.78,0.9,0,0,False,1,-21.968517157392647,0.5916336034101304
15,T_7,C_7_6,0.99,0.88,1,0,False,1,31.288972142244226,0.7075841163906631
29,T_5,C_5_2,0.8,0.12,1,0,True,1,1.0321340368735867,0.5350348514191327
7,T_4,C_4_1,-0.41,0.81,1,0,True,-1,2.9067783085334282,0.4639542268541376
8,T_5,C_5_2,0.85,0.0,1,0,False,1,14.902648921059255,0.5440602819288074
41,T_6,C_6_9,0.0,0.52,0,0,False,-1,-15.169628622954642,0.5421633897703265
44,T_6,C_6_9,0.0,0.7,0,0,True,1,-15.031616397906175,0.5523851906603842
46,T_6,C_6_9,0.0,0.4,0,0,True,-1,-9.644187738160044,0.4993650874096327
9,T_5,C_5_2,0.83,0.36,0,0,False,1,-40.06647627487133,0.5767120812563808
32,T_4,C_4_2,0.06,0.86,1,0,True,-1,30.991147969616502,0.3571739879591729
12,T_5,C_5_2,0.76,0.39,1,0,False,-1,21.63496178173022,0.4589524655614413
30,T_9,C_9_1,0.0,0.0,0,0,False,1,-3.973824557856025,0.6134899352356971
0,T_1,C_1_5,0.0,0.54,0,0,True,-1,-21.211383998726383,0.4536239098332273
20,T_6,C_6_5,0.28,0.42,0,0,True,1,-23.872895537802947,0.6367949243104525
16,T_7,C_7_8,0.97,0.85,0,0,False,-1,-48.10130909069925,0.6053299580896234
40,T_5,C_5_1,1.35,0.0,0,0,False,-1,-1.3079153914706092,0.517279708436609
26,T_7,C_7_6,0.71,0.78,1,0,False,1,31.932154485935875,0.5598076528785201
19,T_7,C_7_11,0.0,0.8,1,0,True,1,47.31446741110592,0.5474931734355369
2,T_4,C_4_5,0.43,1.5,1,0,True,-1,41.877507963832805,0.4964648412939716
10,T_5,C_5_2,0.79,0.11,1,0,False,1,23.303234602765226,0.5871699583056911
27,T_6,C_6_9,0.0,0.5,1,0,True,-1,35.57701177667827,0.46320063920248206
28,T_6,C_6_9,0.0,0.14,1,0,True,-1,17.728072853282825,0.502990040377126
43,T_5,C_5_2,0.8,0.0,0,0,False,-1,-4.323212182116252,0.5461565661375263
22,T_6,C_6_9,0.0,0.0,0,0,True,1,-8.622762736156817,0.5117296412830407
24,T_8,C_8_2,0.76,0.0,0,0,False,1,-0.01463173620274194,0.5309301230960976
3,T_6,C_6_9,0.0,0.0,0,0,True,-1,-2.6326642730189773,0.503772628831065
4,T_7,C_7_8,0.02,0.86,0,0,True,-1,-35.08609564556801,0.6278049264797633
49,T_7,C_7_11,0.0,0.9,1,0,True,1,7.884903294548581,0.6595191547306456
48,T_8,C_8_2,0.76,0.8,0,0,False,1,-28.966714060511208,0.5432277042809127
37,T_8,C_8_2,0.64,0.0,0,0,False,-1,-6.780730233017949,0.5652594661026137
31,T_7,C_7_6,0.37,0.84,0,0,False,1,-28.63443912088916,0.5964100032994758
45,T_8,C_8_2,0.81,0.0,0,0,False,1,-25.646853462208142,0.5687668614490529
38,T_4,C_4_4,-0.27,0.83,0,0,True,1,-15.102934543289209,0.43625302048601666
17,T_6,C_6_5,0.49,0.47,0,0,False,1,-17.128612395630423,0.6488039457581914
21,T_7,C_7_11,0.0,0.78,0,0,False,1,-3.9640186427214994,0.5149835128587926
42,T_3,C_3_11,0.77,0.28,0,0,False,1,-15.561718327073006,0.5339518781098802
18,T_7,C_7_11,0.0,0.85,0,0,True,1,-1.287394002748715,0.5673313310277959
1,T_7,C_7_6,0.78,0.83,0,0,False,1,-20.916619376252374,0.595600601185178
13,T_4,C_4_5,-0.23,0.61,0,0,True,-1,-0.061727537600173576,0.43033836045431795
25,T_6,C_6_5,0.41,0.34,0,0,False,1,-0.7275211259159287,0.562982802291112
5,T_7,C_7_8,0.38,0.94,1,0,False,1,18.456393573122227,0.7235395908985449
30,T_10,C_10_4,0.0,0.0,0,0,False,1,-25.16939748892139,0.4986031584146818
33,T_6,C_6_2,0.09,0.78,0,0,False,1,-13.482461776328996,0.5856579675704869
23,T_6,C_6_8,0.0,0.9,1,0,True,-1,3.0653442951161924,0.38658943225924747
11,T_6,C_6_8,0.0,0.87,1,0,True,-1,21.91500436455874,0.5704623693621731
47,T_9,C_9_1,0.82,0.0,0,0,False,-1,-27.44210001351299,0.6685732916056666
7,T_4,C_4_4,-0.42,0.71,1,0,True,-1,17.329200305057064,0.4822514312015087
12,T_5,C_5_7,0.5,0.34,1,0,True,1,27.946591609404884,0.5079067438394524
39,T_7,C_7_11,0.0,0.94,1,0,False,1,26.654283917097203,0.6028385690742467
16,T_7,C_7_6,0.46,0.85,0,0,True,-1,-1.803070812572063,0.5628481097034354
46,T_6,C_6_8,0.0,0.85,0,0,True,-1,-27.630649556899048,0.41352443989189913
35,T_8,C_8_2,0.77,0.69,1,0,False,1,27.456034911280746,0.49581851244993974
40,T_5,C_5_5,0.6,0.16,0,0,True,-1,-10.537773696361658,0.600730744437071
34,T_6,C_6_5,0.66,0.81,1,0,False,-1,3.0391751767327104,0.575047368851504
15,T_8,C_8_2,1.04,0.9,0,0,False,1,-33.64291088739088,0.6026289066475253
6,T_7,C_7_11,0.75,0.88,0,0,False,1,-1.8721928079552974,0.5567331464820513
29,T_6,C_6_5,0.32,0.9,0,0,False,1,-16.719885008160638,0.5405358181266262
36,T_6,C_6_8,0.0,0.75,0,0,False,-1,-7.334420052942292,0.47185242498326324
41,T_6,C_6_8,0.0,0.77,1,0,True,-1,6.174597983129818,0.49380870286000095
14,T_5,C_5_1,0.77,0.12,0,0,False,-1,-1.5871617216630316,0.49545216650463153
32,T_4,C_4_3,0.06,0.48,1,0,True,1,35.628140747748475,0.4592644232140447
44,T_7,C_7_11,0.86,0.36,0,0,False,1,-8.668424405096228,0.6450095903091103
8,T_6,C_6_8,0.0,0.9,0,0,False,-1,-26.579446981457444,0.4966277588228152
2,T_4,C_4_3,0.26,1.09,0,0,True,-1,-5.000720331910634,0.4369464845797357
4,T_7,C_7_11,0.87,0.81,0,0,True,1,-27.93790975065898,0.5681401139338421
43,T_5,C_5_7,0.41,0.0,1,0,True,1,6.703676426081632,0.48910445677643266
9,T_6,C_6_5,0.58,0.93,0,0,False,-1,-40.09216027759757,0.6362824055951246
0,T_1,C_1_4,0.0,0.54,0,0,True,-1,-5.908297843735131,0.457883032597465
28,T_6,C_6_8,0.0,0.86,0,0,True,1,-20.127271325762145,0.4405257465214394
27,T_6,C_6_8,0.0,0.88,0,0,True,-1,-8.554898556429713,0.4816109853425129
20,T_7,C_7_11,1.08,0.84,0,0,False,-1,-2.3044336944047714,0.6135285887148829
3,T_6,C_6_8,0.0,0.87,1,0,True,1,30.135411867922233,0.4396817221416253
37,T_8,C_8_4,0.0,0.0,1,0,True,-1,5.43766780458782,0.5173322262470448
47,T_9,C_9_17,0.0,0.77,0,0,True,1,-19.606209078188876,0.6211002660401186
19,T_8,C_8_2,0.87,0.23,1,0,False,1,3.58926156431175,0.5114600934157705
26,T_8,C_8_2,0.82,0.0,1,0,False,1,25.09929469541629,0.49224403604057976
10,T_6,C_6_5,0.18,0.94,1,0,False,-1,12.594675496807959,0.5496540131462124
22,T_7,C_7_11,0.94,0.38,0,0,False,-1,-19.017200842487384,0.5951441003253137
16,T_7,C_7_11,0.86,0.95,1,0,True,1,33.853382838380675,0.5077155671953331
24,T_9,C_9_17,0.0,0.74,1,0,False,1,15.941842300279754,0.5793568569028991
13,T_4,C_4_4,-0.13,0.49,1,0,True,1,48.51004080182712,0.4097706953410291
40,T_5,C_5_7,0.22,0.02,1,0,True,1,10.608680517509459,0.5778677282132929
11,T_6,C_6_3,0.0,0.99,0,0,True,1,-1.3463347786803705,0.5278569189638245
17,T_7,C_7_11,1.03,0.87,0,0,False,-1,-19.167230301068418,0.6649494803565015
42,T_4,C_4_3,0.28,0.7,1,0,False,1,8.322102258103174,0.4971694362507302
23,T_6,C_6_3,0.0,0.96,1,0,True,-1,14.33420383913051,0.39713916655009807
38,T_5,C_5_10,0.79,0.35,0,0,False,-1,-11.980987601522639,0.5511500778902387
49,T_8,C_8_2,0.77,0.0,0,0,False,-1,-28.923923599100988,0.5653356692529169
48,T_9,C_9_17,0.0,0.74,0,0,False,1,-14.342441203080085,0.6746302151783414
45,T_9,C_9_17,0.0,0.79,0,0,False,-1,-4.962168652788076,0.6475233243039865
25,T_7,C_7_11,0.89,0.72,0,0,False,1,-8.624034421222195,0.5947373707689386
31,T_8,C_8_2,0.33,0.0,0,0,False,-1,-14.726498753258518,0.5575729449067375
21,T_8,C_8_2,0.95,0.72,0,0,False,1,-27.010055464037755,0.4137100027267928
46,T_6,C_6_3,0.0,1.3,0,0,True,-1,-39.55562169291449,0.48519890780830505
33,T_7,C_7_11,0.95,0.62,0,0,False,1,-34.11470662682841,0.5483991878451889
14,T_5,C_5_2,0.63,0.14,0,0,True,1,-34.71806579995508,0.5621490386587373
1,T_8,C_8_2,0.14,0.81,1,0,False,1,2.7986140134241886,0.5692097624880226
18,T_8,C_8_2,0.69,0.82,0,0,False,1,-31.375272630212507,0.5004527457560868
34,T_6,C_6_3,0.0,0.67,0,0,True,1,-1.2979889978838717,0.49239380684552536
5,T_8,C_8_2,0.84,0.9,0,0,False,1,-15.069127922059698,0.5153083489028054
41,T_6,C_6_3,0.0,0.35,0,0,True,-1,-20.928012192096297,0.46780867843845203
7,T_5,C_5_2,0.71,0.62,0,0,False,-1,-27.915302111544708,0.5410820617098954
8,T_6,C_6_3,0.0,0.45,1,0,True,1,8.197763939722561,0.5104654856141846
36,T_6,C_6_5,0.21,0.93,0,0,True,1,-20.09606702896554,0.5397540558548959
47,T_10,C_10_4,0.77,0.0,0,0,False,1,-36.884998817897326,0.5531210545795393
2,T_4,C_4_1,-0.38,1.12,1,0,True,-1,14.767158480789485,0.522083823925591
12,T_6,C_6_5,0.0,0.54,1,0,False,-1,7.7138165784758606,0.4951983832382166
20,T_7,C_7_2,0.0,0.86,0,0,True,1,-28.46444400680812,0.6267986299329235
22,T_7,C_7_6,0.12,0.41,1,0,True,-1,26.82560782241238,0.5634111847288497
29,T_7,C_7_11,0.31,0.8,1,0,False,-1,7.074166849334659,0.5456402102737814
9,T_6,C_6_3,0.0,0.61,0,0,True,1,-5.657415469691596,0.5727095624598031
39,T_8,C_8_2,0.88,1.05,1,0,False,-1,24.685143758486277,0.5589405047165712
24,T_10,C_10_4,0.74,0.0,1,0,False,1,38.74916424504195,0.5665495479874065
35,T_9,C_9_17,0.84,0.6,1,0,False,1,28.038005686253104,0.5509110464652681
27,T_6,C_6_3,0.0,0.64,1,0,True,-1,26.51965428123771,0.37046019539385966
6,T_8,C_8_2,0.49,0.98,0,0,False,-1,-7.1289080190817735,0.5596780549904942
17,T_7,C_7_6,0.58,0.19,1,0,True,-1,4.345565543801216,0.6588027095873017
15,T_9,C_9_17,1.08,0.87,0,0,False,1,-5.205363596701684,0.7163185187576897
32,T_5,C_5_2,0.48,0.1,0,0,False,-1,-17.050754672840394,0.5512702802386058
48,T_10,C_10_4,0.74,0.0,0,0,False,-1,-45.892692212674646,0.5770812761185381
44,T_8,C_8_2,0.52,0.51,0,0,False,1,-18.792180994973673,0.6086579973496217
45,T_9,C_9_3,0.0,0.79,0,0,True,1,-21.99265742608914,0.6161882984361252
0,T_1,C_1_10,0.0,0.54,1,0,True,1,9.05696210774276,0.4312677218975772
28,T_7,C_7_11,0.49,0.7,0,0,False,1,-0.682389449790616,0.5359448459883691
37,T_8,C_8_5,0.0,0.57,0,0,True,-1,-6.200835688600195,0.4498775989584937
43,T_6,C_6_3,0.0,0.48,0,0,False,-1,-9.294684769132859,0.4574148254165846
4,T_8,C_8_2,0.97,0.76,0,0,False,1,-34.64326959735844,0.5183504305840964
10,T_6,C_6_3,0.0,0.71,0,0,True,1,-21.489476764511537,0.43447669371307096
38,T_5,C_5_2,0.66,0.31,0,0,True,1,-8.652510238093207,0.5399240356558863
3,T_7,C_7_11,0.59,0.51,1,0,False,1,3.1985786588033953,0.5101616345561273
23,T_6,C_6_6,0.0,0.96,0,0,True,-1,-5.0131763266773035,0.339619619033229
19,T_9,C_9_17,0.74,0.78,1,0,False,-1,31.444167235745354,0.5420949550275556
49,T_8,C_8_5,0.0,0.5,1,0,True,-1,35.16023607725757,0.49619301858793
13,T_5,C_5_7,0.55,0.26,0,0,False,1,-7.667745699387993,0.4308087735712254
11,T_7,C_7_6,0.73,0.0,1,0,False,-1,24.259747105572107,0.6558537085760829
26,T_9,C_9_17,0.63,0.81,1,0,False,-1,7.1153536632614,0.5241749176652376
7,T_5,C_5_5,0.23,0.17,1,0,True,1,15.530640511592386,0.510884735211131
46,T_6,C_6_6,0.0,0.7,0,0,True,-1,-3.1569345045330905,0.4896538149247249
31,T_8,C_8_5,0.0,0.86,1,0,True,-1,41.45981320320736,0.46012180652526413
48,T_10,C_10_1,0.0,0.0,1,0,True,1,24.934687575066686,0.5744733791027672
29,T_7,C_7_2,0.72,0.78,0,0,True,-1,-14.274329484248145,0.4707546110534033
21,T_9,C_9_17,0.79,0.42,0,0,False,1,-31.648675608647032,0.5665414650117828
40,T_6,C_6_3,0.21,0.75,1,0,False,-1,41.220491595167154,0.5361646057869135
2,T_4,C_4_2,-0.72,1.12,1,0,True,-1,13.338600032378634,0.4045423984703381
22,T_7,C_7_2,0.7,0.0,0,0,True,-1,-17.91548381298091,0.46089886149136366
15,T_10,C_10_4,0.49,0.0,0,0,False,1,-17.662025358490688,0.6891815162156079
35,T_10,C_10_4,0.15,0.0,0,0,False,1,-31.130038392654654,0.529111038894104
42,T_5,C_5_1,0.7,0.15,1,0,False,1,28.75127048963954,0.4746857897259057
12,T_6,C_6_3,0.28,0.64,0,0,True,-1,-12.250114553056754,0.42898317574151323
16,T_8,C_8_2,0.77,0.42,1,0,False,1,0.6779720293531994,0.5129196868920337
41,T_6,C_6_6,0.0,0.71,1,0,True,1,15.555521825645858,0.43456407422343923
34,T_7,C_7_2,0.75,0.63,0,0,False,-1,-31.812887819765066,0.5221312872686689
17,T_7,C_7_2,0.77,0.48,0,0,True,-1,-45.53930880664824,0.5423984152848281
25,T_8,C_8_2,0.27,0.76,0,0,False,-1,-25.177659837254126,0.5180450179351129
45,T_10,C_10_4,0.2,0.0,0,0,False,-1,-34.579283822263484,0.6273267905738648
33,T_8,C_8_2,0.58,0.74,1,0,False,1,2.2854942901856248,0.5478263271739475
14,T_6,C_6_5,0.19,0.7,0,0,False,1,-26.888046319813604,0.6289910372055308
8,T_7,C_7_2,0.76,0.0,1,0,False,-1,14.899441986325089,0.5371939732809391
1,T_9,C_9_3,0.77,0.54,1,0,False,1,4.124300725010272,0.5688559591981457
18,T_9,C_9_17,0.86,0.28,0,0,False,-1,-1.257540071009668,0.6533167354457783
32,T_5,C_5_1,0.03,0.0,1,0,True,1,17.868703710084862,0.4698825810834875
36,T_7,C_7_2,0.65,1.01,1,0,False,-1,6.0005445061048075,0.4248435314080188
27,T_6,C_6_6,0.0,0.66,1,0,True,1,27.53045482061933,0.3988333697986002
5,T_9,C_9_3,0.85,0.19,0,0,False,1,-15.606191142113591,0.6512821078979802
11,T_7,C_7_2,0.77,0.58,1,0,True,1,27.01480487848115,0.5251937575350871
20,T_8,C_8_2,0.52,0.86,1,0,False,1,20.158072266444414,0.5952002549922524
19,T_9,C_9_3,0.69,0.94,1,0,True,-1,32.26203242954614,0.4849186699720067
43,T_6,C_6_6,0.0,0.7,1,0,True,-1,39.56314338580128,0.49332170142314546
29,T_7,C_7_6,0.04,0.71,1,0,True,-1,0.5083048952449918,0.5437109436478769
9,T_7,C_7_2,0.71,0.24,0,0,False,-1,-0.513041656172323,0.49015340052909906
6,T_8,C_8_5,0.0,0.82,1,0,True,1,13.89139742030641,0.4063740639271354
23,T_6,C_6_7,0.0,0.88,1,0,True,1,17.94294929355908,0.36554647706542287
39,T_8,C_8_5,0.0,0.81,1,0,True,-1,7.541276059543726,0.4652143139870735
21,T_10,C_10_1,0.61,0.0,0,0,False,-1,-26.335618608764893,0.42364731865556804
26,T_9,C_9_3,0.72,0.63,1,0,True,-1,17.42647053484271,0.512787039197516
37,T_8,C_8_3,0.0,0.71,0,0,True,1,-1.0302124010391491,0.5051360149270628
22,T_7,C_7_3,0.0,0.0,1,0,True,1,29.911263438522685,0.5014826532205833
46,T_6,C_6_7,0.0,0.75,1,0,True,-1,25.841608031199414,0.42175097993239274
45,T_10,C_10_1,0.82,0.0,0,0,True,-1,-16.524718795459492,0.5730332003968679
44,T_9,C_9_3,0.83,0.75,1,0,False,-1,12.076632555891829,0.6191834339469364
28,T_8,C_8_2,0.17,0.69,0,0,False,-1,-4.50267656714842,0.5054720064580762
4,T_9,C_9_17,0.91,0.9,0,0,False,-1,-32.42664469991355,0.6283341091628407
10,T_7,C_7_11,0.63,0.47,0,0,False,1,-4.451008721749432,0.559783001857624
49,T_8,C_8_3,0.0,0.84,1,0,True,1,7.043949199722712,0.5435055018659751
38,T_6,C_6_2,0.31,0.68,0,0,False,-1,-14.175069205185206,0.5127448158809587
40,T_6,C_6_9,0.02,0.55,0,0,True,1,-7.347814986214665,0.5427552308804378
13,T_6,C_6_2,0.26,0.16,1,0,False,-1,2.5968769205961335,0.5353983301859115
17,T_7,C_7_3,0.0,0.34,0,0,True,-1,-29.172064833122178,0.572398137772272
31,T_8,C_8_3,0.0,0.9,0,0,True,-1,-10.649606259832023,0.5093348745668194
34,T_7,C_7_11,0.46,0.64,0,0,True,1,-18.9914157210585,0.5790749100454583
3,T_8,C_8_2,0.38,0.8,0,0,False,-1,-7.100370785825902,0.5001049847659055
8,T_7,C_7_6,0.29,0.08,1,0,True,1,3.595001034864781,0.5529551788880943
7,T_6,C_6_3,0.32,0.37,1,0,False,-1,23.608196537878193,0.4764777964759512
0,T_2,C_2_2,0.54,0.88,1,0,False,1,8.19694289066362,0.5601548385965005
1,T_10,C_10_1,0.66,0.0,0,0,False,1,-16.63793769934254,0.49009040547755006
12,T_6,C_6_7,0.0,0.52,0,0,True,-1,-7.749751412354268,0.3994554115099703
36,T_7,C_7_6,0.38,0.86,1,0,True,-1,8.947173150395649,0.5722997020311738
18,T_9,C_9_3,0.86,0.74,0,0,True,-1,-2.064483069117035,0.5750897848355728
5,T_10,C_10_1,0.83,0.0,0,0,False,-1,-6.759817731063336,0.5983870221905445
2,T_5,C_5_1,1.15,0.6,1,0,False,-1,29.91225715250813,0.46385604041110096
21,T_10,C_10_4,0.64,0.0,1,0,True,-1,10.881026541381878,0.4522965644096489
19,T_9,C_9_1,0.23,1.06,1,0,True,-1,19.32798917128856,0.5515336749855999
41,T_7,C_7_11,0.6,0.77,1,0,False,1,27.07333013032556,0.519425487640292
45,T_10,C_10_2,0.0,0.0,1,0,True,1,16.19181140882288,0.5939691793681579
25,T_8,C_8_3,0.0,0.34,0,0,True,1,-28.980107465851155,0.5002418864618706
42,T_6,C_6_5,0.15,0.8,1,0,False,-1,19.454689724518538,0.5857916693340359
9,T_7,C_7_6,0.35,0.82,0,0,True,1,-38.09604949483665,0.6051308191828859
29,T_7,C_7_3,0.0,0.73,1,0,True,-1,22.931363195618722,0.42643082369854535
26,T_9,C_9_12,0.0,0.66,0,0,True,1,-11.629833153558753,0.57715082977559
44,T_9,C_9_17,0.07,0.55,1,0,True,1,20.928359497040933,0.6240507280696175
14,T_7,C_7_3,0.88,0.87,1,0,False,-1,21.105160379075976,0.5640116921833034
43,T_6,C_6_7,0.0,0.72,1,0,True,-1,27.818786950382318,0.3920150729124102
16,T_9,C_9_3,0.67,0.06,1,0,False,1,19.670823029678445,0.5496083962642356
27,T_7,C_7_3,0.71,1.06,1,0,False,1,19.25420695975019,0.48253812146641933
4,T_9,C_9_1,0.07,0.9,0,0,True,1,-2.7558285184487055,0.642448901257463
33,T_9,C_9_17,0.14,0.52,1,0,False,-1,13.292929133433976,0.6323800722727162
32,T_6,C_6_7,0.68,0.74,1,0,False,-1,14.954446767903644,0.4062946080586648
17,T_7,C_7_10,0.0,0.51,1,0,True,-1,9.406506676862726,0.630771595865874
5,T_10,C_10_4,0.46,0.0,1,0,True,-1,31.96007816942518,0.5860709738910794
46,T_6,C_6_1,0.0,0.79,1,0,True,1,9.761596497221994,0.34170812781604687
21,T_10,C_10_2,0.0,0.0,1,0,True,-1,32.063630438900844,0.45469233170457923
38,T_6,C_6_5,0.2,0.76,0,0,True,1,-14.70145284733087,0.5206090696067791
20,T_9,C_9_1,0.05,0.82,0,0,False,1,-13.114587237500885,0.7057565743492729
11,T_8,C_8_2,0.56,0.0,0,0,False,-1,-16.991152532670807,0.5883911361886108
23,T_7,C_7_6,0.75,0.57,0,0,False,-1,-5.965772656400091,0.4949467950575107
39,T_8,C_8_3,0.0,0.43,1,0,True,1,33.388003198757495,0.52368314697562
18,T_9,C_9_12,0.0,0.72,0,0,True,-1,-19.573709929748393,0.6833310589783994
19,T_9,C_9_12,0.0,0.79,1,0,True,1,3.461429323812597,0.6046142384590238
37,T_9,C_9_12,0.0,0.88,0,0,False,1,-31.779399894763525,0.5774308111189954
7,T_6,C_6_5,0.17,0.47,0,0,True,1,-28.601463951703057,0.5615517721979608
13,T_6,C_6_7,0.29,0.25,0,0,True,-1,-2.900270757037836,0.35696798613992275
6,T_9,C_9_17,0.25,0.66,0,0,False,1,-15.580261448509535,0.6395163773517154
28,T_8,C_8_3,0.78,0.84,1,0,True,1,14.027096487157632,0.4816868129960976
36,T_7,C_7_11,0.41,0.88,0,0,True,1,-9.524898954539305,0.555881637522783
2,T_5,C_5_7,0.4,0.13,0,0,True,1,-1.4667997530894343,0.5470978343894844
29,T_7,C_7_10,0.0,0.79,0,0,True,-1,-2.3714206061700107,0.48726479293505776
12,T_6,C_6_6,0.18,0.69,1,0,True,-1,17.573428837820806,0.41925552724384074
5,T_10,C_10_2,0.8,0.0,1,0,True,1,4.046907873386466,0.5889592598097597
44,T_10,C_10_2,0.78,0.0,1,0,False,-1,16.648918517975453,0.5503906547875527
22,T_8,C_8_3,0.86,0.85,1,0,False,-1,34.13529976736489,0.4595300094605316
31,T_8,C_8_6,0.0,0.87,1,0,True,1,20.415347132669833,0.5803366672050088
26,T_10,C_10_4,0.69,0.0,1,0,False,-1,5.939325818282631,0.5026761815925703
40,T_7,C_7_11,0.57,0.2,1,0,False,1,1.7204040383797565,0.6127641437748519
3,T_8,C_8_3,0.25,0.79,1,0,True,-1,23.12201136244618,0.42464157452408535
16,T_10,C_10_2,0.34,0.0,0,0,False,-1,-2.0240927612350497,0.5723158971224444
4,T_10,C_10_4,0.5,0.0,0,0,False,1,-4.366959362736679,0.5207814321887123
10,T_8,C_8_3,0.55,0.84,1,0,False,1,11.588429388794461,0.49596034374978215
21,T_10,C_10_3,0.0,0.0,1,0,True,1,20.089315389975763,0.34822434741724617
14,T_7,C_7_11,0.53,0.28,1,0,True,1,16.187366187376828,0.6220133176877608
49,T_9,C_9_12,0.92,0.8,1,0,False,1,23.864767128265218,0.6400331440829352
33,T_9,C_9_12,0.82,0.35,1,0,True,1,12.14180462123396,0.6051956346127392
0,T_3,C_3_11,0.88,0.31,1,0,False,-1,1.3208570320313324,0.5107166905662158
17,T_7,C_7_13,0.0,0.51,0,0,True,-1,-1.4798173586199503,0.5919879844749066
42,T_6,C_6_6,0.04,0.63,0,0,True,-1,-1.7277150211049737,0.47550130013845227
20,T_10,C_10_4,0.62,0.0,0,0,False,1,-8.939956430989959,0.631502249042355
34,T_8,C_8_2,0.66,0.45,0,0,False,1,-13.102247161618273,0.537689326761567
8,T_8,C_8_3,0.55,0.32,0,0,False,1,-14.795776573382966,0.5047339606812387
43,T_6,C_6_1,0.0,0.85,0,0,True,1,-31.224718031533943,0.3586435454707334
19,T_10,C_10_4,0.92,0.0,1,0,False,-1,16.24328371363901,0.48694098772822947
18,T_9,C_9_1,0.26,0.01,0,0,True,1,-6.29082863824377,0.6678270245872383
6,T_10,C_10_4,0.52,0.0,0,0,False,-1,-5.94760898597433,0.5161034361673174
41,T_8,C_8_3,0.32,0.27,0,0,False,-1,-14.016724284361253,0.4392211418091144
25,T_9,C_9_17,0.61,0.06,0,0,False,1,-13.021394453654882,0.5444304398340348
32,T_6,C_6_6,0.36,0.83,0,0,True,1,-7.623900337770955,0.4364605108956159
37,T_10,C_10_4,0.86,0.0,0,0,False,-1,-20.191736595080865,0.5264667590999744
44,T_10,C_10_4,0.58,0.0,1,0,True,1,6.442805976036176,0.6373926660020368
23,T_7,C_7_11,0.31,0.74,0,0,True,-1,-27.39800099233331,0.5034173673823267
26,T_10,C_10_2,0.16,0.0,0,0,True,-1,-18.79812218118716,0.47074628689427755
16,T_10,C_10_1,0.1,0.0,1,0,True,-1,9.12992989027596,0.5365753839384513
29,T_7,C_7_13,0.0,0.65,1,0,True,-1,7.1445064420898365,0.5501806694901756
9,T_8,C_8_3,0.69,0.8,0,0,False,1,-7.739661194697103,0.5476005608136304
11,T_8,C_8_3,0.21,0.8,0,0,True,1,-48.201121391371245,0.5505201841214603
27,T_8,C_8_2,0.7,0.8,0,0,False,1,-23.717229548887616,0.47442412354695584
13,T_6,C_6_1,0.43,0.24,0,0,True,1,-10.605796002747152,0.32448734466870494
38,T_7,C_7_11,0.88,1.13,0,0,False,1,-2.532042917358112,0.5061343762741332
46,T_7,C_7_11,0.78,0.77,0,0,False,1,-51.295871452544034,0.5850890960830236
49,T_10,C_10_3,0.85,0.0,0,0,False,1,-9.477102037834047,0.52606885638422
0,T_3,C_3_4,0.77,0.31,1,0,True,-1,17.860077399226835,0.695872260127441
33,T_10,C_10_3,0.76,0.0,1,0,False,1,5.888962436777373,0.42936923786310915
19,T_10,C_10_3,0.74,0.0,1,0,True,-1,21.31472789027243,0.36299310210838254
12,T_6,C_6_1,0.51,0.8,1,0,True,1,20.51923395613033,0.32916791202431134
7,T_7,C_7_11,0.46,0.68,1,0,False,1,13.81435529284655,0.5430613072045879
39,T_9,C_9_12,0.57,0.91,0,0,False,1,-17.163657739820515,0.6999330272250066
17,T_7,C_7_14,0.0,0.88,0,0,True,-1,-30.733412982253988,0.5795398920313302
37,T_10,C_10_3,0.59,0.0,0,0,True,1,-3.913480672137286,0.3850889646030279
6,T_10,C_10_3,0.73,0.0,1,0,True,-1,8.135186221871379,0.41298606287158196
2,T_6,C_6_1,0.58,0.95,0,0,False,-1,-0.9493674755710337,0.2973542214679573
18,T_10,C_10_3,0.81,0.0,1,0,False,-1,8.04718424856688,0.3993167310552602
16,T_10,C_10_3,0.74,0.0,1,0,True,1,33.12418881061674,0.41782178682405213
28,T_9,C_9_12,0.53,0.65,1,0,False,-1,1.4807370187112738,0.5839660465914767
36,T_8,C_8_6,0.72,0.59,1,0,False,1,22.16766284239309,0.524809135813271
3,T_8,C_8_6,0.68,0.5,1,0,True,-1,6.374598177632658,0.44518792136870333
25,T_10,C_10_3,0.71,0.0,1,0,False,-1,20.727864858864844,0.4123285429775182
22,T_8,C_8_6,0.76,0.65,1,0,True,1,26.28788783416638,0.5383961703530717
42,T_6,C_6_1,0.69,0.69,0,0,True,-1,-6.421729992189476,0.3633757716405505
26,T_10,C_10_3,0.65,0.0,1,0,True,-1,34.343602940427175,0.4045069761693386
31,T_9,C_9_12,0.7,0.77,0,0,False,1,-58.4905211242129,0.6326867884825549
40,T_8,C_8_6,0.84,0.73,0,0,False,-1,-27.411318375072007,0.5582653055987608
10,T_9,C_9_12,0.9,0.53,1,0,False,-1,12.298483320948872,0.6080784424506489
29,T_7,C_7_14,0.0,0.65,0,0,True,-1,-31.875624835906777,0.4592839888101186
23,T_7,C_7_14,0.0,0.6,0,0,True,-1,-26.798437871927327,0.38880066650895406
0,T_3,C_3_12,0.18,0.31,1,0,True,-1,12.969339509229538,0.5270498185310655
14,T_8,C_8_6,0.81,0.57,0,0,False,-1,-27.999554441669005,0.5403209822592298
19,T_10,C_10_5,0.0,0.0,1,0,True,-1,9.282501585789037,0.44241174121314614
6,T_10,C_10_1,0.33,0.0,1,0,True,-1,15.015707978887152,0.47495913819952185
8,T_9,C_9_12,1.04,0.48,1,0,False,-1,42.062749527570986,0.5984130625724011
43,T_7,C_7_11,0.73,0.75,1,0,False,-1,38.01971823396409,0.552330578843554
34,T_9,C_9_12,0.81,0.61,1,0,False,-1,13.86678216048802,0.6125069035449167
25,T_10,C_10_5,0.0,0.0,1,0,True,-1,2.3585401764018883,0.434777636620142
41,T_8,C_8_6,0.72,0.34,1,0,True,-1,16.167576712133872,0.4592231028997089
18,T_10,C_10_5,0.0,0.0,1,0,True,1,23.33547680029824,0.4625462034865122
32,T_7,C_7_11,0.71,0.79,0,0,False,1,-6.363388332358058,0.5279976741314993
17,T_7,C_7_4,0.0,0.9,0,0,True,1,-7.894699306360035,0.5853640097216577
39,T_10,C_10_3,0.21,0.0,1,0,False,1,36.28490861848006,0.5016240560985534
26,T_10,C_10_5,0.0,0.0,1,0,True,1,7.745688153793221,0.433593885947482
13,T_7,C_7_4,0.0,0.5,1,0,False,1,21.172684249374985,0.40117679985842475
2,T_6,C_6_9,0.13,0.87,1,0,True,-1,4.0288642160233294,0.44251505472828284
27,T_9,C_9_12,0.75,0.16,1,0,False,1,7.951096483502095,0.6041564750722981
46,T_8,C_8_6,0.77,0.56,1,0,False,1,7.121614707952647,0.5518767975832777
11,T_9,C_9_12,1.01,0.42,1,0,False,1,5.5688416935008185,0.7020943757953735
10,T_9,C_9_17,0.21,0.38,1,0,True,1,12.519345346760371,0.5918836650563334
6,T_10,C_10_2,-0.52,0.0,1,0,True,1,6.904047259021347,0.5126798127883389
38,T_8,C_8_3,1.07,0.43,1,0,False,1,16.78593702280088,0.4823127804718089
25,T_10,C_10_4,-0.01,0.0,1,0,True,1,4.0828724283344595,0.5606677591128955
28,T_9,C_9_15,0.0,0.32,0,0,True,1,-12.464416936640568,0.5350939711137388
31,T_10,C_10_4,0.65,0.0,1,0,False,1,4.8474345116710875,0.5671942147578235
29,T_7,C_7_4,0.0,0.57,1,0,True,-1,13.854468229127335,0.44653653652771663
19,T_10,C_10_1,-0.36,0.0,1,0,True,1,12.772670522329635,0.3950610744206847
23,T_7,C_7_4,0.0,0.6,1,0,True,-1,3.6939744019668765,0.4049879351757244
9,T_9,C_9_17,0.86,0.17,1,0,False,-1,7.908368720527841,0.6003017851276504
0,T_3,C_3_9,0.06,0.31,1,0,True,-1,10.26299797099044,0.4885976878609625
12,T_7,C_7_11,0.67,0.55,1,0,False,-1,14.397112206847197,0.5091895205191342
42,T_6,C_6_2,-0.24,0.68,0,0,True,1,-23.976352557046226,0.6003237608624449
8,T_9,C_9_15,0.0,0.48,0,0,True,1,-5.417635404705411,0.5897752914314568
36,T_9,C_9_3,0.4,0.03,0,0,False,1,-14.490435222572183,0.5557963600328981
10,T_10,C_10_3,0.53,0.0,0,0,False,-1,-23.27793889223492,0.43765426924888773
7,T_8,C_8_6,0.68,0.27,0,0,False,1,-2.567131485332524,0.45990818537766504
40,T_8,C_8_1,0.0,0.81,0,0,True,-1,-24.25910853413594,0.4551527320501414
27,T_10,C_10_3,0.03,0.0,0,0,False,-1,-26.808357282049094,0.38370623624752287
3,T_8,C_8_1,0.0,0.15,0,0,True,-1,-3.7634975096495626,0.3634263803207771
11,T_10,C_10_4,0.54,0.0,0,0,False,-1,-35.444234776550815,0.6311976490258127
43,T_7,C_7_6,0.41,0.62,1,0,True,-1,1.8510276300152668,0.5564985957703257
14,T_8,C_8_1,0.0,0.87,0,0,True,1,-33.70078203852209,0.4650890201750314
22,T_9,C_9_12,0.37,0.34,0,0,False,1,-25.876248211375803,0.5951401151219967
34,T_9,C_9_17,0.3,0.47,0,0,True,-1,-4.137571537460731,0.5709711555728465
28,T_10,C_10_5,0.4,0.0,1,0,False,-1,10.711694293403664,0.4135308840869263
29,T_7,C_7_1,0.0,0.57,1,0,True,-1,13.157824774661773,0.4058150016844244
11,T_10,C_10_1,0.32,0.0,1,0,True,1,32.08143204211866,0.5561783601732132
0,T_3,C_3_3,0.0,0.31,1,0,True,1,31.70548837738427,0.45476293744943797
9,T_9,C_9_15,0.9,0.18,1,0,True,1,35.2952178086377,0.6362374697800766
41,T_8,C_8_2,0.18,0.89,0,0,True,1,-6.846274077831762,0.5167924426548512
2,T_6,C_6_5,-0.03,0.71,0,0,True,1,-6.803642291480797,0.5106733025368606
8,T_10,C_10_4,0.47,0.0,1,0,False,-1,38.8269761371666,0.5257915318219689
23,T_7,C_7_1,0.0,0.59,1,0,True,-1,25.76898920565594,0.3432656851075274
12,T_7,C_7_4,0.24,0.55,1,0,True,1,34.54582949990087,0.41549015868779293
36,T_10,C_10_2,0.12,0.0,1,0,False,1,19.800515277188676,0.4598754208285184
10,T_10,C_10_1,0.08,0.0,1,0,True,1,11.005658977493903,0.48435076850085373
27,T_10,C_10_1,0.29,0.0,1,0,True,-1,25.49289864795302,0.4217599033776642
28,T_10,C_10_1,0.17,0.0,1,0,True,-1,0.504999906767349,0.4248335657187833
17,T_8,C_8_3,0.9,0.96,0,0,False,-1,-13.83495191161271,0.600777516521362
8,T_10,C_10_1,0.25,0.0,1,0,True,1,9.530935505719267,0.44115501240986954
32,T_8,C_8_2,0.04,0.87,1,0,False,-1,9.84713412018867,0.5249174731446935
34,T_9,C_9_15,0.88,0.34,1,0,True,1,15.511220281184759,0.6735453641092546
13,T_8,C_8_3,0.49,0.84,1,0,False,-1,8.718040949452643,0.43485993923094735
43,T_7,C_7_4,0.68,0.62,1,0,True,-1,3.9736793696159864,0.46939820185693815
22,T_10,C_10_1,0.29,0.0,0,0,False,-1,-18.421038214685083,0.4247610381521809
27,T_10,C_10_2,-0.06,0.0,1,0,True,-1,5.455710737903244,0.44549349548022155
46,T_9,C_9_15,0.89,0.34,0,0,False,1,-17.454645484105903,0.600946549389443
42,T_7,C_7_11,0.71,0.59,1,0,False,1,21.249032982012,0.5738113271730385
40,T_8,C_8_3,-0.04,0.97,1,0,True,1,18.867353592699008,0.5108682221193577
23,T_7,C_7_5,0.0,0.4,1,0,True,1,11.343201189886301,0.31742365877499307
28,T_10,C_10_2,0.12,0.0,1,0,True,-1,16.693016041523634,0.4584260494813448
29,T_7,C_7_5,0.0,0.62,1,0,True,-1,3.98576538271195,0.4339917282126891
38,T_9,C_9_15,0.86,0.16,1,0,False,1,30.547194086307908,0.5611842350254347
9,T_10,C_10_4,0.15,0.0,1,0,False,-1,14.739438761348854,0.5767158808939283
34,T_10,C_10_3,0.34,0.0,0,0,False,1,-3.7639036257920147,0.4619778978190804
3,T_8,C_8_5,-0.4,0.89,1,0,True,-1,15.533220178983543,0.39388922318050645
28,T_10,C_10_3,-0.45,0.0,1,0,True,-1,2.7279618839693924,0.3833471894972424
27,T_10,C_10_5,-0.17,0.0,1,0,True,1,16.093784685998493,0.4109148600722946
22,T_10,C_10_4,0.19,0.0,1,0,True,1,11.782948144163065,0.5177732352503093
7,T_9,C_9_15,0.94,-0.02,0,0,False,1,-0.5103873509329659,0.6050726239495581
46,T_10,C_10_3,0.31,0.0,0,0,False,1,-15.31238745693625,0.47413284016291535
43,T_7,C_7_5,0.0,0.66,1,0,True,-1,5.086747210451559,0.4314648111702344
0,T_4,C_4_4,0.31,0.13,1,0,False,1,0.25386457118709416,0.48766138872070586
28,T_10,C_10_4,-1.06,0.0,1,0,True,1,12.367223435730383,0.4975325642704451
9,T_10,C_10_2,0.02,0.0,0,0,True,1,-22.448681733238626,0.49792014609172797
14,T_9,C_9_15,0.98,0.57,0,0,False,-1,-25.73185802482712,0.6151979042636848
38,T_10,C_10_5,-0.12,0.0,0,0,False,1,-9.207842914195643,0.3801322791257381
2,T_7,C_7_11,0.73,0.12,0,0,False,1,-19.496248651185308,0.5617887060310888
41,T_9,C_9_15,0.94,0.21,1,0,False,-1,2.673317235514201,0.5623402762725457
29,T_7,C_7_12,0.0,0.53,0,0,True,-1,-5.7209086969055445,0.3698201563607083
12,T_8,C_8_2,0.55,0.45,0,0,False,-1,-8.831165967735249,0.46076593818851774
17,T_8,C_8_6,0.62,0.83,0,0,True,1,-22.381383794894873,0.608895531812081
7,T_10,C_10_3,0.01,0.0,0,0,False,-1,-18.000481859863523,0.40739284496525197
32,T_8,C_8_3,0.01,0.44,1,0,True,1,2.4154756228074774,0.4388042489712074
43,T_7,C_7_12,0.0,0.66,0,0,True,-1,-8.553561494861896,0.3929835726051414
13,T_8,C_8_2,0.43,0.75,1,0,True,1,24.03790946901986,0.5182838348417818
7,T_10,C_10_5,0.21,0.0,1,0,True,1,1.382738715764816,0.453694005144157
14,T_9,C_9_12,0.56,0.71,1,0,True,-1,4.152953765472731,0.6014978750656433
41,T_9,C_9_1,0.15,0.35,0,0,True,-1,-7.426072288170705,0.5846939607094044
29,T_7,C_7_7,0.0,0.57,1,0,True,-1,12.293871292001748,0.39729544005034845
3,T_8,C_8_4,-0.73,0.3,1,0,True,-1,12.1713495133469,0.481890670178739
42,T_8,C_8_6,0.59,0.45,0,0,False,1,-1.7390820124743698,0.5618036313273438
43,T_7,C_7_7,0.0,0.56,1,0,True,-1,14.960849782436302,0.4494449944802094
40,T_9,C_9_12,0.43,0.66,1,0,False,-1,17.835449568989095,0.5917250749072008
14,T_9,C_9_17,0.22,0.71,1,0,True,1,17.008834983432333,0.5772916865548448
23,T_8,C_8_3,0.28,0.39,1,0,False,-1,11.996534485919941,0.44733486143136203
41,T_9,C_9_12,0.07,0.35,1,0,True,1,13.052441021436273,0.6275321369811999
29,T_7,C_7_9,0.0,0.57,1,0,True,1,6.8642752458246665,0.3477894150747365
0,T_5,C_5_7,0.13,0.46,0,0,False,-1,-17.969423405870003,0.5365249434719055
40,T_9,C_9_15,0.24,0.66,0,0,True,1,-12.497865723786031,0.6227392264829279
14,T_10,C_10_4,0.71,0.0,0,0,False,1,-16.11349570783709,0.557469453270556
43,T_7,C_7_9,0.0,0.57,0,0,True,-1,-8.115622236279357,0.3353461502151596
41,T_10,C_10_5,0.35,0.0,1,0,False,1,5.696666148999663,0.4347265166874157
12,T_8,C_8_6,-0.27,0.09,0,0,True,-1,-18.146016830824856,0.4324630909549103
2,T_8,C_8_6,0.12,0.5,0,0,False,1,-2.2640095797921553,0.5228798543715547
40,T_10,C_10_3,0.66,0.0,0,0,False,-1,-1.7151853318153698,0.4471712260224718
17,T_9,C_9_15,0.9,0.39,0,0,False,1,-16.624083636900092,0.6981626587693038
13,T_9,C_9_15,0.81,0.42,1,0,False,-1,7.239793481743973,0.5332548811919035
43,T_7,C_7_3,-0.08,0.57,1,0,True,-1,33.98975450721706,0.4648160893756831
40,T_10,C_10_4,0.62,0.0,1,0,True,1,27.0982775352742,0.5734365856835497
32,T_9,C_9_12,0.25,0.33,1,0,False,1,2.7242625613650944,0.6365315973146553
0,T_5,C_5_10,0.08,0.46,1,0,True,1,1.852340144122774,0.5498252782536972
3,T_9,C_9_15,0.43,0.34,0,0,False,-1,-16.913366085638515,0.5567671184364956
23,T_8,C_8_6,0.11,0.09,0,0,True,1,-7.66481727297359,0.40327537059620644
17,T_10,C_10_2,0.39,0.0,0,0,False,1,-41.055846296720276,0.5510241416657435
42,T_9,C_9_12,0.43,0.12,0,0,False,1,-37.99463257640367,0.6638571633585487
43,T_7,C_7_2,-0.6,0.57,1,0,True,1,0.07154655263035181,0.4861993171575554
32,T_10,C_10_5,0.33,0.0,0,0,False,-1,-16.063930516426097,0.4184990937149508
13,T_9,C_9_12,0.06,0.42,1,0,True,1,6.173423211089519,0.5579047371666552
32,T_10,C_10_4,0.21,0.0,0,0,True,1,-9.935808345209805,0.5447368131518535
12,T_8,C_8_3,-0.42,0.14,0,0,True,-1,-14.433403003176627,0.3968343303933689
3,T_9,C_9_16,0.0,0.16,0,0,True,-1,-10.58324527447,0.43326688482782905
42,T_10,C_10_5,0.06,0.0,0,0,False,1,-33.330895091876,0.4776498129640487
29,T_8,C_8_2,0.57,0.04,0,0,False,-1,-2.880280571238554,0.48459816680019563
13,T_10,C_10_5,0.17,0.0,1,0,False,1,21.426124568163857,0.37518149956578645
2,T_9,C_9_12,0.41,0.4,1,0,False,1,10.856119324325338,0.5479631910592715
3,T_9,C_9_12,0.05,0.33,1,0,True,-1,5.707516314513169,0.5539433519192196
2,T_10,C_10_4,0.4,0.0,0,0,False,-1,-2.0960509707901167,0.5374886114025127
0,T_6,C_6_1,0.46,0.78,1,0,False,1,1.5316977203093707,0.37155719989480207
3,T_9,C_9_7,0.0,0.33,1,0,True,1,2.376863760950343,0.5186668872822553
2,T_10,C_10_1,0.07,0.0,1,0,True,1,1.06096417936039,0.4473206152799688
23,T_9,C_9_12,0.25,0.31,0,0,False,1,-13.387602092016026,0.5041444733172697
12,T_8,C_8_1,-0.44,0.82,0,0,True,-1,-16.710809951651385,0.3282570987403999
3,T_10,C_10_5,0.33,0.0,0,0,False,1,-11.368251204915085,0.4093962038940933
43,T_8,C_8_3,0.55,0.87,0,0,False,1,-19.140052771494695,0.4960398342693457
29,T_8,C_8_6,0.27,0.84,0,0,True,-1,-4.142761853186901,0.46300392902062876
23,T_10,C_10_5,0.28,0.0,1,0,False,-1,0.9607613242705639,0.3352507202667939
23,T_10,C_10_2,-0.11,0.0,1,0,True,-1,16.52478338437131,0.3872706963505453
23,T_10,C_10_1,-0.33,0.0,1,0,True,-1,16.620861815743865,0.3520878609578615
23,T_10,C_10_4,-0.7,0.0,1,0,True,1,16.779275233139963,0.47073193263483754
0,T_7,C_7_11,0.78,0.84,1,0,False,-1,11.160128510975527,0.5454572374679396
12,T_8,C_8_4,-0.87,0.82,1,0,True,-1,20.744672396147973,0.4739192289752765
0,T_7,C_7_2,0.2,0.84,1,0,True,1,25.482513473989062,0.463473903272301
29,T_8,C_8_3,-0.03,0.84,1,0,True,1,23.330825162300734,0.45345083642960465
43,T_9,C_9_7,0.87,0.78,0,0,False,-1,-10.54705561810402,0.5528036521240115
43,T_9,C_9_15,0.61,0.78,1,0,True,-1,15.189072121141951,0.6042651503965236
12,T_8,C_8_5,-0.94,0.26,0,0,True,-1,-3.499520478381818,0.3978136394220517
43,T_9,C_9_12,0.38,0.78,1,0,True,1,12.687623119337223,0.5403376360616962
29,T_9,C_9_7,0.48,0.3,0,0,False,-1,-1.5036798344736724,0.5548325079900255
0,T_8,C_8_3,0.76,0.87,1,0,False,-1,18.13938450854903,0.4894082480008022
43,T_10,C_10_1,0.78,0.0,1,0,False,-1,19.77758326631302,0.47087689595341303
43,T_10,C_10_5,0.2,0.0,1,0,True,-1,16.004361995429782,0.4647982818176545
29,T_9,C_9_15,0.27,0.46,1,0,True,-1,18.017833960456507,0.568505500932631
43,T_10,C_10_3,0.2,0.0,1,0,True,1,16.00904843074078,0.4271424687893134
12,T_9,C_9_12,0.08,0.66,1,0,False,1,7.315773847252329,0.52884365164693
29,T_9,C_9_17,0.04,0.46,1,0,True,1,2.3932131864366397,0.5672249641045621
0,T_8,C_8_6,0.15,0.94,0,0,True,1,-25.263891713859042,0.4363690152270371
12,T_10,C_10_5,0.66,0.0,0,0,False,-1,-7.256668041331505,0.40187699105591224
29,T_10,C_10_5,0.47,0.0,0,0,False,1,-9.863884536176858,0.42474181709129044
12,T_10,C_10_4,0.17,0.0,0,0,True,1,-6.759672477183454,0.4647479130579826
0,T_9,C_9_12,0.94,0.35,0,0,False,-1,-18.288487526903754,0.5970735882066474
0,T_9,C_9_3,0.04,0.35,0,0,True,1,-0.437128898589382,0.5580414477007463
0,T_10,C_10_3,0.35,0.0,0,0,False,-1,-19.46163591774793,0.44601741398424005
0,T_10,C_10_5,-0.0,0.0,0,0,True,1,-0.7626549482818525,0.46236081115859107
