student_number,topic,arm_pulled,pay-off,pay-off_next_topic,actual_decision,skip_decision,reward,confidence_score
2,T_1,C_1_9,0.54,0.53,0,0,1,-10.0
0,T_1,C_1_12,0.58,0.57,0,0,-1,-10.0
1,T_1,C_1_13,0.58,0.65,1,0,1,33.54091816367266
3,T_1,C_1_9,0.51,0.56,1,0,1,27.249500998003985
12,T_1,C_1_9,0.51,0.55,0,0,-1,-7.977101603476589
28,T_1,C_1_13,0.54,0.57,1,0,-1,16.495522328655575
30,T_1,C_1_9,0.57,0.6,1,0,-1,24.223880537610803
42,T_1,C_1_9,0.55,0.6,1,0,1,21.809950189352094
32,T_1,C_1_14,0.54,0.58,1,0,-1,29.093532278904327
39,T_1,C_1_3,0.61,0.64,1,0,1,33.60995018935209
31,T_1,C_1_12,0.6,0.61,1,0,1,27.952238746566017
6,T_1,C_1_3,0.56,0.62,1,0,-1,17.22686561223766
26,T_1,C_1_13,0.53,0.59,1,0,1,25.382664154318512
46,T_1,C_1_9,0.6,0.61,1,0,1,18.318051828274776
22,T_1,C_1_9,0.55,0.59,1,0,-1,21.421431549944757
8,T_1,C_1_3,0.56,0.68,1,0,-1,20.85483115233044
13,T_1,C_1_13,0.5,0.57,1,0,1,20.267356003225075
29,T_1,C_1_13,0.54,0.58,1,0,-1,22.308111470421892
25,T_1,C_1_9,0.57,0.56,1,0,1,24.563972530476654
17,T_1,C_1_9,0.66,0.68,1,0,-1,27.229582643384113
20,T_1,C_1_3,0.63,0.67,1,0,1,32.21541245103276
36,T_1,C_1_13,0.56,0.58,1,0,-1,16.004886135243297
11,T_1,C_1_12,0.63,0.65,0,0,1,-15.633055022682981
34,T_1,C_1_9,0.58,0.61,0,0,-1,-9.21837248300044
7,T_1,C_1_9,0.55,0.58,1,0,1,26.266361967439792
21,T_1,C_1_9,0.55,0.51,0,0,1,-16.641983594111544
40,T_1,C_1_12,0.61,0.63,1,0,1,28.283932808530288
14,T_1,C_1_9,0.6,0.63,0,0,1,-17.335435975063927
5,T_1,C_1_14,0.62,0.66,1,0,-1,36.40111255033763
33,T_1,C_1_3,0.54,0.59,0,0,-1,-21.071547086175038
38,T_1,C_1_13,0.54,0.55,0,0,1,-19.583451848079797
4,T_1,C_1_9,0.6,0.59,0,0,-1,-18.891983594111547
41,T_1,C_1_14,0.52,0.58,1,0,-1,29.535104163687315
49,T_1,C_1_12,0.64,0.64,1,0,1,31.82747284555054
15,T_1,C_1_3,0.71,0.73,0,0,1,-16.222340736968697
44,T_1,C_1_12,0.63,0.65,1,0,1,31.639167592825068
48,T_1,C_1_3,0.58,0.62,1,0,1,31.52222012007978
16,T_1,C_1_3,0.52,0.57,1,0,1,28.209038752389
43,T_1,C_1_12,0.58,0.61,1,0,1,22.547988207294843
37,T_1,C_1_13,0.54,0.61,1,0,1,13.856214173598117
10,T_1,C_1_3,0.54,0.57,1,0,-1,17.43500505565956
47,T_1,C_1_3,0.6,0.67,1,0,1,25.18128850461892
18,T_1,C_1_9,0.58,0.61,0,0,1,-22.329831219841132
24,T_1,C_1_9,0.58,0.61,0,0,-1,-27.301118348554006
45,T_1,C_1_14,0.6,0.64,0,0,1,-22.784451192224136
9,T_1,C_1_9,0.62,0.64,0,0,1,-33.56684486185816
27,T_1,C_1_13,0.51,0.57,1,0,1,6.896214645614981
23,T_1,C_1_13,0.52,0.55,0,0,1,-22.957633972088637
35,T_1,C_1_12,0.6,0.56,0,0,1,-23.202209908972268
19,T_1,C_1_3,0.5,0.57,1,0,-1,12.51272601543179
0,T_1,C_1_5,0.52,0.57,0,0,-1,-38.23462233944302
12,T_1,C_1_12,0.51,0.55,1,0,1,45.17141585063126
30,T_1,C_1_1,0.54,0.6,1,0,-1,22.116320757419295
28,T_1,C_1_3,0.51,0.57,1,0,1,7.837803647153141
32,T_1,C_1_4,0.52,0.58,1,0,-1,14.957575510271008
6,T_1,C_1_9,0.56,0.62,1,0,-1,14.364595929203922
22,T_1,C_1_12,0.55,0.59,1,0,1,21.647421816156942
17,T_1,C_1_3,0.64,0.68,1,0,-1,23.106702119187247
8,T_1,C_1_13,0.55,0.68,1,0,1,17.254429391914528
29,T_1,C_1_9,0.53,0.58,0,0,-1,-25.203998011256253
36,T_1,C_1_9,0.54,0.58,1,0,-1,12.222193161927663
2,T_2,C_2_14,0.53,0.63,1,0,1,22.97974033173898
34,T_1,C_1_3,0.57,0.61,1,0,-1,23.739174294003128
5,T_1,C_1_9,0.61,0.66,0,0,1,-24.7270411059187
1,T_2,C_2_14,0.65,0.68,0,0,1,-36.02647613416728
3,T_2,C_2_14,0.56,0.61,1,0,-1,23.519421398488223
33,T_1,C_1_9,0.54,0.59,0,0,1,-19.61306448079201
41,T_1,C_1_3,0.5,0.58,1,0,1,11.725476332568455
4,T_1,C_1_3,0.55,0.59,1,0,1,29.728290591480267
42,T_2,C_2_14,0.6,0.7,0,0,-1,-28.738492218640484
39,T_2,C_2_6,0.64,0.72,0,0,-1,-25.625284803680934
26,T_2,C_2_14,0.59,0.66,0,0,1,-40.41761408338159
31,T_2,C_2_14,0.61,0.71,1,0,-1,15.910809344541395
46,T_2,C_2_10,0.61,0.7,1,0,1,16.594312347732718
10,T_1,C_1_13,0.53,0.57,1,0,1,15.301704441318849
24,T_1,C_1_3,0.57,0.61,0,0,1,-12.292400059440189
25,T_2,C_2_15,0.56,0.68,0,0,1,-40.318446571068094
13,T_2,C_2_14,0.57,0.57,0,0,1,-10.663562850137863
11,T_2,C_2_5,0.65,0.72,0,0,1,-32.475655873393684
20,T_2,C_2_14,0.67,0.73,0,0,1,-6.116586105951824
0,T_1,C_1_14,0.52,0.57,0,0,-1,-36.99015300416988
21,T_2,C_2_6,0.51,0.67,0,0,1,-6.55335486255246
19,T_1,C_1_9,0.5,0.57,0,0,-1,-0.8074071785669066
7,T_2,C_2_14,0.58,0.67,0,0,-1,-23.309958198975075
40,T_2,C_2_14,0.63,0.68,1,0,-1,14.637891014715946
38,T_2,C_2_14,0.55,0.63,0,0,-1,-2.190971149946397
14,T_2,C_2_15,0.63,0.76,1,0,-1,3.3636691252422293
49,T_2,C_2_5,0.64,0.74,1,0,1,20.443957843830713
30,T_1,C_1_3,0.54,0.6,0,0,1,-2.735981017072767
15,T_2,C_2_15,0.73,0.82,0,0,1,-38.9721942523669
44,T_2,C_2_18,0.65,0.72,0,0,1,-38.3003192523669
32,T_1,C_1_13,0.5,0.58,0,0,-1,-18.98965748766101
16,T_2,C_2_6,0.57,0.59,0,0,-1,-24.591718370554105
37,T_2,C_2_14,0.61,0.64,0,0,1,-32.47983051788226
48,T_2,C_2_6,0.62,0.66,0,0,1,-31.944620722955122
47,T_2,C_2_14,0.67,0.7,1,0,-1,7.74790917361889
18,T_2,C_2_18,0.61,0.73,1,0,-1,13.509813935523649
6,T_1,C_1_13,0.55,0.62,1,0,-1,1.4850886607983809
3,T_2,C_2_6,0.53,0.61,1,0,-1,14.46952089523061
43,T_2,C_2_14,0.61,0.61,1,0,-1,6.081647180046742
2,T_3,C_3_4,0.63,0.53,0,0,1,-25.22599276234885
45,T_2,C_2_14,0.64,0.68,0,0,1,-26.582514428890303
29,T_1,C_1_3,0.53,0.58,0,0,-1,-17.901235890077512
1,T_3,C_3_4,0.68,0.57,0,0,-1,-5.520502296770164
17,T_1,C_1_12,0.62,0.68,1,0,1,4.404773338838561
42,T_2,C_2_6,0.59,0.7,1,0,-1,14.195110622339005
9,T_2,C_2_14,0.64,0.74,0,0,1,-4.419426667299453
39,T_2,C_2_10,0.63,0.72,1,0,1,28.142902723055418
23,T_2,C_2_14,0.55,0.61,0,0,1,-32.44135891683024
36,T_1,C_1_6,0.53,0.58,0,0,1,-35.79992009945417
34,T_1,C_1_12,0.57,0.61,0,0,1,-12.761807576768161
31,T_2,C_2_10,0.59,0.71,0,0,-1,-32.47596365662297
27,T_2,C_2_14,0.57,0.65,0,0,-1,-20.927869282757264
35,T_2,C_2_14,0.56,0.68,0,0,-1,-46.336217740107536
12,T_2,C_2_14,0.55,0.61,1,0,-1,11.547422820444687
26,T_3,C_3_4,0.66,0.54,0,0,-1,-31.935517296149392
46,T_3,C_3_4,0.7,0.54,0,0,-1,-55.45826569012235
28,T_2,C_2_14,0.57,0.67,1,0,-1,0.8614611670870072
7,T_2,C_2_6,0.56,0.67,1,0,1,13.617975093412253
38,T_2,C_2_6,0.53,0.63,1,0,1,30.119317204306515
13,T_3,C_3_4,0.57,0.46,1,0,1,50.31734587814162
40,T_2,C_2_10,0.61,0.68,1,0,-1,42.41232795699467
14,T_2,C_2_14,0.59,0.76,1,0,1,35.5699201377913
11,T_3,C_3_4,0.72,0.64,1,0,1,49.39445012883874
1,T_3,C_3_5,0.64,0.57,1,0,-1,29.486622171573977
20,T_3,C_3_4,0.73,0.6,1,0,1,25.912856462668913
25,T_3,C_3_4,0.68,0.56,1,0,1,22.68429659017862
22,T_2,C_2_14,0.59,0.71,1,0,-1,15.443034318512638
8,T_2,C_2_14,0.68,0.65,0,0,-1,-18.101885308854207
21,T_3,C_3_4,0.67,0.48,0,0,-1,-21.596097241178335
0,T_1,C_1_3,0.52,0.57,1,0,-1,13.670906617533442
19,T_1,C_1_13,0.49,0.57,1,0,-1,17.175795506422332
49,T_3,C_3_4,0.74,0.6,1,0,1,10.642462173089006
16,T_2,C_2_14,0.56,0.59,0,0,1,-27.831925038278676
15,T_3,C_3_4,0.82,0.69,1,0,-1,4.265474593884376
5,T_2,C_2_6,0.66,0.73,1,0,1,8.859984107732698
18,T_2,C_2_15,0.61,0.73,1,0,-1,5.62969181366714
47,T_2,C_2_10,0.63,0.7,1,0,1,41.98972457819367
46,T_3,C_3_5,0.68,0.54,1,0,1,36.37993372821363
26,T_3,C_3_5,0.54,0.54,1,0,-1,32.15535371053016
3,T_2,C_2_10,0.52,0.61,1,0,-1,39.181878909469134
44,T_3,C_3_4,0.72,0.64,1,0,-1,42.85650313581751
37,T_3,C_3_4,0.64,0.55,1,0,1,31.28888809174944
33,T_2,C_2_14,0.59,0.65,1,0,-1,36.647545335565695
43,T_2,C_2_10,0.57,0.61,0,0,-1,-4.085689822724074
32,T_1,C_1_3,0.5,0.58,1,0,1,49.52627126779795
4,T_2,C_2_10,0.59,0.68,1,0,1,10.71866008202575
41,T_2,C_2_14,0.58,0.64,0,0,-1,-31.0548203717321
48,T_3,C_3_4,0.66,0.59,0,0,1,-52.88610332428041
1,T_3,C_3_7,0.59,0.57,0,0,1,-48.27715103208688
2,T_4,C_4_1,0.53,0.53,1,0,1,25.415002646140145
42,T_2,C_2_7,0.58,0.7,1,0,-1,29.926834372695794
45,T_3,C_3_4,0.68,0.61,1,0,1,36.09234327209587
31,T_2,C_2_5,0.59,0.71,1,0,-1,47.278369472969224
21,T_3,C_3_5,0.59,0.48,1,0,-1,34.55959218039282
6,T_1,C_1_12,0.52,0.62,1,0,-1,29.639941525370972
10,T_2,C_2_14,0.57,0.67,0,0,1,-39.49478188370947
39,T_3,C_3_4,0.72,0.61,1,0,-1,0.03288539468552565
27,T_2,C_2_2,0.55,0.65,1,0,1,3.9737034973835215
9,T_3,C_3_4,0.74,0.6,0,0,-1,-11.458008009787164
24,T_2,C_2_14,0.61,0.71,1,0,1,0.7047739934670711
23,T_3,C_3_4,0.61,0.5,0,0,-1,-5.624964531526307
12,T_2,C_2_5,0.51,0.61,1,0,1,8.352426772821515
35,T_2,C_2_15,0.56,0.68,0,0,-1,-6.2990475595170885
15,T_3,C_3_9,0.76,0.69,1,0,1,50.466407751082386
28,T_2,C_2_6,0.54,0.67,0,0,1,-5.956211834298741
29,T_1,C_1_14,0.51,0.58,0,0,1,-6.44450324800212
26,T_3,C_3_7,0.53,0.54,1,0,1,22.271440478696157
40,T_2,C_2_15,0.6,0.68,0,0,-1,-4.064083173681437
44,T_3,C_3_5,0.69,0.64,1,0,-1,0.8408518352796026
7,T_3,C_3_4,0.67,0.52,1,0,-1,5.512120170050967
13,T_4,C_4_4,0.46,0.52,1,0,1,25.559554045865415
22,T_2,C_2_15,0.57,0.71,1,0,-1,52.41989887345163
38,T_3,C_3_4,0.63,0.52,0,0,-1,-8.962757279092244
8,T_2,C_2_10,0.63,0.65,1,0,1,2.8855806824065433
30,T_2,C_2_14,0.6,0.67,1,0,1,26.625842418111986
14,T_3,C_3_4,0.76,0.6,0,0,1,-1.0629855098557972
20,T_4,C_4_4,0.6,0.69,0,0,1,-24.769142798999574
25,T_4,C_4_4,0.56,0.57,0,0,-1,-18.662418898062043
11,T_4,C_4_4,0.64,0.62,0,0,1,-17.89529561039081
21,T_3,C_3_1,0.53,0.48,1,0,-1,16.745810387007733
39,T_3,C_3_5,0.71,0.61,1,0,1,46.002434187631344
18,T_2,C_2_6,0.59,0.73,1,0,1,39.08931664078296
9,T_3,C_3_9,0.64,0.6,0,0,1,-2.65279797011267
3,T_2,C_2_15,0.51,0.61,0,0,1,-36.33207272200625
49,T_4,C_4_4,0.6,0.64,0,0,-1,-57.993846994890745
23,T_3,C_3_7,0.49,0.5,0,0,1,-19.25331121811812
5,T_3,C_3_4,0.73,0.63,0,0,1,-3.544130786554449
16,T_3,C_3_9,0.59,0.52,0,0,-1,-11.27633417638496
17,T_2,C_2_14,0.68,0.75,0,0,1,-16.13904604079174
46,T_4,C_4_4,0.54,0.61,1,0,-1,4.471970908360813
33,T_2,C_2_6,0.58,0.65,0,0,1,-19.090057302514563
47,T_3,C_3_4,0.7,0.57,0,0,-1,-32.79902515361439
0,T_1,C_1_13,0.51,0.57,0,0,1,-24.873931504584778
41,T_2,C_2_6,0.57,0.64,0,0,1,-22.434353216448805
19,T_1,C_1_1,0.49,0.57,0,0,-1,-32.202934297529886
43,T_2,C_2_8,0.53,0.61,0,0,-1,-27.26218349926326
37,T_4,C_4_4,0.55,0.55,1,0,1,3.7840635033907644
44,T_3,C_3_9,0.64,0.64,1,0,1,27.53785776983258
42,T_2,C_2_2,0.58,0.7,0,0,1,-10.146875719785468
36,T_2,C_2_14,0.58,0.68,0,0,1,-16.855629928539678
7,T_3,C_3_5,0.59,0.52,0,0,-1,-9.656976729886471
38,T_3,C_3_9,0.54,0.52,0,0,1,-17.97347504638479
31,T_2,C_2_8,0.58,0.71,1,0,-1,37.56190539101415
34,T_2,C_2_14,0.61,0.66,0,0,1,-12.819235458933903
4,T_3,C_3_4,0.68,0.54,1,0,1,3.189167902410639
48,T_4,C_4_4,0.59,0.62,0,0,-1,-11.855110759470843
1,T_4,C_4_4,0.57,0.59,0,0,-1,-24.155522481271717
45,T_4,C_4_1,0.61,0.62,0,0,-1,-25.756551335444968
21,T_3,C_3_2,0.51,0.48,1,0,-1,33.608307818499156
10,T_3,C_3_4,0.67,0.55,1,0,1,16.269189108944204
2,T_5,C_5_10,0.53,0.53,1,0,-1,14.482007075695988
27,T_3,C_3_4,0.65,0.52,0,0,1,-8.493866468397185
35,T_2,C_2_5,0.55,0.68,1,0,1,25.52277246671097
40,T_2,C_2_4,0.59,0.68,1,0,1,43.2283809988307
24,T_3,C_3_4,0.71,0.54,0,0,1,-19.73616663629978
6,T_1,C_1_6,0.5,0.62,0,0,1,-11.100481988996881
16,T_3,C_3_4,0.59,0.52,0,0,-1,-19.557743399785256
12,T_3,C_3_4,0.61,0.47,0,0,1,-4.363552528415945
15,T_4,C_4_4,0.69,0.75,0,0,1,-7.834360579739025
22,T_2,C_2_10,0.57,0.71,0,0,-1,-6.108594216855826
25,T_4,C_4_1,0.54,0.57,1,0,-1,28.53027287741216
47,T_3,C_3_5,0.64,0.57,1,0,1,24.149478175425397
28,T_3,C_3_4,0.67,0.56,1,0,1,16.076501767798273
26,T_4,C_4_4,0.54,0.55,1,0,-1,14.492548087070407
8,T_3,C_3_4,0.65,0.53,0,0,-1,-53.05348700500181
49,T_4,C_4_1,0.59,0.64,0,0,1,-48.35142939183309
7,T_3,C_3_9,0.57,0.52,0,0,-1,-6.8642757905032346
14,T_4,C_4_4,0.6,0.61,1,0,-1,1.076610909004153
30,T_3,C_3_5,0.67,0.52,0,0,1,-13.839249220230425
39,T_4,C_4_4,0.61,0.68,1,0,-1,2.4832773064845513
32,T_2,C_2_18,0.58,0.64,1,0,1,21.608898976141795
9,T_4,C_4_4,0.6,0.62,1,0,1,29.784021725732643
21,T_3,C_3_9,0.5,0.48,0,0,1,-0.09104233898039604
46,T_4,C_4_1,0.52,0.61,1,0,-1,5.881996876705873
13,T_5,C_5_5,0.52,0.58,0,0,1,-35.680911620026166
18,T_3,C_3_4,0.73,0.6,1,0,1,23.064470192296362
23,T_4,C_4_4,0.5,0.48,0,0,-1,-10.728351993674256
3,T_3,C_3_4,0.61,0.49,0,0,1,-12.361157108604635
5,T_4,C_4_4,0.63,0.67,0,0,1,-23.85911961879207
43,T_2,C_2_5,0.53,0.61,0,0,1,-24.794994869184638
20,T_5,C_5_5,0.69,0.71,0,0,1,-35.58551469515133
11,T_5,C_5_5,0.62,0.62,0,0,1,-34.915060149696764
16,T_3,C_3_5,0.57,0.52,0,0,1,-9.518618159758008
33,T_3,C_3_5,0.65,0.55,0,0,1,-4.036446360730463
17,T_3,C_3_4,0.75,0.63,0,0,1,-24.12330782307602
48,T_4,C_4_1,0.57,0.62,1,0,1,16.56283019501506
41,T_3,C_3_4,0.64,0.54,1,0,1,7.8221193711055355
2,T_5,C_5_7,0.52,0.53,0,0,-1,-24.661379359566048
42,T_3,C_3_4,0.7,0.59,0,0,1,-31.834428764376703
31,T_2,C_2_4,0.58,0.71,0,0,1,-20.006731501896823
8,T_3,C_3_5,0.65,0.53,0,0,-1,-33.22096891255593
1,T_4,C_4_1,0.53,0.59,0,0,-1,-30.016051600689863
45,T_4,C_4_4,0.59,0.62,0,0,1,-41.75523857366215
7,T_3,C_3_2,0.54,0.52,0,0,1,-15.297417554219493
36,T_3,C_3_4,0.68,0.56,0,0,-1,-40.752550899890124
44,T_4,C_4_4,0.64,0.62,0,0,-1,-23.226909874249117
38,T_4,C_4_4,0.52,0.55,0,0,1,-21.55142910501833
29,T_2,C_2_14,0.58,0.68,0,0,1,-1.738580749410783
19,T_1,C_1_12,0.47,0.57,0,0,1,-41.03363885824797
34,T_3,C_3_4,0.66,0.55,0,0,1,-26.184717994938616
4,T_4,C_4_4,0.54,0.6,1,0,1,21.720095650514466
37,T_5,C_5_5,0.55,0.58,0,0,1,-5.576555067188882
10,T_4,C_4_4,0.55,0.6,0,0,-1,-31.439291045127206
22,T_2,C_2_8,0.54,0.71,1,0,1,13.521028187496428
25,T_4,C_4_3,0.43,0.57,1,0,-1,21.715295703419997
26,T_4,C_4_3,0.48,0.55,1,0,1,0.7302739664874407
14,T_4,C_4_3,0.53,0.61,0,0,-1,-8.138914634144463
40,T_3,C_3_5,0.68,0.56,0,0,1,-14.56000900369245
27,T_4,C_4_4,0.52,0.54,0,0,-1,-17.541154604941124
24,T_4,C_4_4,0.54,0.6,0,0,1,-38.88118267538159
35,T_3,C_3_4,0.68,0.57,0,0,1,-9.865134508906088
12,T_4,C_4_4,0.47,0.55,0,0,1,-0.1842655461190681
39,T_4,C_4_3,0.6,0.68,1,0,1,12.948645846285967
47,T_4,C_4_4,0.57,0.65,0,0,1,-36.582013457261326
8,T_3,C_3_1,0.57,0.53,0,0,1,-38.72746800271588
28,T_4,C_4_4,0.56,0.58,1,0,1,2.309527109516406
46,T_4,C_4_5,0.5,0.61,1,0,-1,20.718366888521935
0,T_2,C_2_14,0.57,0.62,0,0,-1,-2.2982159250924026
36,T_3,C_3_5,0.61,0.56,0,0,-1,-3.0488450409847774
23,T_4,C_4_1,0.41,0.48,0,0,-1,-29.590746752606883
2,T_5,C_5_1,0.52,0.53,0,0,-1,-28.47340088512206
32,T_3,C_3_4,0.64,0.56,0,0,1,-39.05875100801008
30,T_4,C_4_1,0.52,0.63,0,0,1,-50.52710450325432
15,T_5,C_5_5,0.75,0.74,0,0,1,-54.264359405215124
21,T_4,C_4_4,0.48,0.54,1,0,1,28.52848213816076
18,T_4,C_4_4,0.6,0.62,1,0,1,25.487825375064578
1,T_4,C_4_5,0.5,0.59,1,0,1,30.678997977098646
49,T_5,C_5_10,0.64,0.63,1,0,-1,0.9358255359463099
16,T_4,C_4_1,0.52,0.56,1,0,-1,4.3904235259570745
9,T_5,C_5_5,0.62,0.6,0,0,1,-21.315254201595344
3,T_4,C_4_4,0.49,0.55,0,0,-1,-30.447447047629552
33,T_4,C_4_4,0.55,0.61,0,0,1,-23.3797954146591
43,T_3,C_3_5,0.61,0.52,0,0,1,-22.241381728811508
44,T_4,C_4_1,0.58,0.62,1,0,1,14.793773375932902
41,T_4,C_4_4,0.54,0.57,0,0,1,-5.200158582619185
17,T_4,C_4_1,0.63,0.66,1,0,1,17.859531339861434
13,T_6,C_6_4,0.58,0.6,0,0,-1,-40.34284944109231
42,T_4,C_4_4,0.59,0.62,0,0,1,-31.12457361697432
31,T_3,C_3_4,0.71,0.59,0,0,1,-23.883460788535373
10,T_4,C_4_1,0.5,0.6,0,0,-1,-22.390205908572618
6,T_2,C_2_14,0.62,0.66,0,0,1,-26.61259973096645
5,T_5,C_5_5,0.67,0.63,0,0,1,-34.81877733714404
36,T_3,C_3_1,0.55,0.56,0,0,-1,-27.258715060967656
7,T_4,C_4_4,0.52,0.59,0,0,-1,-2.7570661211955505
20,T_6,C_6_5,0.71,0.72,0,0,1,-20.07293669130343
11,T_6,C_6_5,0.62,0.67,0,0,1,-0.21715631739957164
25,T_4,C_4_5,0.43,0.57,1,0,1,11.661211657966101
48,T_5,C_5_5,0.62,0.62,0,0,1,-33.232692528686364
34,T_4,C_4_1,0.55,0.6,0,0,1,-35.055000220994046
14,T_4,C_4_1,0.52,0.61,0,0,-1,-4.4470459846078425
29,T_3,C_3_4,0.68,0.52,0,0,1,-40.970066796909855
27,T_4,C_4_1,0.48,0.54,0,0,1,-12.039667045330344
45,T_5,C_5_5,0.62,0.63,0,0,1,-16.190221479041224
22,T_3,C_3_4,0.71,0.55,0,0,-1,-48.420704406578665
2,T_5,C_5_2,0.52,0.53,0,0,1,-7.918787534595523
46,T_4,C_4_3,0.48,0.61,0,0,1,-32.108720607526436
38,T_5,C_5_5,0.55,0.54,0,0,1,-24.152293873057502
40,T_4,C_4_4,0.56,0.64,0,0,1,-20.160776572293877
4,T_5,C_5_5,0.6,0.62,0,0,1,-15.725348373048055
23,T_4,C_4_5,0.38,0.48,0,0,1,-7.745911967869079
49,T_5,C_5_9,0.63,0.63,0,0,-1,-5.958771662689978
35,T_4,C_4_4,0.57,0.55,0,0,1,-29.03686125769284
0,T_2,C_2_6,0.57,0.62,1,0,-1,0.7643552401504108
8,T_4,C_4_5,0.53,0.61,0,0,-1,-48.12866241519551
37,T_6,C_6_4,0.58,0.61,0,0,-1,-35.328433011679195
36,T_3,C_3_7,0.55,0.56,0,0,-1,-38.20565437075405
26,T_5,C_5_5,0.55,0.56,0,0,-1,-22.087805518471647
16,T_4,C_4_4,0.51,0.56,1,0,1,8.480972983194222
3,T_4,C_4_3,0.47,0.55,1,0,1,22.84025360794482
12,T_5,C_5_10,0.55,0.54,1,0,1,22.883417044582185
24,T_5,C_5_5,0.6,0.6,1,0,-1,25.88115460114325
39,T_5,C_5_5,0.68,0.67,1,0,1,41.92135613124556
32,T_4,C_4_4,0.56,0.56,0,0,-1,-9.02585710091558
47,T_5,C_5_5,0.65,0.64,1,0,1,0.6212459841107494
22,T_3,C_3_5,0.63,0.55,0,0,1,-18.680902651281457
28,T_5,C_5_5,0.58,0.55,1,0,1,8.265675447516106
13,T_6,C_6_5,0.5,0.6,1,0,1,3.0531547415769396
10,T_4,C_4_5,0.46,0.6,0,0,-1,-21.620874166898236
43,T_4,C_4_4,0.52,0.55,0,0,1,-25.333449017197633
19,T_2,C_2_2,0.57,0.65,0,0,1,-21.685993927377282
30,T_5,C_5_5,0.63,0.63,0,0,1,-48.298473005096284
7,T_4,C_4_1,0.48,0.59,0,0,-1,-29.727471510327966
18,T_5,C_5_5,0.62,0.59,0,0,1,-41.24683404087027
1,T_5,C_5_5,0.59,0.6,0,0,1,-30.11549075728817
21,T_5,C_5_5,0.54,0.54,0,0,-1,-27.611759414004588
36,T_3,C_3_2,0.53,0.56,0,0,1,-28.83272672510012
14,T_4,C_4_5,0.51,0.61,0,0,-1,-30.96841688670073
15,T_6,C_6_5,0.74,0.8,1,0,-1,0.5074129668313407
44,T_5,C_5_10,0.62,0.63,0,0,1,-5.24870646837861
31,T_4,C_4_4,0.59,0.6,0,0,1,-12.651680446073765
49,T_5,C_5_5,0.62,0.63,1,0,-1,2.9773158364541032
9,T_6,C_6_2,0.6,0.68,1,0,-1,0.2701955501946678
6,T_3,C_3_4,0.66,0.55,1,0,1,22.479581613079766
33,T_5,C_5_5,0.61,0.6,1,0,1,26.63462612346553
41,T_5,C_5_5,0.57,0.57,1,0,-1,24.262725737862823
26,T_5,C_5_10,0.54,0.56,1,0,1,3.2632281676462096
17,T_5,C_5_5,0.66,0.63,0,0,-1,-17.467142202724155
42,T_5,C_5_5,0.62,0.58,1,0,-1,20.75031451434795
20,T_7,C_7_8,0.72,0.68,0,0,-1,-9.6940285672949
24,T_5,C_5_10,0.59,0.6,1,0,1,2.813896563655094
8,T_4,C_4_4,0.52,0.61,1,0,-1,24.593933899426677
11,T_7,C_7_8,0.67,0.61,1,0,1,26.30632327995768
5,T_6,C_6_2,0.63,0.74,0,0,1,-8.300446925010327
37,T_6,C_6_2,0.52,0.61,1,0,1,27.811447542143448
0,T_2,C_2_5,0.55,0.62,1,0,-1,36.67752554067181
29,T_4,C_4_4,0.52,0.58,1,0,1,45.28164621764013
25,T_5,C_5_10,0.57,0.56,1,0,-1,5.224529512884155
48,T_6,C_6_2,0.62,0.72,1,0,1,27.30113866159466
32,T_4,C_4_3,0.53,0.56,1,0,1,23.75708579815852
27,T_5,C_5_5,0.54,0.56,0,0,1,-6.63531974243981
45,T_6,C_6_4,0.63,0.7,0,0,1,-15.229742838809512
34,T_5,C_5_10,0.6,0.61,0,0,1,-1.8613902236827045
10,T_4,C_4_3,0.46,0.6,1,0,1,16.533040338338235
40,T_5,C_5_10,0.64,0.62,1,0,-1,22.02722446972253
21,T_5,C_5_7,0.53,0.54,1,0,-1,29.620791721184535
2,T_6,C_6_5,0.53,0.56,1,0,1,16.380294645161147
35,T_5,C_5_10,0.55,0.59,0,0,1,-2.1218919297494514
46,T_5,C_5_5,0.61,0.59,1,0,-1,1.418648610791072
23,T_5,C_5_5,0.48,0.52,0,0,-1,-3.1834217373238713
38,T_6,C_6_4,0.54,0.63,0,0,1,-1.5089026319769205
4,T_6,C_6_5,0.62,0.66,0,0,1,-15.260408568866499
49,T_5,C_5_7,0.61,0.63,1,0,1,10.70754481787786
7,T_4,C_4_3,0.47,0.59,1,0,-1,4.89714049799778
16,T_5,C_5_1,0.56,0.58,1,0,-1,16.72814137830096
20,T_7,C_7_11,0.65,0.68,0,0,1,-12.180270909956334
14,T_4,C_4_2,0.41,0.61,1,0,1,13.90542262671763
22,T_4,C_4_4,0.55,0.59,1,0,-1,15.96977446539428
3,T_5,C_5_10,0.55,0.55,0,0,1,-4.923549192080313
13,T_7,C_7_8,0.6,0.54,0,0,-1,-8.387286824048974
19,T_3,C_3_4,0.65,0.5,1,0,1,25.725009946347562
15,T_6,C_6_9,0.68,0.8,0,0,1,-1.6065587551814708
41,T_5,C_5_10,0.56,0.57,0,0,1,-9.510975844247367
17,T_5,C_5_9,0.64,0.63,0,0,1,-9.07288750246603
42,T_5,C_5_2,0.55,0.58,0,0,1,-17.13536189391249
39,T_6,C_6_5,0.67,0.75,0,0,-1,-5.6382562499182765
47,T_6,C_6_4,0.64,0.73,0,0,1,-7.9128580143662575
36,T_4,C_4_4,0.56,0.57,0,0,-1,-26.6740310905108
9,T_6,C_6_4,0.58,0.68,0,0,1,-4.01193722769493
28,T_6,C_6_2,0.55,0.64,0,0,-1,-36.41627143991308
12,T_6,C_6_4,0.54,0.58,0,0,1,-9.296413761990948
8,T_4,C_4_3,0.51,0.61,1,0,-1,28.089171496890565
43,T_5,C_5_10,0.55,0.6,1,0,1,19.407157108401385
6,T_4,C_4_4,0.55,0.62,0,0,-1,-16.119261532518944
30,T_6,C_6_5,0.63,0.68,0,0,1,-27.788776354013173
25,T_5,C_5_7,0.54,0.56,0,0,1,-15.33964918506738
18,T_6,C_6_5,0.59,0.65,0,0,1,-25.506793663218524
1,T_6,C_6_4,0.6,0.66,0,0,1,-21.14677783850719
40,T_5,C_5_2,0.61,0.62,1,0,1,0.7766036584804432
21,T_5,C_5_9,0.51,0.54,0,0,-1,-12.688811351206496
31,T_5,C_5_5,0.6,0.6,1,0,1,6.443343590087714
0,T_2,C_2_15,0.55,0.62,1,0,-1,16.05603973844721
46,T_5,C_5_9,0.58,0.59,0,0,1,-12.55645559710336
44,T_6,C_6_5,0.63,0.67,0,0,1,-23.112407129533885
23,T_5,C_5_10,0.47,0.52,1,0,1,16.33467969905686
26,T_6,C_6_4,0.56,0.63,0,0,-1,-4.51043678462391
13,T_7,C_7_6,0.57,0.54,1,0,-1,11.142995143879451
33,T_6,C_6_2,0.6,0.69,0,0,1,-16.549030530784137
5,T_7,C_7_8,0.74,0.63,0,0,1,-1.519174563003661
16,T_5,C_5_5,0.55,0.58,1,0,-1,6.844848099885867
37,T_7,C_7_8,0.61,0.54,1,0,-1,13.99994725002747
7,T_4,C_4_5,0.47,0.59,0,0,-1,-8.322328236136348
24,T_6,C_6_5,0.6,0.63,0,0,1,-21.300466090305434
29,T_5,C_5_5,0.58,0.55,0,0,1,-4.72838254462534
45,T_7,C_7_8,0.7,0.66,0,0,1,-40.22591601890299
11,T_8,C_8_2,0.61,0.7,0,0,-1,-13.79926215633364
22,T_4,C_4_5,0.5,0.59,1,0,-1,8.070874426711423
48,T_7,C_7_8,0.72,0.65,1,0,1,5.1011348067255256
32,T_5,C_5_10,0.56,0.56,1,0,-1,1.891423335930284
27,T_6,C_6_4,0.56,0.58,0,0,1,-4.0850635375527915
36,T_4,C_4_1,0.53,0.57,0,0,1,-15.946593573533534
2,T_7,C_7_8,0.56,0.55,0,0,1,-21.882167803225407
10,T_5,C_5_5,0.6,0.56,1,0,-1,15.794302785009881
4,T_7,C_7_8,0.66,0.6,0,0,-1,-21.508696176812606
34,T_6,C_6_5,0.61,0.68,0,0,-1,-5.586521561476797
39,T_6,C_6_2,0.63,0.75,1,0,1,9.433715703003315
8,T_4,C_4_1,0.47,0.61,1,0,-1,39.993838666307965
19,T_4,C_4_4,0.5,0.57,1,0,-1,38.519640618888175
38,T_7,C_7_8,0.63,0.53,1,0,1,35.40751790471427
13,T_7,C_7_11,0.5,0.54,1,0,1,34.969887242693325
6,T_4,C_4_3,0.51,0.62,1,0,1,31.552465639905883
15,T_7,C_7_8,0.8,0.73,0,0,1,-4.579796839105692
21,T_5,C_5_10,0.49,0.54,0,0,-1,-7.8572919300468325
35,T_6,C_6_2,0.59,0.62,0,0,-1,-12.463501574481706
28,T_6,C_6_4,0.54,0.64,1,0,1,10.941398646732345
49,T_6,C_6_5,0.63,0.68,0,0,1,-29.107441965615326
37,T_7,C_7_6,0.59,0.54,0,0,1,-16.433957292617105
14,T_5,C_5_10,0.61,0.58,0,0,1,-20.106306741302415
3,T_6,C_6_4,0.55,0.61,0,0,1,-2.8557899097391513
16,T_5,C_5_2,0.55,0.58,0,0,-1,-36.57812332443281
20,T_8,C_8_2,0.68,0.74,0,0,1,-54.44302306691163
41,T_6,C_6_4,0.57,0.64,0,0,1,-32.97982259335202
9,T_7,C_7_8,0.68,0.62,0,0,-1,-3.2241575687214663
0,T_2,C_2_18,0.54,0.62,0,0,1,-28.272438190315423
47,T_7,C_7_8,0.73,0.62,0,0,-1,-7.807992735907003
17,T_6,C_6_5,0.63,0.71,0,0,1,-17.917950672169745
42,T_6,C_6_4,0.58,0.66,0,0,-1,-15.256037496526162
30,T_7,C_7_8,0.68,0.63,0,0,1,-19.98736045585203
12,T_7,C_7_8,0.58,0.49,0,0,-1,-6.891074348561794
4,T_7,C_7_11,0.6,0.6,1,0,1,13.905619112105365
7,T_4,C_4_2,0.39,0.59,1,0,-1,38.68592003120346
32,T_5,C_5_5,0.54,0.56,1,0,1,19.44605748824812
26,T_6,C_6_2,0.53,0.63,1,0,-1,36.63024992811067
18,T_7,C_7_8,0.65,0.59,0,0,1,-6.629172427313005
10,T_5,C_5_9,0.58,0.56,1,0,-1,4.099222634415407
1,T_7,C_7_8,0.66,0.58,0,0,1,-8.311614128273213
22,T_4,C_4_3,0.49,0.59,1,0,-1,5.939414678311136
43,T_6,C_6_4,0.6,0.65,0,0,1,-9.250266276601755
33,T_7,C_7_8,0.69,0.61,0,0,1,-11.449173193543126
31,T_6,C_6_5,0.6,0.65,0,0,-1,-22.029091226330003
44,T_7,C_7_8,0.67,0.63,1,0,1,15.172737416501807
25,T_6,C_6_2,0.56,0.59,0,0,-1,-8.947110420010894
40,T_6,C_6_5,0.62,0.65,0,0,1,-30.020780269942716
21,T_5,C_5_8,0.49,0.54,0,0,1,-7.932103598728492
8,T_4,C_4_2,0.39,0.61,1,0,1,15.585678698671936
46,T_6,C_6_2,0.59,0.67,0,0,-1,-13.112783539555117
11,T_8,C_8_3,0.58,0.7,1,0,1,12.365972891540103
19,T_4,C_4_5,0.46,0.57,1,0,-1,18.695224592220356
9,T_7,C_7_10,0.58,0.62,1,0,-1,31.57889806160813
34,T_6,C_6_4,0.6,0.68,1,0,1,7.177381682438016
47,T_7,C_7_6,0.62,0.62,1,0,-1,15.618957769394525
23,T_6,C_6_4,0.52,0.54,1,0,1,2.4186027018468863
16,T_5,C_5_9,0.54,0.58,0,0,1,-14.413826063417675
24,T_7,C_7_8,0.63,0.59,0,0,-1,-16.961315887026934
12,T_7,C_7_11,0.51,0.49,1,0,1,1.975615677205333
35,T_6,C_6_4,0.53,0.62,1,0,-1,8.509084237043083
29,T_6,C_6_4,0.55,0.62,0,0,-1,-5.390960077047923
5,T_8,C_8_6,0.63,0.69,1,0,1,9.190456332609568
27,T_7,C_7_8,0.58,0.51,0,0,1,-5.804817131266216
36,T_5,C_5_5,0.57,0.56,0,0,1,-30.841764665530626
39,T_7,C_7_8,0.75,0.65,1,0,-1,35.96084054124538
45,T_8,C_8_2,0.66,0.71,0,0,1,-3.545224148781582
48,T_8,C_8_2,0.65,0.65,0,0,1,-21.422049329986056
10,T_5,C_5_7,0.56,0.56,1,0,1,2.927178339590826
2,T_8,C_8_2,0.55,0.62,0,0,1,-5.905904758542686
49,T_7,C_7_8,0.68,0.62,1,0,1,28.978813740116824
42,T_6,C_6_5,0.58,0.66,0,0,-1,-48.29483550479686
6,T_5,C_5_5,0.62,0.6,0,0,1,-28.670337512828993
28,T_7,C_7_8,0.64,0.54,0,0,1,-15.784925631188718
22,T_4,C_4_1,0.47,0.59,0,0,1,-8.166196534198766
26,T_6,C_6_5,0.5,0.63,0,0,-1,-24.1581697783459
9,T_7,C_7_11,0.56,0.62,0,0,1,-21.68746216115492
38,T_8,C_8_2,0.53,0.58,0,0,1,-27.176098524791264
13,T_8,C_8_2,0.54,0.62,0,0,1,-39.4909380969838
0,T_3,C_3_4,0.62,0.56,0,0,1,-14.708365375783794
3,T_7,C_7_8,0.61,0.53,0,0,1,-9.570088822677596
47,T_7,C_7_11,0.62,0.62,0,0,1,-41.92041202832063
14,T_6,C_6_2,0.58,0.63,0,0,-1,-13.302666864878333
24,T_7,C_7_11,0.57,0.59,0,0,1,-35.09578183041092
41,T_7,C_7_8,0.64,0.54,0,0,1,-36.1837818304109
37,T_8,C_8_2,0.54,0.62,0,0,1,-5.210957935229924
15,T_8,C_8_4,0.73,0.78,0,0,1,-4.65599457746843
17,T_7,C_7_8,0.71,0.66,0,0,-1,-59.57214333356953
25,T_6,C_6_4,0.52,0.59,0,0,-1,-39.42413704118975
20,T_9,C_9_17,0.74,0.63,0,0,1,-58.18103128648478
19,T_4,C_4_1,0.45,0.57,1,0,1,2.706376108536505
31,T_6,C_6_2,0.59,0.65,0,0,1,-14.116568188545694
39,T_7,C_7_11,0.68,0.65,0,0,1,-0.5130047767969206
7,T_5,C_5_5,0.59,0.56,1,0,1,1.796291880935918
46,T_6,C_6_5,0.57,0.67,1,0,1,1.353538737322431
30,T_8,C_8_2,0.63,0.68,1,0,-1,0.015544132435515223
32,T_6,C_6_5,0.56,0.61,1,0,1,15.233017356567
40,T_7,C_7_8,0.65,0.61,0,0,1,-21.992923727762843
35,T_6,C_6_5,0.5,0.62,0,0,1,-2.707055389510174
43,T_7,C_7_8,0.65,0.57,0,0,1,-15.943302819819127
4,T_8,C_8_2,0.6,0.63,0,0,1,-18.332630883060226
18,T_8,C_8_4,0.59,0.64,0,0,1,-42.27798837069384
29,T_6,C_6_5,0.55,0.62,0,0,1,-29.706038334312574
1,T_8,C_8_2,0.58,0.64,0,0,-1,-11.694998159912046
21,T_6,C_6_5,0.54,0.6,1,0,-1,1.955501757419528
34,T_7,C_7_8,0.68,0.61,0,0,1,-20.597185127665323
23,T_7,C_7_8,0.54,0.46,0,0,1,-4.049284865198157
33,T_8,C_8_2,0.61,0.64,0,0,1,-9.186423972809699
20,T_10,C_10_1,0.63,0.0,0,0,-1,-26.882261931589458
17,T_7,C_7_11,0.65,0.66,0,0,1,-16.10093521145889
8,T_5,C_5_5,0.61,0.64,0,0,-1,-8.327531007205291
44,T_8,C_8_2,0.63,0.68,1,0,1,19.939302360940765
42,T_6,C_6_2,0.56,0.66,0,0,-1,-12.768389854742189
16,T_6,C_6_4,0.58,0.69,0,0,1,-51.45178983530684
11,T_9,C_9_17,0.7,0.55,0,0,1,-10.04005997396009
20,T_10,C_10_4,0.57,0.0,0,0,1,-10.35427118647642
26,T_6,C_6_9,0.48,0.63,1,0,-1,6.7329409022960665
14,T_6,C_6_5,0.58,0.63,1,0,-1,51.90844661191396
36,T_6,C_6_4,0.56,0.61,0,0,-1,-7.196651356722896
12,T_8,C_8_4,0.49,0.59,0,0,1,-11.664923046047196
5,T_9,C_9_3,0.69,0.58,0,0,-1,-12.570117851242
0,T_4,C_4_4,0.56,0.55,0,0,1,-11.682428159210108
27,T_8,C_8_2,0.51,0.64,1,0,1,27.5658538195742
48,T_9,C_9_3,0.65,0.56,0,0,1,-1.0312964394931257
25,T_6,C_6_5,0.5,0.59,1,0,1,2.261555599206716
10,T_6,C_6_4,0.56,0.67,1,0,1,16.95515611633662
45,T_9,C_9_17,0.71,0.58,0,0,1,-55.39257116777916
6,T_6,C_6_2,0.6,0.69,1,0,-1,8.642938921766476
28,T_8,C_8_4,0.54,0.6,1,0,-1,4.333939360562128
2,T_9,C_9_17,0.62,0.44,0,0,-1,-32.42299165168801
22,T_5,C_5_5,0.59,0.58,1,0,1,14.34481528364468
49,T_8,C_8_4,0.62,0.71,1,0,1,8.45934751590551
11,T_10,C_10_2,0.55,0.0,0,0,1,-2.7335783692290043
38,T_9,C_9_3,0.58,0.46,1,0,1,11.611337975687327
9,T_8,C_8_4,0.62,0.68,0,0,1,-10.80290857743891
47,T_8,C_8_4,0.62,0.69,0,0,1,-32.293581394433446
3,T_8,C_8_2,0.53,0.58,0,0,-1,-27.673311990969687
48,T_10,C_10_2,0.56,0.0,0,0,-1,-38.479137964226695
13,T_9,C_9_17,0.62,0.45,0,0,-1,-36.461830271919034
37,T_9,C_9_17,0.62,0.45,0,0,1,-17.080420015508768
15,T_9,C_9_3,0.78,0.65,1,0,1,3.059552570590604
45,T_10,C_10_3,0.58,0.0,0,0,1,-28.112022333378658
8,T_5,C_5_10,0.61,0.64,1,0,-1,25.63126124993354
21,T_6,C_6_2,0.5,0.6,1,0,1,36.7726560036124
5,T_9,C_9_19,0.67,0.58,1,0,1,26.756021326709018
41,T_8,C_8_4,0.54,0.6,1,0,-1,21.99021707460675
48,T_10,C_10_3,0.55,0.0,1,0,1,22.11106106437659
31,T_7,C_7_8,0.65,0.58,1,0,1,29.303516307343337
24,T_8,C_8_2,0.59,0.69,1,0,1,1.0126119333698007
19,T_5,C_5_5,0.57,0.58,0,0,1,-24.945980364361954
46,T_7,C_7_8,0.67,0.58,0,0,1,-8.132961857661225
30,T_8,C_8_5,0.57,0.68,0,0,1,-40.69645898593183
32,T_7,C_7_8,0.61,0.54,0,0,1,-14.929143297434639
35,T_7,C_7_8,0.62,0.54,0,0,-1,-8.990966114515548
38,T_10,C_10_3,0.46,0.0,1,0,-1,22.0247199689568
2,T_9,C_9_3,0.54,0.44,0,0,1,-23.673174544450283
42,T_6,C_6_9,0.51,0.66,0,0,1,-7.8219348750288
1,T_8,C_8_4,0.55,0.64,0,0,1,-13.849595501337921
7,T_6,C_6_4,0.56,0.67,0,0,1,-30.721030526851713
29,T_7,C_7_8,0.62,0.55,0,0,1,-4.192670469571732
39,T_8,C_8_2,0.65,0.7,0,0,1,-32.93358632412833
37,T_10,C_10_3,0.45,0.0,0,0,-1,-2.27894803542155
15,T_10,C_10_2,0.65,0.0,0,0,-1,-41.208967034788216
14,T_6,C_6_9,0.54,0.63,1,0,1,32.157066586875864
4,T_9,C_9_3,0.63,0.52,1,0,1,15.670990637508782
26,T_6,C_6_8,0.47,0.63,1,0,-1,10.463395700799914
36,T_6,C_6_2,0.52,0.61,1,0,-1,8.109499352550522
38,T_10,C_10_2,0.45,0.0,1,0,-1,21.89697563338545
18,T_9,C_9_3,0.64,0.52,0,0,-1,-12.453810527496259
5,T_10,C_10_3,0.58,0.0,0,0,1,-17.29650501344294
40,T_8,C_8_2,0.61,0.65,0,0,-1,-23.33817168010964
13,T_9,C_9_16,0.54,0.45,0,0,-1,-28.550808696965902
43,T_8,C_8_2,0.57,0.63,0,0,1,-24.922417529773462
37,T_10,C_10_1,0.44,0.0,1,0,1,17.784015455900736
16,T_7,C_7_8,0.69,0.6,0,0,-1,-12.474333630425622
6,T_6,C_6_4,0.59,0.69,1,0,-1,23.129951183689016
23,T_8,C_8_4,0.46,0.55,1,0,-1,12.652487103181693
15,T_10,C_10_1,0.65,0.0,1,0,1,28.408937701042007
34,T_8,C_8_2,0.61,0.68,0,0,-1,-5.9460025129290415
33,T_9,C_9_3,0.64,0.51,1,0,-1,18.75144278779819
2,T_10,C_10_2,0.44,0.0,0,0,1,-5.154236013989909
17,T_8,C_8_2,0.66,0.72,1,0,1,4.333216934567165
35,T_7,C_7_11,0.56,0.54,1,0,1,8.857683684880872
8,T_5,C_5_13,0.54,0.64,1,0,-1,19.794943030544395
38,T_10,C_10_5,0.42,0.0,1,0,-1,21.82063225360209
44,T_9,C_9_17,0.68,0.57,1,0,-1,6.273639772399072
0,T_5,C_5_5,0.55,0.58,0,0,1,-1.8004692634968436
10,T_7,C_7_8,0.67,0.58,1,0,1,14.935911450341582
4,T_10,C_10_1,0.52,0.0,0,0,1,-7.406430143808587
25,T_7,C_7_8,0.59,0.54,0,0,1,-19.661966878373374
28,T_8,C_8_2,0.52,0.6,1,0,1,21.46728850780246
27,T_9,C_9_17,0.64,0.43,0,0,1,-10.182237273013225
3,T_8,C_8_4,0.52,0.58,1,0,1,0.6445039582728711
12,T_9,C_9_17,0.59,0.42,0,0,-1,-14.12455527955511
38,T_10,C_10_1,0.41,0.0,1,0,-1,12.48041366454426
18,T_9,C_9_1,0.64,0.52,1,0,1,3.3501575854000016
22,T_6,C_6_5,0.58,0.62,0,0,1,-5.5997256479905335
13,T_9,C_9_3,0.54,0.45,0,0,1,-20.49675704125611
49,T_9,C_9_17,0.71,0.58,0,0,1,-34.636075926705004
21,T_7,C_7_8,0.6,0.52,0,0,1,-19.54552478180723
16,T_7,C_7_11,0.64,0.6,0,0,-1,-38.97724283000263
47,T_9,C_9_3,0.69,0.58,0,0,1,-24.86846656300638
41,T_8,C_8_2,0.54,0.6,0,0,1,-24.01741588315471
38,T_10,C_10_4,0.41,0.0,1,0,-1,27.938510433189112
9,T_9,C_9_3,0.68,0.52,1,0,-1,8.492554576036444
36,T_6,C_6_5,0.49,0.61,0,0,-1,-33.27727050983292
33,T_9,C_9_17,0.6,0.51,0,0,1,-27.24096281752522
44,T_9,C_9_15,0.65,0.57,0,0,1,-19.551427359314715
42,T_7,C_7_8,0.66,0.6,0,0,1,-14.666221711678133
26,T_6,C_6_3,0.4,0.63,0,0,1,-3.1634592807388984
31,T_8,C_8_2,0.58,0.66,0,0,-1,-18.956083006386386
19,T_6,C_6_5,0.58,0.6,1,0,-1,9.14987404506683
27,T_10,C_10_3,0.43,0.0,1,0,-1,6.713945167077899
7,T_7,C_7_8,0.67,0.57,0,0,-1,-6.2638261989792525
30,T_9,C_9_17,0.68,0.55,0,0,1,-21.623507571528286
24,T_9,C_9_17,0.69,0.5,0,0,1,-11.198224575598758
18,T_10,C_10_1,0.52,0.0,0,0,1,-10.759767747674665
8,T_5,C_5_9,0.52,0.64,0,0,-1,-4.407489049676492
12,T_9,C_9_3,0.54,0.42,0,0,1,-14.716803353143654
49,T_10,C_10_2,0.58,0.0,0,0,-1,-12.281940967822564
14,T_7,C_7_8,0.63,0.63,1,0,1,24.522215172028456
46,T_8,C_8_2,0.58,0.66,1,0,1,28.652942111551972
13,T_10,C_10_1,0.45,0.0,1,0,1,16.03164977462125
27,T_10,C_10_2,0.42,0.0,1,0,-1,12.333237076208572
6,T_6,C_6_5,0.56,0.69,1,0,1,29.120782863754343
47,T_10,C_10_3,0.58,0.0,1,0,1,22.962052705024195
32,T_8,C_8_2,0.54,0.59,1,0,-1,6.507554206848248
40,T_8,C_8_3,0.59,0.65,1,0,1,15.493798736770223
1,T_9,C_9_17,0.64,0.52,1,0,1,4.885845857715546
16,T_7,C_7_6,0.6,0.6,0,0,-1,-12.784682347287013
33,T_10,C_10_1,0.51,0.0,0,0,1,-2.307824856422233
29,T_8,C_8_4,0.55,0.62,0,0,1,-6.436326683462461
39,T_9,C_9_3,0.7,0.6,0,0,1,-18.165924734619548
9,T_9,C_9_17,0.63,0.52,1,0,-1,14.950361970504131
44,T_10,C_10_2,0.57,0.0,0,0,1,-7.389662360396095
49,T_10,C_10_3,0.54,0.0,1,0,-1,29.493177699063
23,T_8,C_8_2,0.45,0.55,0,0,1,-0.6501976281565778
34,T_8,C_8_4,0.57,0.68,0,0,1,-19.89887624443998
27,T_10,C_10_4,0.41,0.0,1,0,1,3.0889951927946946
30,T_10,C_10_1,0.55,0.0,0,0,-1,-43.88521489874254
24,T_10,C_10_1,0.5,0.0,0,0,-1,-2.2479831527759906
43,T_9,C_9_17,0.63,0.49,0,0,-1,-30.108807725970472
12,T_10,C_10_3,0.42,0.0,0,0,1,-28.662012079053888
7,T_7,C_7_11,0.59,0.57,0,0,-1,-11.680117813905476
0,T_6,C_6_2,0.58,0.66,1,0,1,15.496143405406974
35,T_8,C_8_4,0.54,0.6,0,0,1,-2.300249166883926
17,T_9,C_9_17,0.72,0.58,0,0,1,-3.8243165555722918
49,T_10,C_10_1,0.51,0.0,1,0,-1,4.011942709395484
22,T_7,C_7_8,0.62,0.57,1,0,1,0.5120252013470754
8,T_5,C_5_7,0.52,0.64,1,0,-1,2.1353705683747215
36,T_6,C_6_8,0.45,0.61,0,0,-1,-2.592066254729925
19,T_6,C_6_4,0.55,0.6,0,0,-1,-4.909885312252161
1,T_10,C_10_3,0.52,0.0,1,0,-1,31.72228853327107
25,T_8,C_8_2,0.54,0.59,1,0,1,24.59616240714496
10,T_8,C_8_2,0.58,0.63,1,0,-1,24.637149612838034
28,T_9,C_9_3,0.6,0.45,1,0,1,7.023879547362078
30,T_10,C_10_3,0.5,0.0,1,0,1,18.81782188174559
24,T_10,C_10_3,0.47,0.0,1,0,-1,28.940270861337414
3,T_9,C_9_17,0.58,0.46,1,0,-1,17.71217962484284
39,T_10,C_10_2,0.6,0.0,1,0,-1,23.383848292309835
16,T_7,C_7_10,0.58,0.6,1,0,1,2.200613314779428
9,T_9,C_9_15,0.62,0.52,1,0,1,10.443991549333635
49,T_10,C_10_4,0.51,0.0,0,0,-1,-20.751145536125918
26,T_7,C_7_8,0.63,0.54,0,0,-1,-21.952459753569173
41,T_9,C_9_17,0.6,0.48,1,0,-1,13.991203177726865
43,T_9,C_9_3,0.59,0.49,1,0,1,25.443200792515167
31,T_8,C_8_3,0.58,0.66,1,0,-1,10.369259230201521
42,T_8,C_8_2,0.6,0.64,1,0,1,17.195523992963206
21,T_8,C_8_5,0.52,0.57,0,0,-1,-3.8243413988465633
1,T_10,C_10_4,0.48,0.0,1,0,-1,12.99036690258001
17,T_10,C_10_3,0.58,0.0,0,0,-1,-18.88011963950425
24,T_10,C_10_2,0.47,0.0,1,0,-1,36.401694814159555
7,T_7,C_7_10,0.54,0.57,1,0,-1,23.53649291392204
39,T_10,C_10_1,0.57,0.0,1,0,-1,22.66425569435863
49,T_10,C_10_5,0.49,0.0,1,0,1,8.905764869883093
32,T_8,C_8_4,0.53,0.59,0,0,1,-11.43605977466665
6,T_7,C_7_8,0.69,0.61,1,0,1,17.53985385941389
28,T_10,C_10_4,0.45,0.0,1,0,-1,28.094619993220885
14,T_8,C_8_3,0.63,0.67,0,0,1,-8.094443627802885
8,T_5,C_5_2,0.51,0.64,1,0,-1,28.15171162917228
1,T_10,C_10_1,0.47,0.0,1,0,-1,27.657696312228595
46,T_9,C_9_3,0.66,0.5,1,0,1,15.507843804853975
40,T_9,C_9_17,0.65,0.54,1,0,1,14.733875514464717
9,T_10,C_10_3,0.52,0.0,1,0,-1,30.140475396609677
17,T_10,C_10_4,0.56,0.0,1,0,1,30.947692872471258
24,T_10,C_10_4,0.47,0.0,1,0,1,40.33520759567501
3,T_9,C_9_3,0.57,0.46,1,0,1,15.430613956099062
43,T_10,C_10_2,0.49,0.0,0,0,1,-2.798956472779203
39,T_10,C_10_4,0.56,0.0,0,0,1,-9.84954470807332
28,T_10,C_10_1,0.44,0.0,1,0,1,2.9691803791430083
19,T_6,C_6_9,0.5,0.6,1,0,1,5.848804571744283
36,T_6,C_6_9,0.43,0.61,0,0,-1,-4.541735496412109
29,T_9,C_9_17,0.62,0.47,1,0,1,5.797989321355658
1,T_10,C_10_2,0.47,0.0,1,0,-1,1.5798677462401685
41,T_9,C_9_3,0.59,0.48,0,0,-1,-10.94725926930765
34,T_9,C_9_17,0.68,0.54,0,0,-1,-11.02633436834936
26,T_7,C_7_6,0.55,0.54,0,0,-1,-5.485667311591023
9,T_10,C_10_1,0.5,0.0,1,0,1,1.7011157666428751
0,T_7,C_7_8,0.66,0.55,0,0,1,-39.9626993819826
7,T_7,C_7_6,0.54,0.57,0,0,1,-25.57740928731207
10,T_8,C_8_5,0.57,0.63,0,0,-1,-27.064006023908792
23,T_9,C_9_17,0.55,0.39,0,0,-1,-11.66249087239364
1,T_10,C_10_5,0.44,0.0,1,0,1,29.555951699773093
46,T_10,C_10_4,0.5,0.0,1,0,1,14.29448215612446
40,T_10,C_10_1,0.54,0.0,1,0,-1,11.565521041788994
3,T_10,C_10_1,0.46,0.0,1,0,-1,14.885892486942799
22,T_8,C_8_3,0.57,0.64,1,0,-1,15.988929511389506
35,T_9,C_9_3,0.6,0.45,0,0,-1,-18.997523591481567
40,T_10,C_10_4,0.51,0.0,1,0,1,15.78958914819279
8,T_5,C_5_4,0.5,0.64,1,0,1,25.538375042688312
29,T_10,C_10_1,0.47,0.0,1,0,-1,25.15934929737491
3,T_10,C_10_3,0.43,0.0,1,0,-1,16.971813232747117
25,T_9,C_9_17,0.59,0.47,0,0,-1,-33.643943033721975
34,T_9,C_9_3,0.63,0.54,0,0,-1,-18.87332091390632
29,T_10,C_10_2,0.45,0.0,1,0,-1,25.507194935044595
41,T_9,C_9_1,0.58,0.48,1,0,1,5.49511208118961
26,T_7,C_7_11,0.53,0.54,1,0,1,12.33976110305382
31,T_8,C_8_4,0.56,0.66,1,0,-1,1.4755493654243708
3,T_10,C_10_4,0.42,0.0,1,0,-1,10.679803493459806
21,T_8,C_8_2,0.52,0.57,1,0,-1,17.649326207663375
16,T_8,C_8_2,0.6,0.6,0,0,1,-18.07896310674053
29,T_10,C_10_3,0.45,0.0,1,0,1,5.366757743345584
3,T_10,C_10_2,0.42,0.0,1,0,1,29.518883814297993
23,T_9,C_9_3,0.51,0.39,1,0,1,36.464442553553
36,T_6,C_6_1,0.41,0.61,0,0,1,-16.373684815660212
41,T_10,C_10_1,0.48,0.0,0,0,-1,-26.69501128793008
35,T_9,C_9_15,0.59,0.45,0,0,1,-29.04206674819305
42,T_9,C_9_1,0.64,0.52,0,0,-1,-27.10876739345978
34,T_9,C_9_4,0.57,0.54,0,0,-1,-12.684815039702737
41,T_10,C_10_3,0.45,0.0,0,0,-1,-4.36196821244943
32,T_9,C_9_17,0.59,0.47,1,0,-1,12.782375603323796
25,T_9,C_9_3,0.58,0.47,1,0,1,15.964711785659993
19,T_7,C_7_8,0.6,0.54,1,0,-1,28.52083714178531
23,T_10,C_10_3,0.39,0.0,1,0,1,25.30032432127251
41,T_10,C_10_4,0.45,0.0,1,0,1,16.935651956600147
14,T_9,C_9_15,0.67,0.48,0,0,1,-6.917835031548194
35,T_10,C_10_2,0.45,0.0,0,0,-1,-20.674720609963533
6,T_8,C_8_2,0.61,0.66,0,0,1,-27.90754287004309
10,T_8,C_8_4,0.54,0.63,0,0,1,-18.177843835403667
35,T_10,C_10_3,0.45,0.0,1,0,-1,5.103819571510176
25,T_10,C_10_2,0.47,0.0,1,0,1,4.214426491532848
42,T_9,C_9_17,0.64,0.52,0,0,1,-20.157607687992638
34,T_9,C_9_15,0.57,0.54,0,0,1,-29.035158708400793
7,T_8,C_8_4,0.57,0.63,0,0,1,-27.070668086128503
35,T_10,C_10_4,0.45,0.0,0,0,-1,-11.159569558382145
14,T_10,C_10_4,0.48,0.0,0,0,-1,-10.708833431541859
22,T_8,C_8_4,0.56,0.64,0,0,1,-17.88710777154012
19,T_7,C_7_11,0.55,0.54,0,0,-1,-10.905217562145676
32,T_9,C_9_1,0.58,0.47,0,0,1,-26.485296792479556
35,T_10,C_10_5,0.41,0.0,1,0,-1,14.827923160005119
0,T_8,C_8_2,0.55,0.61,0,0,1,-11.713578816279487
14,T_10,C_10_1,0.47,0.0,1,0,-1,7.678351616964434
31,T_8,C_8_6,0.52,0.66,1,0,-1,2.093702935699852
35,T_10,C_10_1,0.41,0.0,1,0,-1,10.14090633628356
42,T_10,C_10_4,0.52,0.0,1,0,1,11.201717147094335
14,T_10,C_10_2,0.46,0.0,1,0,-1,7.781273080980981
21,T_8,C_8_4,0.49,0.57,1,0,1,6.218280954996732
14,T_10,C_10_3,0.44,0.0,1,0,1,13.746359566295933
34,T_10,C_10_2,0.54,0.0,0,0,-1,-19.974479926388497
16,T_9,C_9_17,0.6,0.53,0,0,1,-36.391754183258925
8,T_6,C_6_4,0.64,0.66,0,0,1,-32.24424997686526
26,T_8,C_8_4,0.54,0.6,0,0,-1,-27.428209595485527
32,T_10,C_10_1,0.47,0.0,0,0,1,-21.404653790662195
36,T_7,C_7_8,0.61,0.56,1,0,1,3.6271381204867055
34,T_10,C_10_3,0.53,0.0,1,0,-1,7.4438421563611445
19,T_7,C_7_6,0.53,0.54,1,0,-1,5.869904479662928
34,T_10,C_10_1,0.51,0.0,1,0,1,14.767783186362715
16,T_10,C_10_2,0.53,0.0,0,0,-1,-20.176246143246214
16,T_10,C_10_3,0.52,0.0,1,0,-1,6.708591220310476
6,T_9,C_9_3,0.66,0.54,0,0,1,-11.773282733956151
19,T_7,C_7_10,0.48,0.54,1,0,1,3.3416085097694435
16,T_10,C_10_1,0.47,0.0,1,0,1,7.072608825140151
31,T_8,C_8_5,0.52,0.66,0,0,-1,-22.961828772673385
10,T_9,C_9_17,0.63,0.54,0,0,-1,-0.1863514136093798
7,T_9,C_9_3,0.63,0.49,1,0,-1,1.4198777298833924
6,T_10,C_10_1,0.54,0.0,1,0,1,22.53298963669603
22,T_9,C_9_15,0.64,0.47,1,0,1,3.7511282842696936
0,T_9,C_9_17,0.61,0.54,0,0,-1,-15.861433734241391
8,T_7,C_7_8,0.66,0.59,0,0,1,-8.200187802408763
26,T_8,C_8_2,0.5,0.6,1,0,1,5.129142286762686
10,T_9,C_9_3,0.62,0.54,1,0,1,6.262734304501038
22,T_10,C_10_1,0.47,0.0,1,0,1,6.150206588314781
21,T_9,C_9_3,0.57,0.43,1,0,-1,11.790450490753832
7,T_9,C_9_17,0.61,0.49,1,0,1,3.7671688943014843
36,T_8,C_8_2,0.56,0.62,0,0,-1,-10.866829419024473
0,T_9,C_9_3,0.59,0.54,1,0,1,8.60899434734931
10,T_10,C_10_2,0.54,0.0,0,0,1,-9.526682044009833
31,T_8,C_8_1,0.48,0.66,0,0,-1,-17.210834445997676
7,T_10,C_10_1,0.49,0.0,1,0,1,6.3711711501279655
21,T_9,C_9_17,0.57,0.43,1,0,1,19.814635022163287
0,T_10,C_10_2,0.54,0.0,0,0,1,-5.686938549583111
19,T_8,C_8_2,0.54,0.65,0,0,1,-14.616966097792513
21,T_10,C_10_2,0.43,0.0,1,0,-1,4.822216340489376
21,T_10,C_10_1,0.42,0.0,1,0,-1,4.919883041666923
8,T_8,C_8_2,0.59,0.68,0,0,-1,-30.500974354683002
21,T_10,C_10_5,0.41,0.0,1,0,1,5.0174423577964475
26,T_9,C_9_17,0.6,0.46,0,0,1,-9.0148304769359
36,T_8,C_8_5,0.5,0.62,1,0,1,3.69466979763852
26,T_10,C_10_3,0.46,0.0,0,0,1,-22.165250562227175
31,T_9,C_9_15,0.66,0.51,0,0,-1,-24.269385952128143
19,T_9,C_9_17,0.65,0.46,0,0,-1,-3.4479277689991115
31,T_9,C_9_17,0.64,0.51,1,0,-1,27.61276181374034
8,T_8,C_8_4,0.57,0.68,1,0,-1,14.303092924719511
19,T_9,C_9_15,0.57,0.46,1,0,-1,21.301749712820225
31,T_9,C_9_3,0.63,0.51,1,0,-1,27.638844273705956
36,T_9,C_9_17,0.62,0.46,1,0,1,21.013275343268294
19,T_9,C_9_3,0.57,0.46,1,0,-1,2.5959265864302026
36,T_10,C_10_3,0.46,0.0,1,0,1,0.6461723537704849
31,T_9,C_9_1,0.6,0.51,0,0,1,-16.31319476814008
8,T_8,C_8_1,0.55,0.68,0,0,1,-22.594414036122416
19,T_9,C_9_1,0.57,0.46,0,0,1,-14.396307724521067
31,T_10,C_10_4,0.51,0.0,0,0,-1,-11.490900875132782
31,T_10,C_10_1,0.5,0.0,1,0,-1,15.326966064784175
19,T_10,C_10_2,0.46,0.0,1,0,-1,10.227347120853828
31,T_10,C_10_2,0.48,0.0,1,0,-1,15.463009242056101
19,T_10,C_10_1,0.46,0.0,1,0,-1,10.23573893406535
31,T_10,C_10_3,0.48,0.0,1,0,-1,15.462912847108852
19,T_10,C_10_4,0.44,0.0,1,0,1,10.37704033141228
31,T_10,C_10_5,0.45,0.0,1,0,1,15.666399723377559
8,T_9,C_9_17,0.68,0.55,0,0,-1,-21.386208781849998
8,T_9,C_9_3,0.64,0.55,1,0,-1,9.299067423406633
8,T_9,C_9_14,0.61,0.55,1,0,1,9.466493954660027
8,T_10,C_10_1,0.55,0.0,0,0,-1,-15.73280114541441
8,T_10,C_10_3,0.51,0.0,1,0,-1,12.410427783209752
8,T_10,C_10_4,0.48,0.0,1,0,-1,12.585633346530518
8,T_10,C_10_2,0.45,0.0,1,0,1,12.760649498431466
