student_number,topic,arm_pulled,pay-off,pay-off_next_topic,actual_decision,skip_decision,skip_enabled,reward,confidence_score,expected_reward
0,T_1,C_1_9,0.0,0.0,0,0,False,1,-5.738365106206091,0.5251284887599172
1,T_1,C_1_9,0.0,0.0,0,0,False,1,-0.8146872721341438,0.5415197762951733
23,T_1,C_1_9,0.0,0.0,1,0,False,1,1.0800440350485108,0.4034382471515955
2,T_1,C_1_9,0.0,0.0,1,1,False,-1,4.721226073117706,0.40662247260668627
3,T_1,C_1_9,0.0,0.0,1,0,False,1,1.0114251197014,0.4508417337196614
26,T_1,C_1_9,0.0,0.0,0,0,False,-1,-5.050614838237612,0.47129569375120195
6,T_1,C_1_9,0.0,0.0,0,0,False,1,-1.5761628090912065,0.5859182932799598
32,T_1,C_1_9,0.0,0.0,0,0,False,1,-1.9795317677854722,0.470697757737428
38,T_1,C_1_9,0.0,0.0,0,0,False,-1,-8.307211069000777,0.45698387515822325
11,T_1,C_1_9,0.0,0.0,0,0,False,-1,-8.236240613738472,0.5340515494069038
18,T_1,C_1_9,0.0,0.0,0,0,False,-1,-3.1807935974384574,0.4856594319687694
19,T_1,C_1_9,0.0,0.0,0,0,False,-1,-0.9400572471103583,0.42263162631937246
27,T_1,C_1_9,0.0,0.0,0,0,False,-1,-5.70359420431779,0.34317264479172915
42,T_1,C_1_9,0.0,0.0,0,0,False,-1,-6.661537638236405,0.49907957329445685
41,T_1,C_1_9,0.0,0.0,0,0,False,-1,-2.976120752525137,0.4816125744016327
49,T_1,C_1_9,0.0,0.0,0,0,False,1,-8.163561359037152,0.5412508082785171
29,T_1,C_1_9,0.0,0.0,0,0,False,-1,-5.787864943605632,0.437108240987561
14,T_1,C_1_9,0.0,0.0,1,0,False,1,1.4957380946761116,0.5325630395424445
13,T_1,C_1_9,0.0,0.0,0,0,False,-1,-2.7330132299089005,0.4116220005850223
34,T_1,C_1_9,0.0,0.0,0,0,False,-1,-3.664972437171677,0.48165568909274015
47,T_1,C_1_9,0.0,0.0,0,0,False,-1,-9.904337139548007,0.5517412929686267
31,T_1,C_1_9,0.0,0.0,0,0,False,1,-1.2288782601693704,0.5241714246758433
15,T_1,C_1_9,0.0,0.0,0,0,False,-1,-9.959464028899644,0.6495667097779398
37,T_1,C_1_9,0.0,0.0,0,0,False,1,-3.5401038224985744,0.5197676703753943
28,T_1,C_1_9,0.0,0.0,0,0,False,1,-5.044570177968186,0.5254049533160894
39,T_1,C_1_9,0.0,0.0,0,0,False,1,-8.217947000972387,0.6121128994982588
22,T_1,C_1_9,0.0,0.0,1,0,False,1,1.487326826761172,0.5131479357770892
5,T_1,C_1_9,0.0,0.0,0,0,False,1,-9.960387308814198,0.5319732214256692
43,T_1,C_1_9,0.0,0.0,0,0,False,1,-2.55723439236651,0.5584469527177562
40,T_1,C_1_9,0.0,0.0,1,0,False,1,3.4165964011174497,0.5611564862299852
45,T_1,C_1_9,0.0,0.0,0,0,False,1,-9.240335060673878,0.49207633836974696
21,T_1,C_1_9,0.0,0.0,1,0,False,-1,0.43856171903655117,0.3559659609269423
9,T_1,C_1_9,0.0,0.0,0,0,False,1,-2.5674288222141186,0.5750662126897959
25,T_1,C_1_9,0.0,0.0,0,0,False,1,-0.4518218857979459,0.4849248604822949
12,T_1,C_1_9,0.0,0.0,1,0,False,1,2.2295233585530907,0.3668178692049097
48,T_1,C_1_9,0.0,0.0,0,0,False,-1,-10.421343693470014,0.5517361003668468
30,T_1,C_1_9,0.0,0.0,0,0,False,-1,-4.060860246281354,0.3991261475661412
17,T_1,C_1_9,0.0,0.0,0,0,False,1,-1.3695660602710067,0.5606825941581655
7,T_1,C_1_9,0.0,0.0,1,0,False,1,3.616658234878342,0.4709948555510095
24,T_1,C_1_9,0.0,0.0,0,0,False,-1,-0.6481318536657632,0.44554461893715
33,T_1,C_1_9,0.0,0.0,0,0,False,-1,-1.561748470694452,0.5651685931881889
35,T_1,C_1_9,0.0,0.0,0,0,False,-1,-1.5699511553722854,0.48788748732754433
4,T_1,C_1_9,0.0,0.0,1,1,False,-1,4.142044741452225,0.48524518165611474
8,T_1,C_1_9,0.0,0.0,1,0,False,1,3.8495155831039893,0.5520852284648446
36,T_1,C_1_9,0.0,0.0,0,0,False,-1,-6.095857618850992,0.41206787066113226
46,T_1,C_1_9,0.0,0.0,1,0,False,1,0.13423468689752838,0.5442456645450799
20,T_1,C_1_9,0.0,0.0,1,0,False,1,3.548261512877904,0.5276909961749547
44,T_1,C_1_9,0.0,0.0,0,0,False,-1,-2.0188252806135747,0.5897739731728648
16,T_1,C_1_9,0.0,0.0,0,0,False,1,-8.389289042918247,0.4879400852327105
10,T_1,C_1_9,0.0,0.0,0,0,False,-1,-0.6569054527120226,0.5019371942665096
26,T_1,C_1_13,0.0,0.0,0,0,True,-1,-8.053070645865692,0.5131539483087505
18,T_1,C_1_13,0.0,0.0,1,0,True,-1,2.1004522846245486,0.5917507179677923
19,T_1,C_1_13,0.0,0.0,0,0,True,-1,-2.6540618491664603,0.5053099553216331
42,T_1,C_1_13,0.0,0.0,0,0,True,-1,-2.0222995135531203,0.5491872549233414
41,T_1,C_1_13,0.0,0.0,1,0,True,1,0.26516386024343497,0.5219000095787631
2,T_1,C_1_13,0.0,0.0,0,0,True,-1,-3.5898070606000374,0.46233152323054794
38,T_1,C_1_13,0.0,0.0,0,0,True,1,-1.3605383950277474,0.5023209544121662
11,T_1,C_1_13,0.0,0.0,0,0,True,1,-14.409622442241517,0.5564833544689283
27,T_1,C_1_13,0.0,0.0,1,0,True,1,2.1023098052656657,0.4444539550743624
29,T_1,C_1_13,0.0,0.0,1,1,True,,5.839192326828378,
47,T_1,C_1_13,0.0,0.0,1,0,True,-1,2.1744083084202845,0.6446203914157369
13,T_1,C_1_13,0.0,0.0,0,0,True,1,-1.4135796663478963,0.44962384840264635
0,T_2,C_2_6,0.0,0.0,0,0,False,1,-0.9467099878402774,0.503460062951624
34,T_1,C_1_13,0.0,0.0,1,0,True,1,0.32735782124732893,0.603142309811574
1,T_2,C_2_6,0.0,0.0,0,0,False,1,-2.0627798340083956,0.5456005135121103
23,T_2,C_2_6,0.0,0.0,1,0,False,-1,1.5506182607459476,0.463214268085957
3,T_2,C_2_6,0.0,0.0,1,0,False,-1,2.9058717892352366,0.4527231427483823
6,T_2,C_2_6,0.0,0.0,0,0,False,-1,-0.28971964381256754,0.49250199007763384
32,T_2,C_2_6,0.0,0.0,0,0,False,-1,-1.795579504474512,0.4967832523588464
15,T_1,C_1_13,0.0,0.0,0,0,True,-1,-2.7004432243651593,0.7684343083659186
21,T_1,C_1_13,0.0,0.52,1,0,True,1,2.2727035697611715,0.5497833042697944
30,T_1,C_1_13,0.0,0.0,1,0,True,-1,1.3404300382692593,0.5993200313083931
49,T_2,C_2_6,0.0,0.0,1,1,False,1,5.949007409369644,0.6280885029967193
24,T_1,C_1_13,0.0,0.0,1,0,True,1,0.26975238627824716,0.5690670128374178
35,T_1,C_1_13,0.0,0.51,0,0,True,-1,-4.193713166957547,0.5300757686320788
14,T_2,C_2_6,0.0,0.0,1,0,False,1,1.242925663940044,0.6311401974046399
48,T_1,C_1_13,0.0,0.0,0,0,True,-1,-3.6974709957676506,0.609336118459392
31,T_2,C_2_6,0.0,0.0,0,0,False,1,-2.1021578995380423,0.5737868752209805
4,T_1,C_1_13,0.0,0.0,1,0,True,-1,1.0183806101676627,0.6011398025938686
33,T_1,C_1_13,0.0,0.0,0,0,True,-1,-5.906617545164412,0.576299153322391
37,T_2,C_2_6,0.0,0.0,0,0,False,-1,-3.018354935647423,0.511858639041007
36,T_1,C_1_13,0.0,0.17,0,0,True,1,-3.036777530087477,0.4824559445651485
28,T_2,C_2_6,0.0,0.0,0,0,False,1,-1.4287441445893432,0.5078859261977404
39,T_2,C_2_6,0.0,0.0,0,0,False,1,-4.364581390285737,0.5647149011468291
18,T_1,C_1_12,0.0,0.0,1,1,True,,7.629113278844457,
44,T_1,C_1_13,0.0,0.63,0,0,True,-1,-8.925457759612714,0.5742234268488599
43,T_2,C_2_6,0.91,0.0,1,0,False,1,1.700139561698025,0.4801329355125096
22,T_2,C_2_6,0.75,0.0,1,0,False,-1,3.790356499536978,0.5772183950136265
5,T_2,C_2_6,0.98,0.0,1,0,False,1,1.4923798620735216,0.5771082614675203
26,T_1,C_1_12,0.0,0.1,1,0,True,1,0.6761683338859399,0.46032511942809806
45,T_2,C_2_6,0.97,0.0,1,0,False,1,1.7378950894410448,0.5249625830653881
10,T_1,C_1_12,0.0,0.13,1,0,True,-1,2.1247328032500032,0.5216551372723152
2,T_1,C_1_12,0.0,0.16,1,1,True,,4.444531391877896,
25,T_2,C_2_6,0.17,0.0,1,0,False,-1,1.1994031336040365,0.5419319656053183
23,T_2,C_2_5,0.0,0.0,1,0,True,-1,0.4558921582794824,0.43218089479176375
32,T_2,C_2_5,0.0,0.0,1,1,True,,4.679001634012602,
12,T_2,C_2_5,0.0,0.0,1,1,False,-1,6.307959248424998,0.48458420567239546
42,T_1,C_1_12,0.0,0.33,0,0,True,1,-1.3938756139602457,0.5537323926783442
19,T_1,C_1_12,0.0,0.0,0,0,True,1,-1.552125789342762,0.5222469505840358
9,T_2,C_2_5,0.0,0.0,1,1,False,1,4.483000949842848,0.5750517749391814
40,T_2,C_2_6,0.81,0.0,0,0,False,-1,-0.8153385486464302,0.5546131429450495
6,T_2,C_2_5,0.0,0.0,1,0,True,-1,2.1116915774872353,0.5650427226069554
3,T_2,C_2_5,0.0,0.0,1,0,True,-1,2.935938424146247,0.5174715852092856
0,T_3,C_3_4,0.0,0.0,0,0,False,1,-3.9085130462862026,0.6019352101665927
17,T_2,C_2_6,0.27,0.0,0,0,False,-1,-2.973435930821429,0.6078655149020473
7,T_2,C_2_5,0.0,0.0,1,1,False,1,4.702114039142529,0.5466691444596192
1,T_3,C_3_4,0.0,0.0,1,0,False,1,1.2686369041491226,0.6224228704203614
47,T_1,C_1_12,0.0,0.46,1,0,True,1,0.0604077374825529,0.5534046360652248
46,T_2,C_2_6,0.15,0.0,0,0,False,-1,-2.8280052578642785,0.5207570457051746
15,T_1,C_1_12,0.0,0.83,0,0,True,1,-9.366864489474422,0.6659842329972196
8,T_2,C_2_5,0.0,0.0,0,0,False,1,-0.3454553205610189,0.6138859127339957
16,T_2,C_2_6,0.14,0.92,0,0,False,-1,-5.709400804649775,0.41578136849566305
37,T_2,C_2_5,0.0,0.81,0,0,True,1,-6.546861782797588,0.5525731552820077
49,T_3,C_3_4,0.0,0.0,1,0,False,1,3.9284157952706016,0.6571070751911579
20,T_2,C_2_5,0.0,0.87,0,0,False,1,-6.387652625669578,0.6687984155965566
30,T_1,C_1_12,0.0,0.0,1,0,True,1,0.42379378431988357,0.5831305708242487
11,T_2,C_2_6,0.78,1.0,0,0,False,-1,-11.92099651563925,0.6119528810008337
14,T_3,C_3_4,0.0,0.0,1,0,False,1,2.997039681572959,0.6356497102568764
31,T_3,C_3_4,0.0,0.0,0,0,False,1,-3.3521570664092852,0.6532324810407824
41,T_2,C_2_5,0.0,0.88,0,0,False,1,-5.08346791152027,0.5533664725316506
38,T_2,C_2_6,0.22,0.87,0,0,False,-1,-6.791913927746592,0.4418019688420448
29,T_2,C_2_5,0.0,0.86,0,0,False,-1,-7.419070443745445,0.5273645478315432
35,T_1,C_1_12,0.0,0.42,1,0,True,-1,0.39439640973076884,0.4725148511162609
22,T_2,C_2_5,0.0,0.89,0,0,True,1,-8.467833180281108,0.5793579893135734
48,T_1,C_1_12,0.0,0.06,1,0,True,-1,0.5415316910034669,0.5703469876557838
23,T_2,C_2_2,0.0,0.84,0,0,True,-1,-7.479279451654637,0.38674136224315175
27,T_2,C_2_6,0.19,0.88,0,0,False,-1,-12.113025163267043,0.47303342446429303
13,T_2,C_2_5,0.0,0.84,0,0,False,1,-7.740325298416245,0.5117628451190779
33,T_1,C_1_12,0.0,0.04,0,0,True,-1,-3.7124489150716453,0.5368373407896977
4,T_1,C_1_12,0.0,0.0,1,0,True,-1,0.008089297695473618,0.567612810894405
39,T_3,C_3_4,0.96,0.0,0,0,False,1,-7.890307542930284,0.6443701748026152
25,T_2,C_2_2,0.0,0.91,1,0,True,1,0.453557002337579,0.466824244696593
12,T_2,C_2_6,0.1,0.88,0,0,True,-1,-3.029764898112573,0.4627520824770863
28,T_3,C_3_4,0.88,0.0,0,0,False,1,-2.141703365607688,0.5644526204256575
34,T_2,C_2_6,0.62,0.95,0,0,False,1,-7.445227851453504,0.5151093812294575
5,T_3,C_3_4,0.99,0.0,0,0,False,-1,-3.6165434225911195,0.6778709126393025
43,T_3,C_3_4,0.93,0.0,0,0,False,1,-1.4999030060818743,0.5990863022355228
40,T_2,C_2_2,0.0,0.97,1,0,True,1,3.423331414007321,0.5191412386142366
44,T_1,C_1_12,0.0,0.52,0,0,True,-1,-0.006554839185316297,0.5771820918545235
45,T_3,C_3_4,0.98,0.0,1,0,False,1,2.440990082335823,0.622987421648412
6,T_2,C_2_2,0.0,0.93,0,0,True,-1,-1.483810396237212,0.50041380955822
3,T_2,C_2_2,0.0,0.88,0,0,True,1,-0.26198050735988154,0.4370249737302186
21,T_2,C_2_6,0.09,0.85,1,1,False,1,4.03612065548397,0.4375313624487017
10,T_1,C_1_2,0.0,0.36,0,0,True,1,-0.7808037941881008,0.40440704205297917
17,T_2,C_2_2,0.0,1.02,0,0,True,1,-0.8799923013266362,0.6019642579616694
24,T_2,C_2_2,0.0,0.92,1,0,False,-1,0.5635178271841355,0.5124872820736023
46,T_2,C_2_2,0.0,0.94,1,0,True,1,0.9071964653406948,0.5243310686626537
0,T_4,C_4_1,0.0,0.0,0,0,False,-1,-4.082258532036773,0.4787918803408171
32,T_3,C_3_4,0.91,0.0,1,0,False,-1,3.0172234530922015,0.5796517699951896
1,T_4,C_4_1,0.0,0.0,0,0,False,-1,-3.395447379447445,0.5204189758048929
9,T_3,C_3_4,0.98,0.0,0,0,False,-1,-4.546190869145409,0.6370602850915416
11,T_2,C_2_5,0.25,0.78,0,0,True,-1,-7.638899493829992,0.6534297172356818
16,T_2,C_2_2,0.0,0.93,0,0,True,-1,-2.857735998598619,0.4787618497385532
36,T_2,C_2_2,0.0,0.57,0,0,False,1,-1.0902581331164694,0.520213444147277
7,T_3,C_3_4,0.91,0.0,0,0,False,1,-3.346048431147141,0.5568936521658738
20,T_3,C_3_4,1.0,0.0,0,0,False,-1,-6.372933155757188,0.6612805060275243
29,T_2,C_2_2,0.0,0.9,1,0,True,1,1.9729579524598542,0.4515582662841837
38,T_2,C_2_2,0.0,0.64,0,0,True,-1,-4.237052201875194,0.44584262023110044
2,T_2,C_2_2,0.0,1.1,0,0,False,-1,-2.8803610025385566,0.4877297538817266
8,T_3,C_3_4,0.96,0.0,0,0,False,-1,-5.774654076346042,0.6250449016220426
37,T_3,C_3_4,0.95,0.0,0,0,False,-1,-5.084834461998128,0.5859083527964033
49,T_4,C_4_1,0.0,0.0,0,0,False,1,-6.934121947992892,0.6300973943681806
26,T_2,C_2_5,0.25,0.67,0,0,False,-1,-6.746000057445496,0.5276169770151278
18,T_2,C_2_2,0.0,0.52,0,0,False,-1,-3.7822545877270652,0.4959698998158143
5,T_3,C_3_5,0.0,0.0,0,0,True,1,-5.815107733130802,0.661464347935385
31,T_4,C_4_1,0.0,0.0,0,0,False,1,-0.6994166586920887,0.5933019697791746
23,T_2,C_2_14,0.0,0.87,1,0,True,1,3.6095524382148927,0.5101557482178632
35,T_1,C_1_2,0.0,0.92,1,1,True,,9.790847719470719,
12,T_2,C_2_2,0.16,0.27,1,1,True,,7.358719150240543,
32,T_3,C_3_5,0.0,0.0,1,1,True,,6.786427783965472,
48,T_1,C_1_2,0.0,0.22,1,1,True,,5.1811002390789795,
14,T_4,C_4_1,0.0,0.0,1,1,False,1,4.483572908268908,0.5592005197966197
27,T_2,C_2_5,0.15,0.53,1,0,True,-1,1.2291418724789605,0.5044086334005
42,T_2,C_2_5,0.31,0.63,1,0,False,1,0.0553566248632027,0.5812190745466717
41,T_3,C_3_4,0.68,0.0,1,0,False,1,1.7022590381268419,0.5886865098600763
9,T_3,C_3_5,0.0,0.0,1,1,True,,4.812103914465572,
6,T_2,C_2_14,0.0,0.08,1,1,True,,5.031762476286604,
19,T_2,C_2_5,0.78,1.13,1,0,False,1,2.2301600641269204,0.5734840489000268
4,T_1,C_1_2,0.0,0.59,1,1,True,,5.071417951677686,
22,T_3,C_3_4,1.07,0.0,1,0,False,1,1.0914795561216124,0.5977198855794159
13,T_3,C_3_4,1.03,0.0,1,0,False,1,1.7033039504061556,0.5008197789682706
39,T_4,C_4_1,0.0,0.0,1,0,False,-1,2.1948640805360373,0.5374647531560407
15,T_2,C_2_6,0.87,0.07,0,0,False,1,-0.4605258721269845,0.7004053520759106
33,T_1,C_1_2,0.0,0.11,1,0,True,-1,3.760423430634373,0.4001118444416529
25,T_3,C_3_4,0.56,0.0,1,1,False,1,6.9200190722513835,0.5634094354808503
34,T_3,C_3_4,0.66,0.0,1,1,False,1,4.027209967233299,0.6032878978269518
28,T_4,C_4_1,0.0,0.0,1,0,False,1,3.3213145176684673,0.4219235835567541
47,T_2,C_2_5,0.31,0.0,1,0,False,-1,2.215604960366038,0.602650819697879
20,T_3,C_3_5,0.0,0.38,0,0,True,1,-11.309700658876896,0.7552560984206189
40,T_3,C_3_4,0.46,0.45,0,0,False,-1,-7.287676049219157,0.6461792016227541
43,T_4,C_4_1,0.0,0.0,0,0,False,-1,-6.896092965773872,0.4564074072183816
0,T_4,C_4_4,0.0,0.0,0,0,True,-1,-8.206608941371016,0.534168604514445
24,T_2,C_2_5,0.35,0.74,0,0,True,1,-9.152322931651117,0.5733264372316165
21,T_3,C_3_4,0.82,0.45,0,0,False,1,-5.508551612488069,0.4725917512088583
44,T_1,C_1_2,0.0,0.87,0,0,True,-1,-7.503081496947219,0.4614239685595538
37,T_3,C_3_5,0.0,0.0,0,0,True,1,-7.095658677696126,0.6402952441784582
45,T_4,C_4_4,0.0,0.0,0,0,False,1,-8.023956906119253,0.5959209334762715
3,T_3,C_3_4,0.11,0.04,0,0,False,-1,-3.493353101321895,0.5438275933759752
8,T_3,C_3_5,0.0,0.0,0,0,True,-1,-8.272269162651142,0.7220590312975099
17,T_3,C_3_5,0.84,0.26,0,0,False,1,-8.277253949050996,0.7289809298319028
30,T_2,C_2_5,0.18,0.77,0,0,False,-1,-4.713222941298945,0.5624427297477247
1,T_4,C_4_4,0.0,0.0,0,0,True,-1,-4.695162547293682,0.5119000322222305
11,T_2,C_2_2,0.73,0.84,0,0,True,1,-9.259476171273127,0.5602851372450044
46,T_3,C_3_4,1.04,0.37,0,0,False,1,-6.600871520110399,0.5864487432767154
38,T_2,C_2_14,0.0,0.74,0,0,True,1,-3.731396679993381,0.554624855939816
16,T_2,C_2_14,0.0,1.03,0,0,True,1,-4.11988365808344,0.6101303537046542
7,T_4,C_4_4,0.0,0.0,1,0,False,1,0.5819112272690425,0.47324726946652285
2,T_2,C_2_14,0.0,0.97,1,0,True,1,2.84130058003855,0.51154169738384
40,T_3,C_3_5,0.86,0.08,1,1,True,,5.32697220618133,
26,T_2,C_2_6,0.07,0.77,0,0,True,-1,-4.765337683496247,0.532118846680491
29,T_3,C_3_5,0.74,0.26,0,0,False,1,-0.5646761341689359,0.6377204730315964
36,T_3,C_3_5,0.75,0.0,0,0,False,1,-4.538447601648173,0.617978399361099
18,T_2,C_2_14,0.0,0.83,0,0,True,-1,-3.0178420726318347,0.6302630051118564
12,T_3,C_3_5,0.74,0.17,1,0,False,-1,2.4052348422925993,0.6044498136426599
27,T_2,C_2_14,0.83,0.9,0,0,True,-1,-0.5526786316929204,0.5203235632511259
5,T_4,C_4_1,0.03,0.0,1,0,False,1,3.6812256192355406,0.5552325537481718
10,T_2,C_2_14,0.78,1.29,0,0,False,-1,-1.8888900050395492,0.5646817730151412
23,T_3,C_3_5,0.67,0.27,1,0,False,1,0.17744158942971922,0.5744177864911184
49,T_5,C_5_5,0.0,0.0,0,0,False,1,-2.37546656367555,0.6045515382743393
32,T_4,C_4_1,0.22,0.0,1,0,False,-1,2.343540836308855,0.5082228716751673
42,T_3,C_3_5,0.86,0.08,0,0,False,-1,-0.725971981097782,0.6519776377510893
31,T_5,C_5_5,0.0,0.0,0,0,False,1,-0.19502684229782474,0.5632669605370106
41,T_4,C_4_4,0.0,0.0,1,0,False,-1,1.4553805001792348,0.4878278070351354
9,T_4,C_4_4,0.0,0.0,1,0,False,-1,1.9170236814358148,0.522325647706493
39,T_4,C_4_4,0.0,0.0,1,0,True,1,2.244437339450716,0.5768075154519956
6,T_3,C_3_5,0.84,0.0,1,0,False,-1,3.0952467012405904,0.6826467801628877
22,T_4,C_4_1,0.66,0.0,0,0,False,-1,-6.196463635690151,0.5217071534718358
14,T_5,C_5_5,0.0,0.0,0,0,False,-1,-0.816816926616605,0.5673943247484341
3,T_3,C_3_5,0.86,0.0,0,0,True,-1,-3.291073550149582,0.6265422789365387
19,T_3,C_3_4,0.85,0.18,0,0,False,1,-7.093656852973858,0.5272572321923716
8,T_3,C_3_1,0.0,0.0,0,0,True,1,-2.7790669542514124,0.549955878465882
47,T_2,C_2_14,0.85,0.46,0,0,True,-1,-10.144520937555441,0.6548995338663832
13,T_4,C_4_4,0.0,0.0,0,0,False,-1,-0.8496337697092518,0.43023742553145067
0,T_4,C_4_3,0.0,0.0,0,0,True,-1,-1.4464212847283022,0.44258183811066254
15,T_3,C_3_5,0.86,0.44,0,0,False,1,-10.244616683134584,0.7654648818335928
25,T_4,C_4_1,0.27,0.0,0,0,False,-1,-1.2338301706637367,0.5313200602236237
43,T_4,C_4_3,0.0,0.0,1,0,True,-1,0.94128313794773,0.40942993884485995
34,T_4,C_4_3,0.0,0.0,0,0,False,-1,-1.0345100223324444,0.4903022446797882
33,T_1,C_1_3,0.0,0.46,1,0,True,-1,3.568274806195447,0.520695239896434
20,T_4,C_4_4,0.37,0.0,0,0,False,1,-3.6158862069224824,0.5611523211571707
35,T_2,C_2_14,0.81,0.75,1,0,False,1,0.19124082061361314,0.5801404972635218
4,T_2,C_2_14,0.73,0.32,1,0,False,1,3.620462963146279,0.5437824903050801
24,T_3,C_3_5,0.72,0.1,0,0,False,1,-3.2812055746551465,0.6911414174933759
21,T_4,C_4_1,0.31,0.76,1,0,False,-1,1.984663140662608,0.4590656052380976
28,T_5,C_5_5,0.0,0.0,0,0,False,1,-0.7441350465503653,0.49609242547966165
48,T_2,C_2_14,0.82,1.05,0,0,False,-1,-3.6028217488968064,0.6613827224953363
44,T_1,C_1_3,0.0,0.45,0,0,True,-1,-3.8920480805701168,0.5987119630797673
30,T_2,C_2_14,0.74,0.41,0,0,True,1,-0.3363074183176824,0.5471589717306984
1,T_4,C_4_3,0.0,0.86,0,0,True,-1,-1.9355460231123534,0.41782119725408795
6,T_3,C_3_1,0.0,0.0,1,1,True,,5.244988238364519,
18,T_2,C_2_10,0.0,0.74,1,1,True,,5.939335617604108,
12,T_3,C_3_4,0.35,0.12,1,0,True,1,3.9096762512880687,0.538780717406363
37,T_4,C_4_3,0.0,0.79,1,0,False,-1,3.938579769082871,0.38810754835274597
3,T_3,C_3_1,0.0,0.0,1,1,True,,5.804914772192856,
32,T_4,C_4_4,0.15,0.25,1,1,True,,5.533980836099183,
42,T_3,C_3_4,0.55,0.0,1,0,True,-1,0.5130474616815413,0.6059269881981874
11,T_3,C_3_4,0.6,0.06,0,0,False,-1,-6.122759959693582,0.6982611683309521
46,T_4,C_4_3,0.0,0.29,0,0,False,1,-3.9578136271168027,0.43397524671923704
17,T_4,C_4_1,0.06,0.69,0,0,False,1,-0.42885614204864453,0.6355092374726106
45,T_5,C_5_5,0.83,0.0,0,0,False,1,-4.216098775483058,0.6239355558158983
26,T_2,C_2_14,0.97,0.73,0,0,True,1,-0.9701078215355619,0.5961807937919673
38,T_3,C_3_4,0.89,0.0,0,0,False,1,-0.9444687701003325,0.5069091380990877
40,T_4,C_4_1,0.08,0.57,1,1,False,1,4.9121606753786535,0.5760701269471404
47,T_2,C_2_6,0.11,0.83,1,1,True,,5.281776097958288,
13,T_4,C_4_3,0.0,1.12,1,1,True,,8.365921813709994,
16,T_3,C_3_4,0.95,0.35,1,0,False,1,3.394958436593889,0.5388431744778492
2,T_3,C_3_4,0.74,0.0,1,0,False,1,2.4249625467458706,0.5391615458303167
27,T_2,C_2_2,0.23,0.98,1,0,True,1,2.6072367695217116,0.4789443030970068
10,T_2,C_2_6,0.24,1.34,1,0,True,1,2.8009796024838334,0.49302658064047544
29,T_4,C_4_4,0.6,0.18,1,0,False,1,2.4386414064696336,0.44716544684884496
43,T_4,C_4_5,0.0,1.05,1,1,True,,4.628180920113399,
9,T_4,C_4_1,0.46,0.07,0,0,True,1,-7.788469047503414,0.531036428267196
41,T_4,C_4_3,0.0,0.28,0,0,True,1,-2.401555339928729,0.4307312872585797
7,T_5,C_5_5,0.8,0.0,0,0,False,-1,-2.7627634145214124,0.5444717081842657
14,T_5,C_5_7,0.0,0.0,0,0,True,1,-5.854933857078102,0.569023179793877
36,T_4,C_4_1,0.26,0.58,0,0,False,-1,-5.2007591400653155,0.5288079222357853
5,T_5,C_5_5,0.28,0.0,0,0,False,1,-2.6624446432374462,0.6391920120427199
23,T_4,C_4_3,0.0,0.7,1,0,False,1,2.754615508682173,0.3118955931443156
22,T_4,C_4_3,0.0,0.36,0,0,True,1,-1.6940603279017559,0.44657169886215187
49,T_6,C_6_4,0.0,0.0,0,0,False,1,-4.124932610049283,0.6571085919510833
0,T_4,C_4_5,0.0,0.95,1,0,True,-1,3.347171378716032,0.45128388134981223
8,T_4,C_4_5,0.0,0.89,1,1,False,1,5.698435789313567,0.44786705894183043
39,T_5,C_5_5,0.3,0.0,1,0,False,-1,2.0241436268185478,0.6430466268227327
31,T_6,C_6_4,0.0,0.0,1,0,False,-1,2.90073369657644,0.6012487530931433
25,T_4,C_4_5,0.0,0.48,1,0,True,-1,3.3576361371031265,0.4755343871589455
19,T_4,C_4_5,0.0,0.9,1,0,False,-1,1.3181368039750687,0.4259433278247099
34,T_4,C_4_4,0.17,0.88,1,0,True,-1,1.5950425185539192,0.5297866275996439
21,T_4,C_4_4,0.79,0.47,0,0,True,-1,-2.4707454576961236,0.4116549716774087
42,T_3,C_3_1,0.75,0.0,0,0,True,1,-6.017968730557412,0.6048419811591648
15,T_4,C_4_4,0.53,0.54,0,0,False,1,-10.758204507082182,0.6369211480542214
11,T_3,C_3_1,0.81,0.21,0,0,True,-1,-8.450157351777273,0.6340500428520838
48,T_2,C_2_6,0.25,0.73,0,0,True,-1,-1.3000038156441551,0.49053459833399177
35,T_3,C_3_1,0.68,0.46,0,0,False,1,-2.9231455629509764,0.5648475302825366
24,T_4,C_4_4,0.22,0.71,0,0,False,-1,-4.361358131154752,0.46525193800729525
1,T_4,C_4_5,0.0,0.88,0,0,True,1,-2.793804236841625,0.4255103823925481
33,T_1,C_1_14,0.0,0.24,0,0,True,1,-1.8470215726415322,0.5160554745206327
20,T_5,C_5_5,0.91,0.0,0,0,False,1,-9.008713756227317,0.6485481826689546
37,T_4,C_4_5,0.0,0.88,0,0,True,1,-4.184301452412772,0.37803886437470335
6,T_4,C_4_5,0.0,0.21,0,0,False,-1,-0.9582425011578799,0.4191612017006617
4,T_3,C_3_1,0.75,0.37,0,0,False,1,-3.411480149669858,0.5743565827755277
30,T_3,C_3_1,0.77,0.85,0,0,False,-1,-4.1650034340349364,0.5581754674116481
7,T_5,C_5_7,0.0,0.23,1,1,True,,5.511899442183084,
28,T_6,C_6_4,0.0,0.0,0,0,False,1,-1.4715848582696793,0.5076377910012031
12,T_4,C_4_5,0.0,0.71,1,0,False,-1,1.0866011823481596,0.4591484876512645
18,T_3,C_3_1,0.74,0.85,0,0,False,-1,-1.0956078462115517,0.6655248143250474
44,T_1,C_1_14,0.0,0.45,0,0,True,-1,-4.333605594189935,0.6032336637370735
3,T_4,C_4_5,0.0,0.71,1,0,False,1,1.549596371210889,0.4286245525616559
26,T_3,C_3_1,0.73,0.09,1,0,False,-1,3.701935507486782,0.5740730911652724
38,T_4,C_4_5,0.0,0.67,1,1,False,-1,4.702732457211727,0.37178533236671374
47,T_3,C_3_1,0.83,0.2,1,0,False,-1,3.8602142806630226,0.6063478196168064
32,T_5,C_5_5,0.36,0.0,1,0,False,1,3.863052436087755,0.5301691467354773
0,T_4,C_4_2,0.0,0.75,1,1,True,,4.252396425861436,
46,T_5,C_5_7,0.79,0.0,1,1,False,1,4.427038965029473,0.5228028604482486
16,T_4,C_4_4,0.21,0.68,1,1,False,-1,9.964910783490197,0.5486731243151298
17,T_5,C_5_7,0.85,0.07,0,0,False,1,-6.362321051550266,0.6250816176254291
27,T_3,C_3_1,0.85,0.1,0,0,False,-1,-0.21239896285082338,0.5450996465668605
39,T_5,C_5_7,0.85,0.12,0,0,True,-1,-3.9672580694859008,0.63272722208143
10,T_3,C_3_4,1.16,0.0,0,0,False,1,-4.658237740545275,0.5509142473878368
36,T_4,C_4_5,0.0,1.23,1,0,True,1,3.6387452954248243,0.3903300861553836
2,T_4,C_4_5,0.0,0.87,1,0,False,-1,2.203545894146865,0.4432829442070809
45,T_6,C_6_4,0.0,0.0,0,0,False,1,-1.574789114912564,0.5826979472055438
11,T_3,C_3_5,0.56,0.0,0,0,True,1,-5.343190238246789,0.6832091944098113
40,T_5,C_5_7,0.82,0.0,0,0,False,1,-2.133748348907403,0.556668852376548
13,T_5,C_5_7,0.61,0.11,0,0,False,-1,-0.5307477007046284,0.513609096782284
34,T_4,C_4_2,0.0,0.77,1,1,True,,5.57247344452587,
21,T_4,C_4_3,0.6,0.7,1,1,True,,6.470062096782647,
30,T_3,C_3_4,0.25,0.08,1,1,True,,4.019358006859795,
43,T_5,C_5_7,0.71,0.22,1,0,False,-1,2.567674588083041,0.559847578441741
25,T_4,C_4_2,0.0,0.78,1,0,True,-1,1.8558908360629331,0.5073822974346258
29,T_5,C_5_7,0.73,0.79,1,1,False,1,4.15548345065206,0.541070812015732
19,T_4,C_4_4,0.16,0.69,1,0,True,-1,0.7598036150013945,0.3998630022080849
9,T_5,C_5_7,0.85,0.63,0,0,False,-1,-2.943310218587179,0.5940813605972928
41,T_5,C_5_7,0.75,0.33,1,1,False,1,5.044378008691837,0.5660244333958637
31,T_6,C_6_2,0.0,0.0,0,0,True,-1,-0.5739380899502287,0.5927774275033318
23,T_5,C_5_5,1.03,0.46,1,0,False,-1,0.9218431615722178,0.4073943541649466
22,T_5,C_5_7,0.81,0.32,0,0,False,1,-2.125143671736499,0.5472942457672225
5,T_6,C_6_2,0.0,0.0,0,0,False,1,-0.5950416309201909,0.6322184814311614
49,T_7,C_7_8,0.0,0.0,0,0,False,1,-2.4325025105888987,0.629576962254971
48,T_2,C_2_10,0.0,0.44,1,0,True,-1,2.856632425782875,0.6393601414236716
14,T_6,C_6_2,0.0,0.0,0,0,False,1,-1.1728987737773675,0.5509993238771818
18,T_3,C_3_5,0.58,0.85,1,0,True,1,1.7535700643191419,0.6690701322057726
8,T_5,C_5_7,0.75,0.36,1,0,False,1,0.602551572808764,0.5659195610521978
24,T_4,C_4_3,0.11,0.85,1,0,True,-1,3.87468539573827,0.4864008390680883
47,T_3,C_3_5,0.16,0.2,0,0,True,-1,-2.5401441517141734,0.6926032396332887
26,T_3,C_3_5,0.49,0.09,0,0,True,-1,-4.356176047597871,0.6052196952891684
42,T_4,C_4_3,0.15,0.78,1,1,False,-1,4.556243943269896,0.4849402012878851
6,T_4,C_4_3,0.34,0.26,0,0,True,-1,-5.323488992751759,0.40124618132480516
35,T_4,C_4_1,0.44,0.85,0,0,False,1,-2.2639457627353448,0.5200711451973773
15,T_5,C_5_7,0.97,0.8,0,0,False,1,-7.193200063805355,0.7229473173478076
12,T_4,C_4_2,0.0,0.64,1,0,True,1,3.1852526933039913,0.4345289549072373
16,T_4,C_4_2,0.0,0.35,1,1,True,,4.76727244312916,
27,T_3,C_3_5,0.7,0.27,0,0,True,1,-0.459329918050674,0.5894917015558078
4,T_4,C_4_3,0.34,0.48,1,0,False,-1,0.48155276465245667,0.5148896984303026
2,T_4,C_4_2,0.0,0.76,1,1,True,,9.276880216420377,
39,T_5,C_5_1,0.0,0.66,1,0,True,1,1.1381920915308648,0.6828551181015245
1,T_5,C_5_5,0.95,0.4,1,0,False,1,0.7916472712057843,0.5197644604040803
38,T_4,C_4_3,0.0,0.4,1,0,True,1,1.7485843482806995,0.33728227261360405
43,T_5,C_5_5,0.76,0.29,1,1,True,,8.291489777337885,
37,T_5,C_5_5,1.06,0.42,1,1,False,1,6.449961807644013,0.46020831265819073
20,T_6,C_6_4,0.43,0.0,1,1,False,-1,4.971762948638244,0.6037978220618092
44,T_1,C_1_11,0.0,0.45,1,0,True,1,3.042901846691467,0.5563297706185684
28,T_7,C_7_8,0.0,0.0,1,0,False,1,0.9359663135413889,0.582637996095936
13,T_5,C_5_5,0.93,0.73,1,0,True,-1,2.3442128540315066,0.4431255131861567
3,T_5,C_5_5,0.37,0.39,1,0,False,-1,1.985797912054073,0.4928941527015626
7,T_6,C_6_4,0.69,0.77,0,0,False,-1,-1.1030591329391566,0.5433536977337508
0,T_5,C_5_5,0.72,0.59,1,1,False,1,9.087115413146691,0.5104632067334081
10,T_4,C_4_2,0.0,0.0,1,0,False,-1,2.8380746007988433,0.5028391204682767
17,T_6,C_6_4,0.4,0.89,1,0,False,1,2.3746351621739556,0.683066338208053
9,T_5,C_5_5,0.12,0.69,1,0,True,1,0.9535514573050445,0.5756677552388734
23,T_5,C_5_7,0.13,0.55,1,0,True,-1,1.854307216909569,0.5071465643761883
32,T_6,C_6_4,0.4,0.75,1,1,False,1,10.243396523215102,0.4631298338774293
33,T_2,C_2_14,0.24,0.41,1,0,False,1,1.4126761410503006,0.5596296316115474
11,T_4,C_4_1,-0.05,1.0,0,0,False,1,-0.6236264825005602,0.6590933138564005
46,T_6,C_6_4,0.16,0.78,0,0,False,1,-0.09911966940315686,0.6078780872491609
25,T_4,C_4_3,-0.22,0.19,1,0,True,-1,1.3905081524392937,0.4707545031228104
47,T_3,C_3_4,0.11,0.15,0,0,True,1,-4.890115921473352,0.6402509099224016
30,T_4,C_4_3,0.08,0.75,1,1,False,-1,4.537326746310969,0.4683276609529665
45,T_7,C_7_8,0.85,0.0,0,0,False,-1,-0.2144015985448231,0.6109525857089844
19,T_4,C_4_3,0.12,0.71,1,0,True,1,2.457822882951837,0.45058539138359455
26,T_3,C_3_4,0.45,0.13,0,0,True,1,-2.0565122126155657,0.582279557647282
31,T_6,C_6_5,0.0,0.83,0,0,True,-1,-4.145351231722021,0.5602459430770212
36,T_5,C_5_5,0.59,0.35,0,0,False,-1,-3.8885230746607533,0.5338804649555318
34,T_5,C_5_5,0.47,0.54,0,0,False,1,-3.17913704135845,0.5716830198929888
40,T_6,C_6_4,0.03,0.83,0,0,False,1,-1.4665745205456862,0.6106108142268691
48,T_2,C_2_8,0.0,0.44,0,0,True,-1,-1.6158684164982056,0.5980246316256543
6,T_4,C_4_1,-0.03,0.75,1,1,True,,5.990910963559297,
21,T_5,C_5_7,0.63,0.3,1,0,False,-1,2.645192844790733,0.46483134153723477
42,T_4,C_4_5,-0.12,0.73,0,0,True,1,-0.1406684235183313,0.4347853475620641
24,T_4,C_4_5,-0.28,0.83,1,0,True,1,1.2112868837442372,0.493018463929172
29,T_6,C_6_4,0.91,0.89,1,1,False,1,6.253663557656061,0.5080169638378309
5,T_7,C_7_8,0.85,0.0,0,0,False,1,-4.5344735403910725,0.6393670000381608
41,T_6,C_6_4,0.41,0.9,1,0,False,-1,0.5339503502093006,0.4960304070058752
18,T_4,C_4_4,0.38,0.76,0,0,False,-1,-1.6225039369378127,0.5283710684101515
22,T_6,C_6_4,0.29,0.92,0,0,False,1,-0.21704769322673734,0.5754643240111106
14,T_7,C_7_8,0.82,0.0,0,0,False,-1,-8.235248627298855,0.6367792761824886
4,T_4,C_4_1,0.1,0.98,0,0,True,1,-0.8677090414277693,0.5372418765013034
49,T_8,C_8_2,0.0,0.0,0,0,False,1,-10.530219173986548,0.6532484434403183
3,T_5,C_5_1,0.67,0.18,0,0,True,-1,-0.33708672011989904,0.49285576644692264
35,T_5,C_5_1,0.68,0.87,1,0,False,-1,0.513569427575904,0.5740728346114887
12,T_5,C_5_1,0.62,0.12,1,1,False,1,4.272157336439474,0.4486453068951924
16,T_5,C_5_1,0.74,0.73,1,0,False,-1,1.2583894894418144,0.5137597218302536
27,T_4,C_4_5,0.27,0.59,1,0,False,-1,2.4568872130149195,0.4009488659603814
20,T_6,C_6_2,0.15,0.2,1,0,True,-1,2.5973252580361343,0.6380603256528493
15,T_6,C_6_2,0.65,0.59,0,0,False,-1,-3.093147337594715,0.6826639532903502
8,T_6,C_6_4,0.41,0.92,0,0,False,-1,-2.519473765396759,0.6144597868361462
13,T_5,C_5_1,0.61,0.06,1,0,True,-1,2.4929073737730985,0.3979083585927502
23,T_5,C_5_1,0.53,0.67,1,0,True,1,0.25323935640078865,0.414078703745262
10,T_4,C_4_3,-0.18,0.75,0,0,True,1,-1.8996243030011062,0.43281959902087014
2,T_5,C_5_5,0.65,0.71,1,1,False,1,4.444421100540643,0.5196051289246585
7,T_6,C_6_2,0.55,0.45,1,0,True,1,2.144806261700152,0.5280849530740459
1,T_6,C_6_4,0.66,0.42,0,0,False,-1,-3.786373306894859,0.6074395803657844
43,T_6,C_6_4,0.19,0.48,0,0,False,1,-0.8922846358820902,0.5662164847515657
38,T_5,C_5_1,0.66,0.85,1,0,False,-1,0.35617988459459404,0.4977289120558848
21,T_5,C_5_1,0.68,0.46,1,1,True,,6.50707743665618,
45,T_7,C_7_6,0.0,0.0,1,0,True,1,1.1295007527083714,0.698391579852173
39,T_6,C_6_2,0.48,0.61,0,0,False,-1,-4.45486368176817,0.5930163095759097
30,T_4,C_4_2,-0.07,0.73,0,0,True,1,-0.32277745427559346,0.5071873286785683
25,T_4,C_4_4,-0.74,0.68,1,0,True,-1,0.9206331504973768,0.4976984547798632
48,T_2,C_2_18,0.0,0.47,1,1,True,,6.0425219914864154,
37,T_6,C_6_4,0.52,0.53,0,0,False,1,-2.7093040583339256,0.5310469130575255
31,T_6,C_6_9,0.0,0.1,0,0,True,1,-1.16658925385107,0.5971910297054766
36,T_5,C_5_1,0.62,0.63,1,0,True,1,1.014087420731249,0.5026822743624448
32,T_7,C_7_8,0.45,0.69,1,1,False,1,8.391843709743686,0.6007652464852486
28,T_8,C_8_2,0.0,0.0,1,1,False,-1,4.487151260739299,0.5087651850272487
17,T_7,C_7_8,0.33,0.86,0,0,False,1,-0.9989779178185465,0.6550965048249043
33,T_3,C_3_4,0.41,-0.29,1,0,False,1,2.384321677322961,0.5840366609992689
0,T_6,C_6_4,0.66,0.5,1,0,False,-1,2.1029818303096217,0.5303968065653915
46,T_7,C_7_8,0.92,0.73,1,0,False,1,2.6218978716587573,0.6192383529191816
9,T_6,C_6_4,0.75,0.17,1,0,False,-1,3.163324275300523,0.6336640703050881
47,T_4,C_4_1,0.07,0.33,1,0,False,1,1.6353206159427431,0.5036385434607547
14,T_7,C_7_6,0.0,0.78,1,0,True,-1,2.0805116018193957,0.5568626918446259
44,T_2,C_2_2,0.45,0.62,0,0,False,1,-4.6939695405858775,0.5472896707405412
11,T_5,C_5_5,1.08,0.22,0,0,False,-1,-6.708227807346988,0.5875532914496261
18,T_4,C_4_1,0.15,0.41,0,0,True,-1,-0.15757294234787622,0.5471267583971662
40,T_7,C_7_6,0.0,0.8,0,0,False,1,-2.5310693539519846,0.6301060451700304
26,T_4,C_4_3,0.29,0.23,0,0,False,1,-5.047039281918476,0.37822551417625505
3,T_5,C_5_7,0.06,0.17,1,0,True,-1,1.4406278056557253,0.5081350334633752
19,T_5,C_5_7,0.33,0.0,0,0,False,-1,-2.333151634352399,0.518254088533941
38,T_5,C_5_10,0.0,0.64,1,1,True,,6.774545796791098,
13,T_5,C_5_10,0.0,0.63,0,0,True,-1,-0.5017845551449946,0.4416000134564749
41,T_6,C_6_2,0.28,0.71,0,0,True,1,-3.9874080093823565,0.5413728756729631
35,T_5,C_5_5,0.51,0.75,0,0,True,-1,-1.837086537096992,0.5288448975757502
16,T_5,C_5_5,0.27,0.68,1,0,True,1,3.109116555469024,0.5370517025889151
6,T_5,C_5_5,0.01,0.74,0,0,False,1,-2.289695745716452,0.5511752269296855
29,T_7,C_7_8,0.13,0.0,1,0,False,1,0.8050056845264288,0.5744907057159949
24,T_5,C_5_7,0.47,0.76,0,0,False,1,-3.326202155741372,0.5539119164210303
27,T_4,C_4_2,-0.05,0.63,0,0,True,1,-2.5510835047286964,0.4372463294408288
42,T_5,C_5_5,0.2,0.8,0,0,False,1,-2.8408361549053414,0.5728478366172223
34,T_6,C_6_4,0.19,0.81,0,0,False,1,-2.6368151013133954,0.5919149244897685
22,T_7,C_7_6,0.67,0.0,0,0,False,-1,-4.387428784890364,0.547803501633467
20,T_6,C_6_9,0.0,0.85,0,0,True,1,-3.4026736107357323,0.6644158086448104
8,T_6,C_6_9,0.0,0.82,1,0,True,1,1.009632099405417,0.5088197970662017
15,T_6,C_6_4,0.25,0.91,0,0,True,-1,-6.080451326434689,0.7095851160030038
4,T_5,C_5_7,0.56,0.82,0,0,False,-1,-6.195719326941528,0.5256589418347639
49,T_9,C_9_1,0.0,0.0,0,0,False,1,-8.457873855890654,0.6613275708783316
1,T_6,C_6_9,0.0,0.61,1,0,True,-1,1.865589354181215,0.5517410208650226
39,T_6,C_6_4,0.65,0.82,0,0,True,1,-3.1051856795812895,0.5979462824089806
5,T_8,C_8_2,0.81,0.0,1,0,False,1,2.354693470403883,0.6354681581103537
12,T_6,C_6_2,0.21,0.36,1,0,False,1,2.902535090164367,0.5300949264358336
10,T_5,C_5_1,0.0,0.73,0,0,False,1,-2.8115545022447304,0.5518328830569357
14,T_7,C_7_11,0.0,0.08,1,0,True,1,0.6858929507256359,0.5273899726713085
2,T_6,C_6_4,0.85,0.59,0,0,False,-1,-2.4522991451367506,0.5062608284018275
9,T_6,C_6_9,0.8,0.42,0,0,True,1,-5.82011480214252,0.5968628665357868
43,T_7,C_7_8,0.9,0.13,0,0,False,1,-2.330707728051305,0.6104538393881704
23,T_6,C_6_9,0.63,0.36,1,0,False,-1,2.413550409217022,0.45159030394746447
11,T_5,C_5_1,0.53,0.92,0,0,True,1,-9.257005513176857,0.5987419842261985
0,T_6,C_6_9,0.77,0.67,0,0,True,-1,-4.632388079046944,0.551952477381489
48,T_3,C_3_4,0.54,0.11,0,0,False,1,-3.453710150982408,0.6002720083435261
7,T_7,C_7_8,0.55,0.0,0,0,False,1,-1.2564133732126024,0.5853477783793201
21,T_6,C_6_9,0.67,0.61,0,0,False,-1,-2.918159945229931,0.5617101967225162
3,T_5,C_5_10,0.0,0.8,1,1,True,,4.888910496408688,
28,T_8,C_8_4,0.0,0.0,1,0,True,1,0.4259643130931057,0.4799339935061647
25,T_5,C_5_5,0.6,0.98,1,0,False,1,1.5749369158329882,0.5346321982306923
31,T_7,C_7_8,0.65,0.22,1,0,False,1,2.867561050285718,0.6304015136584911
19,T_5,C_5_1,0.52,0.83,1,0,True,1,2.124560043236479,0.4752813404625678
37,T_7,C_7_8,0.7,0.0,1,1,False,-1,4.110395936275941,0.5886473764357404
36,T_6,C_6_9,0.74,0.45,1,0,False,1,0.40585521945671843,0.5748135300043142
13,T_5,C_5_2,0.0,0.77,1,0,True,-1,0.6738625510448593,0.40734737531196563
45,T_8,C_8_2,0.29,0.85,1,0,False,1,3.4414836226961487,0.6211953684452569
33,T_4,C_4_3,-0.18,0.54,0,0,False,-1,-1.5269058247738858,0.43576981628196343
18,T_4,C_4_3,0.01,0.42,1,0,True,-1,1.3682846211213198,0.49194231587040804
30,T_5,C_5_1,0.19,0.86,1,0,False,1,0.8876590517730669,0.5113382429124377
46,T_8,C_8_2,0.03,0.78,0,0,False,-1,-3.8736023996252698,0.5679141121941739
44,T_3,C_3_5,0.62,-0.07,0,0,False,-1,-6.247924147150986,0.700485321145419
47,T_5,C_5_5,0.44,0.61,0,0,False,1,-8.227925319831165,0.5830936117847015
49,T_10,C_10_4,0.0,0.0,0,0,False,1,-5.889024564666629,0.6588294361302508
32,T_8,C_8_4,0.0,0.75,0,0,False,1,-2.033753454719273,0.48159648909444935
22,T_7,C_7_8,0.77,0.07,0,0,True,-1,-1.2126000044213683,0.6192839456525219
35,T_5,C_5_7,0.02,0.43,1,0,True,-1,0.5871335284652623,0.5543765722492207
17,T_8,C_8_2,0.36,0.89,0,0,False,1,-5.104048083601267,0.6411782647746431
26,T_5,C_5_1,0.1,0.74,1,0,False,-1,2.1660391499005476,0.5116397653878952
4,T_5,C_5_5,0.31,0.39,1,0,True,1,0.3902273473469684,0.5890599221396093
38,T_6,C_6_9,0.72,0.67,0,0,False,-1,-2.809675117298749,0.5061551089471942
15,T_6,C_6_9,1.06,0.97,0,0,True,1,-13.269178830526961,0.7434879828988255
40,T_8,C_8_2,0.36,0.83,0,0,False,-1,-6.626429358112165,0.5526098645914275
41,T_7,C_7_8,0.77,0.81,0,0,False,1,-4.0193546922494265,0.6066480162901573
1,T_6,C_6_2,0.09,0.76,0,0,True,1,-3.1533695974238594,0.52597640051402
34,T_7,C_7_11,0.77,0.87,0,0,False,1,-0.023489324247364607,0.5912725975993022
23,T_6,C_6_2,0.92,0.65,1,1,True,,6.3061642084032155,
16,T_6,C_6_4,0.49,0.86,1,1,False,-1,5.86330178918904,0.5136015441444398
2,T_6,C_6_9,0.35,0.71,1,0,True,-1,3.5830306244707684,0.5794337214380586
6,T_6,C_6_4,0.33,0.76,1,0,False,1,1.2892396402107948,0.5645523761703952
8,T_7,C_7_8,1.11,0.82,1,0,False,1,0.44543193611945675,0.682515687215693
24,T_6,C_6_9,0.69,0.76,1,0,False,-1,0.41703303314199225,0.6088841568625795
20,T_7,C_7_8,0.92,0.88,0,0,False,1,-2.11716218093704,0.7010637916354886
39,T_7,C_7_8,1.23,1.01,0,0,False,1,-0.3705193355155725,0.6681216421333412
37,T_7,C_7_11,0.71,0.89,1,0,True,1,0.18928666825994966,0.5081084903959348
27,T_5,C_5_1,0.93,0.23,1,0,False,1,1.1861660950921102,0.4296636379762845
13,T_5,C_5_8,0.0,0.21,1,1,True,,4.987014089480142,
42,T_6,C_6_9,0.25,0.76,1,0,False,-1,0.18495208719112988,0.5814808189354768
0,T_6,C_6_2,0.3,0.75,1,1,True,,5.9347625600448755,
29,T_8,C_8_4,0.0,0.75,1,0,False,-1,0.15876304444578437,0.4801989946741931
44,T_3,C_3_4,0.17,-0.07,0,0,True,1,-3.491457879247097,0.6777151788084272
12,T_7,C_7_11,0.71,0.79,1,1,False,1,6.231122002427792,0.5212130559948213
48,T_4,C_4_4,0.11,0.91,0,0,False,1,-0.48155054418679555,0.6102041058413816
21,T_6,C_6_4,0.38,0.78,0,0,True,1,-2.530488754369955,0.4773577261398304
33,T_4,C_4_5,-0.24,0.64,0,0,True,-1,-4.3859775780606185,0.4259590849213373
18,T_4,C_4_5,0.0,0.27,0,0,True,1,-4.710006960693866,0.5020777361183761
10,T_6,C_6_4,0.5,0.85,1,0,False,1,1.1288896426326254,0.5427931300494733
11,T_6,C_6_9,0.23,0.97,0,0,False,1,-6.4128759188649,0.6531647780507274
5,T_9,C_9_1,0.84,0.8,0,0,False,1,-6.580705980546055,0.6812655597308748
22,T_7,C_7_11,0.81,0.9,0,0,True,1,-2.1774723656849844,0.5209430909041893
9,T_7,C_7_11,0.85,0.95,0,0,False,-1,-3.116270364717888,0.531675477388052
14,T_8,C_8_4,0.85,0.82,0,0,False,1,-8.67855410216625,0.5443600608668219
35,T_5,C_5_8,0.0,0.77,0,0,True,-1,-6.5492342584318965,0.4398233269370302
43,T_8,C_8_4,0.77,0.77,0,0,False,-1,-2.613536862121002,0.4513643430987047
26,T_5,C_5_8,0.0,0.92,0,0,True,-1,-3.7592700351978934,0.43408302590352715
25,T_6,C_6_4,0.52,0.92,1,0,False,1,3.4270308604564788,0.5435397513762126
3,T_6,C_6_2,0.31,0.87,1,0,False,-1,0.8103057728250374,0.5094132155008868
28,T_9,C_9_1,0.71,0.62,0,0,False,1,-2.2926737615677233,0.5548316812347709
7,T_8,C_8_4,0.8,0.77,0,0,False,-1,-4.688213168083564,0.5123602708717413
36,T_7,C_7_11,0.81,0.41,0,0,False,-1,-1.9580052256174199,0.5562238916790058
46,T_8,C_8_4,0.81,0.78,0,0,True,1,-5.482151545483191,0.54411164418911
31,T_8,C_8_4,0.81,0.82,0,0,False,-1,-6.326695706919006,0.5331965245579917
38,T_6,C_6_2,0.62,0.86,0,0,True,-1,-1.9650207413672494,0.44712108850233534
19,T_6,C_6_4,0.32,0.9,0,0,False,1,-3.4665484574131398,0.5141911048619434
47,T_6,C_6_2,0.46,0.86,0,0,False,-1,-2.499408378139167,0.5832838231283889
16,T_6,C_6_2,0.45,1.09,1,0,True,-1,0.8673383205403553,0.5103417211789382
45,T_9,C_9_1,0.85,0.8,0,0,False,1,-0.6242583181151726,0.6558798846363473
30,T_6,C_6_9,0.29,1.27,0,0,False,1,-7.014567407640643,0.5953033971658934
2,T_6,C_6_8,0.0,0.93,1,0,True,-1,2.9989823064033008,0.42037402649061406
24,T_6,C_6_4,0.23,0.78,1,0,True,-1,2.8154736546719272,0.5721539302411249
15,T_7,C_7_11,1.14,0.45,0,0,False,1,-7.421738594103253,0.6644481693602142
5,T_10,C_10_4,0.8,0.0,0,0,False,1,-4.27597998460133,0.5556002180080484
17,T_9,C_9_1,0.94,0.85,0,0,False,1,-7.589312799393831,0.7081243628384034
40,T_8,C_8_4,0.91,0.92,0,0,True,1,-0.30667384582895885,0.5159982350751512
4,T_6,C_6_9,0.34,0.92,0,0,False,1,-5.387673291246253,0.5923831458531426
42,T_6,C_6_4,0.08,0.53,0,0,True,1,-1.433381707652936,0.5527978960385376
23,T_7,C_7_11,0.48,0.14,1,0,False,1,1.3655278621473261,0.4587376749077025
9,T_7,C_7_8,0.19,0.04,0,0,True,1,-1.3076445762187525,0.6536437063650231
1,T_7,C_7_11,0.98,0.02,1,0,False,-1,0.1710160934464131,0.5433688967564246
32,T_9,C_9_1,0.81,0.67,1,0,False,1,1.20459930184232,0.5604517711944426
6,T_7,C_7_8,0.81,0.27,0,0,False,1,-0.29330187248911876,0.6729999543960243
26,T_5,C_5_9,0.0,0.5,1,1,True,,4.386983718713244,
29,T_8,C_8_2,0.11,0.91,1,1,True,,4.321089150023223,
34,T_8,C_8_4,0.88,0.91,1,0,False,1,0.7398610587352952,0.5181924563345359
41,T_8,C_8_4,0.92,0.9,1,0,False,-1,1.6957096253120545,0.4914127827472732
33,T_4,C_4_4,-0.28,0.64,0,0,True,-1,-3.849829021826567,0.5233264141209906
35,T_5,C_5_9,0.0,0.48,1,0,True,1,2.300191639350613,0.5059174112681698
28,T_10,C_10_4,0.62,0.0,1,0,False,-1,0.16428191296746597,0.4846887086602435
8,T_8,C_8_4,0.19,0.93,1,0,False,-1,0.011872527068161887,0.4756197940406432
36,T_7,C_7_6,0.19,0.41,0,0,True,1,-2.9241047160900475,0.5468490988971378
44,T_4,C_4_1,-0.07,0.69,1,1,False,1,4.203577169192496,0.6339628458390143
39,T_8,C_8_4,0.34,1.0,0,0,False,-1,-9.765406243188462,0.5860620133508246
0,T_7,C_7_11,0.67,0.37,0,0,False,1,-5.113245348887752,0.5594064131944547
21,T_7,C_7_8,0.72,0.16,0,0,False,1,-4.614984768541326,0.503892515868864
20,T_8,C_8_2,0.13,1.0,0,0,False,-1,-9.112945917806694,0.6157746749024153
27,T_6,C_6_2,0.47,0.37,0,0,False,1,-3.3714547510236894,0.5299383871927972
13,T_6,C_6_2,0.43,0.71,0,0,False,-1,-1.3781747940386033,0.4703867562055424
45,T_10,C_10_4,0.89,0.0,0,0,False,1,-10.985056060800192,0.5981353321654852
3,T_6,C_6_4,0.05,0.81,0,0,True,-1,-4.6374111420178625,0.4952532217904372
37,T_8,C_8_4,0.54,0.91,0,0,False,1,-6.047019740704265,0.43636332586329035
18,T_5,C_5_1,0.27,0.35,0,0,False,-1,-5.820861124456577,0.6076173105751697
10,T_7,C_7_8,0.72,0.13,0,0,False,1,-9.307669547684947,0.5481551490324543
48,T_5,C_5_5,0.91,0.22,0,0,False,1,-6.0037299790818075,0.621691809655111
11,T_7,C_7_11,0.82,0.52,0,0,False,-1,-7.00412894177877,0.6397382069757698
17,T_10,C_10_4,0.92,0.0,0,0,False,1,-7.47929351389136,0.6215478603016712
28,T_10,C_10_1,0.0,0.0,1,1,True,,4.249514496478359,
16,T_6,C_6_8,0.0,1.12,1,1,True,,5.620547418423732,
43,T_8,C_8_5,0.0,0.92,0,0,True,1,-1.3170154368914062,0.4417282389346814
12,T_8,C_8_4,0.39,0.86,0,0,False,-1,-1.2953963498188834,0.4600104630961528
22,T_8,C_8_4,0.13,0.94,1,0,False,1,0.42327268557386866,0.5038699972544798
38,T_6,C_6_4,0.26,0.55,1,0,True,1,2.2316475609477084,0.4849567725082731
25,T_7,C_7_11,0.23,0.68,1,0,False,-1,2.7587662050154984,0.5202524327811009
32,T_10,C_10_4,0.18,0.0,1,1,False,-1,4.379212432875514,0.4875369976522654
14,T_9,C_9_1,0.97,0.32,1,0,False,-1,1.8787638235644302,0.6094707179115353
1,T_7,C_7_8,0.32,0.03,1,0,True,1,3.3216907500921593,0.6077381175093608
7,T_8,C_8_2,0.12,0.93,1,0,True,1,0.36088742042029054,0.5701706511223066
47,T_6,C_6_9,0.23,0.97,1,0,True,1,2.5226606560632483,0.5971880360363648
33,T_4,C_4_1,-0.32,0.72,1,1,True,,4.438460499103084,
2,T_6,C_6_3,0.0,0.76,1,0,True,-1,1.8039558575732677,0.4294950985771395
31,T_8,C_8_5,0.0,0.96,0,0,True,1,-5.300801912312602,0.5039147344436341
24,T_6,C_6_3,0.0,0.63,0,0,True,1,-0.05314429190358538,0.47599928538505043
46,T_9,C_9_1,0.91,0.25,0,0,False,1,-3.175064855511284,0.6430173370349783
30,T_7,C_7_8,1.11,0.0,0,0,False,-1,-7.760195303202637,0.584473533817163
19,T_7,C_7_11,0.98,0.0,0,0,False,1,-2.318615938358395,0.5494817590045317
4,T_7,C_7_8,0.95,0.14,1,0,False,-1,2.191943779357757,0.6288859828548443
40,T_9,C_9_1,0.96,0.68,1,0,False,1,3.327095053243177,0.656258824375973
42,T_7,C_7_8,0.52,0.13,1,0,False,-1,0.5749055627972446,0.5932601574356925
23,T_8,C_8_5,0.0,0.86,1,0,False,1,1.5208336245557978,0.3626828646304997
15,T_8,C_8_2,0.45,1.11,0,0,False,1,-5.309572596134652,0.7291875305619195
9,T_8,C_8_4,0.45,0.98,1,0,False,-1,3.2804433568236355,0.5346737947038824
11,T_7,C_7_6,0.38,0.87,0,0,True,-1,-4.900596857941077,0.6248745183739393
8,T_8,C_8_5,0.0,0.86,0,0,True,-1,-5.876327920150442,0.43064646222273756
18,T_5,C_5_9,0.76,0.35,1,0,True,-1,1.3344581588649689,0.5248724385149135
41,T_8,C_8_5,0.0,0.94,1,0,True,-1,0.5686691058544486,0.4356433892456939
32,T_10,C_10_1,0.0,0.0,1,0,True,1,1.7440221991504758,0.42426540892870146
29,T_9,C_9_1,0.93,0.0,0,0,False,1,-2.1437428279737594,0.5416955219178813
6,T_8,C_8_4,0.3,0.75,0,0,False,-1,-3.5130011298228956,0.5220386987701948
39,T_8,C_8_5,0.0,0.8,0,0,True,-1,-2.5439206929189027,0.5129775563856296
13,T_6,C_6_4,0.01,1.16,1,0,True,-1,1.3403617820296496,0.4600844920917269
26,T_6,C_6_2,0.59,0.75,0,0,False,-1,-4.5645024223263855,0.5112525929574724
3,T_6,C_6_9,0.08,0.87,1,0,True,1,2.025817592746373,0.5098552900504023
25,T_7,C_7_6,0.31,0.82,0,0,True,-1,-1.334199732329214,0.5623276442640628
34,T_9,C_9_1,0.94,0.8,0,0,False,1,-1.1264256630978355,0.6429572173729452
35,T_6,C_6_2,0.61,0.36,0,0,False,1,-3.727599990752898,0.5309500262830972
20,T_8,C_8_5,0.0,1.03,0,0,True,-1,-7.754215740424176,0.49413811847895844
44,T_5,C_5_9,0.86,0.39,0,0,False,-1,-6.021955752350358,0.5435973006473089
14,T_9,C_9_17,0.0,0.08,0,0,True,1,-4.411341560340865,0.5886749700560175
30,T_7,C_7_6,0.64,0.14,1,1,True,,4.9999692154684245,
12,T_8,C_8_5,0.69,0.72,1,1,True,,7.786175018349724,
4,T_7,C_7_6,0.27,0.17,1,1,True,,7.434444310251532,
2,T_6,C_6_6,0.0,0.48,1,1,True,,5.097815677352938,
27,T_7,C_7_6,0.46,0.78,0,0,False,1,-5.736486048000339,0.5205405176315943
36,T_8,C_8_2,0.39,0.94,0,0,False,-1,-1.312919101988804,0.5270540417726324
46,T_10,C_10_4,0.43,0.0,1,0,False,-1,1.0511202427980306,0.5248479027575239
0,T_8,C_8_2,0.43,1.05,0,0,False,1,-5.812047724417085,0.5714212441533819
16,T_7,C_7_8,1.07,0.81,1,1,False,1,7.950177798057887,0.5501335240020438
21,T_8,C_8_5,0.0,0.71,1,1,False,-1,7.635772953423699,0.37743742250484924
40,T_10,C_10_4,0.3,0.0,1,1,False,1,6.435633968017011,0.5705377624740662
38,T_7,C_7_8,0.75,0.41,1,0,False,1,2.884047017733775,0.5122819771771315
11,T_7,C_7_8,0.03,0.67,0,0,True,1,-1.0300739942414374,0.6184114642624654
48,T_6,C_6_4,0.26,1.02,0,0,False,1,-0.547885920115097,0.5374185066052625
37,T_9,C_9_1,0.93,0.0,1,0,False,-1,3.6136184218258265,0.5759767973667732
10,T_8,C_8_5,0.74,1.1,1,0,False,1,2.3528900421434926,0.45725152848109535
42,T_7,C_7_6,0.31,0.35,1,0,True,1,3.9718673795388355,0.5969829190631994
43,T_9,C_9_1,1.21,0.7,1,0,False,-1,3.102677270765019,0.6143075827936617
22,T_9,C_9_1,0.48,0.74,0,0,False,-1,-6.132129946330206,0.5897881926620545
47,T_7,C_7_8,0.96,0.3,1,0,False,1,1.484052074611732,0.6634236644363019
29,T_10,C_10_1,0.74,0.0,1,0,False,1,3.1546846345958057,0.44714873412527106
18,T_5,C_5_7,0.19,0.52,1,0,True,-1,0.7206906814135339,0.5900124362342294
1,T_8,C_8_5,0.89,0.94,0,0,False,1,-1.091741161552596,0.4706568081867739
33,T_5,C_5_5,0.64,0.6,1,0,False,1,1.3738085559054722,0.5509179915224033
34,T_10,C_10_4,0.8,0.0,0,0,False,-1,-0.8790912160783773,0.6208613000524864
7,T_9,C_9_1,0.9,0.71,1,0,False,-1,0.3055028158440276,0.5796321854258557
25,T_7,C_7_8,0.43,0.62,1,0,True,1,2.636307811981087,0.56172168709557
24,T_7,C_7_11,0.5,0.0,0,0,False,1,-1.1344694256550714,0.5731943386366023
14,T_10,C_10_1,0.78,0.0,1,0,False,-1,3.076213775368597,0.52655341971139
46,T_10,C_10_1,0.65,0.0,1,0,True,1,3.8017836465281807,0.533909511757338
9,T_8,C_8_5,0.98,0.86,0,0,True,-1,-2.6714161703606267,0.4672113573870855
31,T_9,C_9_17,0.85,0.79,0,0,False,1,-0.019873701731376592,0.6272029918642907
41,T_8,C_8_3,0.0,0.89,0,0,True,1,-4.420294133067541,0.4594528426204686
8,T_8,C_8_3,0.0,1.11,0,0,True,1,-7.637597620460095,0.45178410592359425
15,T_9,C_9_17,0.98,0.97,0,0,False,1,-6.883297240358395,0.7205970275688931
44,T_5,C_5_5,0.7,0.43,0,0,True,1,-7.873928840745476,0.5987072118349561
13,T_6,C_6_3,0.41,1.18,0,0,True,-1,-3.4720865269576926,0.41705806007832436
26,T_6,C_6_3,0.3,0.77,0,0,True,1,-3.267600925628919,0.4638566789833468
23,T_9,C_9_1,0.71,0.62,0,0,False,1,-2.9381126759276857,0.5044561606849738
6,T_8,C_8_3,0.0,0.91,0,0,True,1,-0.3101289235267126,0.4426427084665545
19,T_8,C_8_5,0.14,1.06,0,0,False,-1,-3.2805013660968303,0.41275026571048046
39,T_8,C_8_2,0.04,1.11,1,0,True,1,1.4734329729510227,0.656237022873974
37,T_9,C_9_17,0.74,0.81,0,0,True,1,-2.448598443543341,0.514482953641223
35,T_7,C_7_8,0.49,0.9,1,0,False,1,2.4130826348530627,0.5631433420506085
43,T_9,C_9_17,0.74,0.78,0,0,True,-1,-3.5589185566192283,0.5707559064510455
34,T_10,C_10_1,0.89,0.0,1,0,True,-1,0.4239640276711878,0.5208232430608303
3,T_7,C_7_11,0.88,0.0,0,0,False,1,-0.5886088420753364,0.4998952087256111
20,T_8,C_8_3,0.0,0.92,1,0,True,1,1.1243961947705774,0.5695226135521145
22,T_9,C_9_17,0.83,0.86,0,0,True,-1,-1.647842930294959,0.5585542515117995
14,T_10,C_10_4,0.05,0.0,1,0,True,-1,2.259517501317916,0.5255558630477977
30,T_8,C_8_3,0.0,0.99,0,0,False,1,-3.7170588549954005,0.5304654584793654
2,T_7,C_7_6,0.36,0.67,1,0,False,1,1.5018900958342947,0.5738026820482693
7,T_9,C_9_17,0.77,0.69,0,0,True,1,-5.203364319854738,0.5557791817755663
12,T_9,C_9_17,0.73,0.43,0,0,False,-1,-3.3864225386943696,0.5408689976513428
4,T_8,C_8_4,0.06,0.89,0,0,False,1,-3.725336890901933,0.5533750818902212
36,T_8,C_8_5,0.69,0.82,0,0,True,-1,-4.091727460042942,0.442784303239086
21,T_8,C_8_3,0.0,0.84,1,0,True,1,2.402081213874072,0.4477047542546073
18,T_5,C_5_5,0.15,0.52,0,0,True,-1,-3.427946102208584,0.6091917145474568
31,T_10,C_10_1,0.37,0.0,0,0,False,-1,-3.0285571924263186,0.5199774017130897
27,T_8,C_8_5,0.42,0.79,0,0,False,1,-1.087427204279197,0.45865101150159315
48,T_7,C_7_8,1.04,0.95,0,0,False,-1,-0.7584614653592014,0.6187527306469973
34,T_10,C_10_2,0.0,0.0,1,0,True,-1,0.33480154905544524,0.5098750658846247
23,T_10,C_10_1,0.34,0.0,1,0,False,-1,1.8777969089132673,0.3403880346546925
16,T_8,C_8_2,0.98,0.9,0,0,False,-1,-1.0817334540614114,0.5759048364475392
0,T_9,C_9_17,0.85,0.64,0,0,False,-1,-3.6999981037159797,0.6000358557532283
15,T_10,C_10_1,0.58,0.0,0,0,False,-1,-6.6671980536468505,0.6536579162998504
37,T_10,C_10_1,0.47,0.0,1,0,False,-1,0.940103632285016,0.4242403326091483
33,T_6,C_6_4,0.67,0.68,0,0,False,1,-5.252868924042895,0.5460280826633164
43,T_9,C_9_3,0.0,0.11,0,0,True,1,-3.8694930710393782,0.5851715781446332
38,T_8,C_8_5,0.33,0.69,0,0,False,-1,-4.011338992697035,0.39903172913649143
14,T_10,C_10_2,0.0,0.0,1,0,True,-1,2.310280282832733,0.4960962238369018
11,T_8,C_8_5,0.78,0.73,0,0,False,1,-3.975364794761078,0.5734015404831322
10,T_9,C_9_17,0.86,0.42,1,0,False,-1,2.3462025171168506,0.5804219122212646
47,T_8,C_8_2,0.37,0.6,0,0,False,-1,-4.927892992120461,0.5960752013178514
42,T_8,C_8_5,0.27,0.72,0,0,False,-1,-2.5262948861719385,0.4811084247121951
13,T_6,C_6_6,0.0,1.3,0,0,True,1,-1.1888850409917602,0.31473425867069216
22,T_9,C_9_3,0.0,0.22,0,0,True,1,-1.4586355094799721,0.6136240851891057
34,T_10,C_10_3,0.0,0.0,1,1,True,,4.716281523518834,
12,T_9,C_9_1,0.46,0.14,1,1,True,,7.87217756550497,
23,T_10,C_10_3,0.0,0.0,1,1,True,,6.266635567470953,
1,T_9,C_9_17,0.47,0.3,0,0,False,-1,-2.6854510995096916,0.5722763570034646
15,T_10,C_10_3,0.0,0.0,1,1,True,,5.131187915081006,
48,T_7,C_7_6,0.33,1.01,1,1,True,,4.402863233137519,
14,T_10,C_10_3,0.0,0.0,1,1,True,,4.5182857267359005,
18,T_5,C_5_3,0.0,0.52,1,1,True,,5.555512435422237,
9,T_8,C_8_2,0.21,0.7,1,0,True,1,2.0133411866018953,0.5936325609286796
31,T_10,C_10_4,0.09,0.0,0,0,True,-1,-1.5470020479172346,0.5386920950710745
7,T_10,C_10_1,0.3,0.0,1,0,False,1,3.1328099605509605,0.48834706670218364
25,T_8,C_8_3,0.77,0.81,1,1,False,-1,11.54553573500829,0.4517707316085412
24,T_8,C_8_3,0.87,0.53,1,1,False,-1,8.97728896256319,0.5011671112851145
26,T_7,C_7_8,0.8,0.88,1,1,False,-1,8.216812114509668,0.5595818597602396
41,T_9,C_9_17,0.26,0.0,1,0,False,-1,0.9586045701421204,0.541670305681724
37,T_10,C_10_3,0.0,0.0,1,0,True,-1,2.129672071439887,0.36246144970865407
19,T_8,C_8_3,0.83,0.02,1,0,True,-1,3.717839157628128,0.4705005176676887
10,T_9,C_9_3,0.79,0.0,1,1,True,,5.323180728479384,
44,T_6,C_6_4,0.46,0.46,1,0,False,1,3.187775582950273,0.6110194588539597
6,T_9,C_9_17,0.62,0.33,1,0,False,1,0.8582102975041943,0.5376815249925687
8,T_9,C_9_3,0.0,0.0,0,0,False,1,-0.8380270564037531,0.5774078697507301
0,T_9,C_9_1,0.27,0.07,1,0,True,1,0.7685696274566371,0.6012424426436844
36,T_8,C_8_3,0.82,1.1,1,1,True,,5.3777029211771445,
43,T_10,C_10_4,0.01,0.0,0,0,False,1,-3.6812626736905845,0.5802219668121806
39,T_9,C_9_17,0.4,0.25,1,0,False,-1,0.1898987436323134,0.6537364184954633
1,T_9,C_9_3,0.93,0.14,1,1,True,,4.385098880997621,
35,T_8,C_8_3,0.83,0.89,1,1,False,-1,6.76693626435198,0.46904264358796055
16,T_8,C_8_3,0.93,0.9,1,1,True,,6.147981602570219,
20,T_9,C_9_3,0.86,0.1,1,0,False,-1,3.7346559769785523,0.6182992383750311
3,T_8,C_8_3,0.85,0.86,1,1,False,-1,6.5366439702864305,0.42499360698062283
38,T_8,C_8_3,0.86,0.81,1,1,True,,7.425071081429594,
12,T_10,C_10_4,0.14,0.0,1,0,False,-1,3.32396805256165,0.5116256774895214
30,T_9,C_9_1,0.91,0.39,1,0,False,1,3.9140674522271297,0.649084721116002
22,T_10,C_10_3,0.0,0.0,1,0,False,-1,2.600318805440291,0.4104694920811143
31,T_10,C_10_3,0.0,0.0,1,0,True,1,1.7304693424755042,0.445044390458708
2,T_8,C_8_3,0.85,1.02,1,0,False,1,3.4180649481140035,0.48842494193693287
4,T_9,C_9_3,0.91,0.23,1,1,False,-1,7.15605558708765,0.5746964026826826
37,T_10,C_10_5,0.0,0.0,1,0,True,-1,1.8751618628575102,0.37550919669631466
21,T_9,C_9_1,0.82,0.62,1,1,False,-1,8.177676784477743,0.5512985177316494
27,T_9,C_9_3,0.83,0.0,1,1,False,1,4.51622152390732,0.615061287338805
33,T_7,C_7_11,0.51,0.7,0,0,False,1,-4.4586223417102495,0.5244699082874086
41,T_9,C_9_3,0.89,0.05,1,0,True,-1,2.955369112200601,0.5811796787790786
22,T_10,C_10_5,0.0,0.0,1,1,True,,4.1568072238416685,
26,T_7,C_7_11,0.75,0.26,0,0,True,-1,-2.2648058961138133,0.5197655202725311
47,T_8,C_8_3,1.03,0.96,0,0,True,-1,-0.3306961393715584,0.49132459975295434
42,T_8,C_8_3,0.96,0.92,1,0,True,1,1.1042488291818904,0.53586675929762
10,T_10,C_10_1,0.15,0.0,0,0,False,1,-0.6842731833968836,0.5245986477925809
13,T_7,C_7_11,1.3,0.41,1,0,False,1,3.1544958658312092,0.5054634436355903
25,T_8,C_8_2,0.59,0.86,1,1,True,,5.4859071314074574,
11,T_9,C_9_3,1.0,0.23,1,1,False,1,4.999532479436532,0.7140583143563415
6,T_10,C_10_1,0.49,0.0,1,0,False,1,1.6194658962919934,0.4698878142407785
8,T_10,C_10_5,0.0,0.0,0,0,False,-1,-0.06904007189468153,0.3907286795686686
12,T_10,C_10_5,0.0,0.0,1,0,True,1,3.831109220409626,0.3977643601816925
0,T_10,C_10_4,0.29,0.0,0,0,False,-1,-0.5657523317573334,0.5594609892497011
39,T_9,C_9_3,0.99,0.45,1,0,True,-1,2.378955173298958,0.6347569353104267
1,T_10,C_10_4,0.36,0.0,1,0,False,-1,2.4784532658766407,0.5511993529452833
4,T_9,C_9_1,0.71,0.23,1,1,True,,6.523673418775942,
37,T_10,C_10_4,-0.08,0.0,1,0,True,1,2.3219601093820534,0.5275616594305234
20,T_9,C_9_1,0.46,0.2,1,0,True,1,2.9085495458635435,0.6722320229195332
24,T_8,C_8_4,0.05,0.3,0,0,True,-1,-1.1559298958453548,0.49589826689396077
48,T_8,C_8_3,0.51,1.12,0,0,False,1,-4.561600260310931,0.5033226140392038
18,T_6,C_6_6,0.71,0.82,1,0,False,-1,3.897662565874416,0.46656416958218616
30,T_10,C_10_1,0.59,0.0,0,0,False,-1,-5.027985577810376,0.4696174206953754
9,T_9,C_9_3,0.65,0.06,1,1,False,1,7.950282523956434,0.6434908248947137
19,T_8,C_8_4,0.23,0.34,0,0,True,-1,-1.3324492420344338,0.45920205800399105
27,T_10,C_10_3,-0.1,0.0,0,0,False,-1,-9.217588449247515,0.41324342955914056
8,T_10,C_10_4,-0.09,0.0,0,0,True,-1,-3.873484368217688,0.6448826158948444
44,T_7,C_7_8,0.5,0.42,0,0,False,-1,-4.8898601281705565,0.6519531062637076
26,T_7,C_7_2,0.0,0.26,1,0,True,1,1.366390328474142,0.518037350426587
21,T_9,C_9_12,0.0,0.79,0,0,True,-1,-4.999540386471498,0.5470751219669673
0,T_10,C_10_5,0.01,0.0,1,0,True,1,0.22962562259174657,0.46588692597776227
36,T_9,C_9_1,0.86,0.02,0,0,False,-1,-3.0403280829810635,0.6112179287570322
41,T_9,C_9_1,0.28,0.1,0,0,True,1,-3.808894819203223,0.5806784644659015
35,T_8,C_8_5,0.6,0.57,1,0,True,-1,1.5911942500428244,0.4743330943370244
11,T_10,C_10_3,0.13,0.0,1,0,False,1,1.6889940278640614,0.4616780852709601
1,T_10,C_10_3,-0.23,0.0,1,0,True,1,2.337102241939739,0.4167828757414301
27,T_10,C_10_5,-0.07,0.0,1,1,True,,4.435540814112326,
8,T_10,C_10_1,-0.45,0.0,1,1,True,,4.212077348389858,
3,T_8,C_8_6,0.0,0.29,1,0,True,-1,2.4031721192930764,0.5027990218048393
16,T_9,C_9_1,0.92,0.42,1,0,False,1,1.1827066182538504,0.5939395911808782
38,T_9,C_9_1,0.59,0.41,1,1,False,-1,4.821409160497107,0.5416415222607465
30,T_10,C_10_3,-0.04,0.0,1,0,True,-1,0.9108488156694632,0.4975818161794392
39,T_9,C_9_1,0.27,0.74,1,0,True,1,2.733928752973645,0.6552530400713807
4,T_10,C_10_3,0.22,0.0,1,1,False,1,4.808801171405954,0.4630333441488653
20,T_10,C_10_4,0.25,0.0,1,1,False,-1,7.206082386925953,0.6595567553782619
9,T_10,C_10_5,-0.04,0.0,1,0,False,-1,3.0504013922138657,0.4586841370854364
47,T_8,C_8_6,0.0,0.57,0,0,True,1,-3.964126634646231,0.5908030604294816
2,T_9,C_9_1,0.66,0.16,1,1,False,-1,7.137067555988791,0.5948276877428608
33,T_8,C_8_3,0.42,0.43,1,0,False,-1,2.471363864225329,0.4649362889776524
21,T_9,C_9_15,0.0,0.37,1,0,True,1,1.8806167334672343,0.5746314751290388
44,T_7,C_7_11,0.21,0.41,0,0,True,1,-3.9201257615035283,0.6039882529640208
42,T_9,C_9_1,0.56,0.02,1,0,False,-1,3.0331884707593737,0.6446053625587571
13,T_8,C_8_3,0.13,0.46,1,0,False,-1,0.13303685021542933,0.41917666670006204
36,T_9,C_9_3,0.6,0.1,1,0,True,1,0.17037070777398444,0.6253926654388097
30,T_10,C_10_5,0.07,0.0,1,0,True,1,1.292102577283683,0.3983181456367768
41,T_10,C_10_5,0.08,0.0,1,0,False,1,1.615200562810747,0.404295219117135
25,T_9,C_9_3,0.53,0.6,1,0,False,1,1.6669314448761607,0.6098717516552168
18,T_6,C_6_9,0.52,0.86,0,0,True,1,-1.0836522780152755,0.6200609533399303
20,T_10,C_10_5,-0.17,0.0,1,0,True,1,1.15447375306191,0.4768083768064163
16,T_10,C_10_5,0.5,0.0,0,0,False,-1,-0.19127924057579015,0.42114946503133244
9,T_10,C_10_3,0.33,0.0,1,0,True,1,2.899834260255158,0.4345916199827466
24,T_8,C_8_6,0.0,0.25,1,0,True,-1,2.4975466466077254,0.5408006059709127
39,T_10,C_10_1,0.71,0.0,1,1,False,-1,6.1562496045395445,0.5996983321632077
38,T_9,C_9_3,0.2,0.41,1,0,True,1,2.1308678179926,0.5707696448588081
19,T_8,C_8_6,0.0,0.82,1,0,True,1,0.04651341242784568,0.4870982939038563
48,T_9,C_9_1,1.04,0.55,1,0,False,1,2.302972208213661,0.6228426854827368
2,T_9,C_9_3,0.3,0.65,0,0,True,-1,-4.993075508527502,0.581805268605522
21,T_10,C_10_5,0.62,0.0,1,0,False,1,1.1226946834925062,0.38540322404463223
35,T_8,C_8_2,0.59,0.86,0,0,True,-1,-6.203799702202728,0.5599968092526953
36,T_10,C_10_5,0.05,0.0,0,0,False,-1,-3.646906762300551,0.393680863824601
42,T_9,C_9_15,0.85,0.29,0,0,True,-1,-4.2807160680833505,0.5871261645140258
16,T_10,C_10_3,0.49,0.0,0,0,True,-1,-0.8924265711905672,0.4004589891087157
3,T_8,C_8_1,0.0,0.77,0,0,True,1,-1.5598010361508567,0.40345942655093847
26,T_8,C_8_2,0.26,0.76,0,0,False,-1,-6.261680535088356,0.5273616097476119
25,T_10,C_10_3,1.0,0.0,1,1,False,-1,6.636766372887765,0.40170100780470047
39,T_10,C_10_3,0.3,0.0,1,0,True,-1,3.414338108199126,0.4620310496657164
36,T_10,C_10_3,0.11,0.0,1,0,True,-1,3.898875309484996,0.4276575864307398
16,T_10,C_10_4,0.16,0.0,1,0,True,-1,0.2188700657856426,0.5480398540742357
48,T_10,C_10_1,0.2,0.0,1,0,False,1,1.1394941515974413,0.5093072791353701
38,T_10,C_10_1,0.27,0.0,1,0,False,1,2.6680168234648223,0.4293617318398222
2,T_9,C_9_15,0.8,0.22,1,1,True,,6.546682851831468,
25,T_10,C_10_4,0.28,0.0,1,1,True,,5.225881440705578,
33,T_8,C_8_6,0.01,0.32,1,0,True,1,0.9141491360023242,0.5254202509303888
47,T_9,C_9_1,0.91,-0.2,1,1,False,1,4.12005729628302,0.6502360069346661
36,T_10,C_10_4,0.02,0.0,1,1,True,,4.074050946034159,
42,T_9,C_9_3,0.17,0.07,1,1,True,,6.305643476505438,
16,T_10,C_10_1,0.11,0.0,1,1,True,,4.517123839043198,
39,T_10,C_10_5,0.55,0.0,1,0,True,1,1.9920379861778645,0.5091231096053029
13,T_8,C_8_1,0.0,0.39,1,0,True,1,2.2827254099718353,0.4024887595705945
44,T_8,C_8_2,0.41,0.25,1,0,False,1,1.8143273516289913,0.6164950680333517
24,T_8,C_8_1,0.0,0.15,1,0,True,1,0.9165032040822974,0.43707139914644244
18,T_7,C_7_2,0.86,0.89,1,0,False,1,1.0091661681280355,0.5474383746189577
2,T_10,C_10_5,0.22,0.0,0,0,False,-1,-0.3507049354382099,0.4148573176425031
47,T_10,C_10_1,-0.07,0.0,0,0,False,1,-7.711169538445354,0.5126606600021894
35,T_8,C_8_4,0.56,0.74,0,0,True,-1,-0.7550391300073356,0.5096399441083276
2,T_10,C_10_4,0.14,0.0,1,0,True,-1,3.332488861424719,0.4730685875517912
42,T_10,C_10_5,0.14,0.0,0,0,False,-1,-1.0670827479609128,0.43561215212748916
2,T_10,C_10_3,-0.09,0.0,1,1,True,,6.248528031463761,
26,T_8,C_8_1,0.78,0.94,1,0,True,-1,2.00159402328795,0.43201924024608973
19,T_9,C_9_3,0.01,0.47,0,0,False,1,-0.08844789196639713,0.5662371666419732
42,T_10,C_10_3,-0.35,0.0,1,0,True,1,1.2460166013401643,0.4427223233511033
3,T_9,C_9_1,0.44,0.23,1,0,False,-1,1.1034421368647145,0.5662271079478463
19,T_10,C_10_5,0.36,0.0,1,0,False,-1,0.4200456094559213,0.388935442361534
19,T_10,C_10_1,-0.58,0.0,1,0,True,-1,1.7111983809824727,0.4701530653911947
19,T_10,C_10_2,-0.75,0.0,1,0,True,-1,1.2488632094201062,0.3915749949860438
3,T_9,C_9_16,0.0,0.26,1,0,True,-1,2.6651651255761744,0.5382733737050684
33,T_9,C_9_1,0.26,0.37,1,0,False,1,0.1817491154604518,0.6165790429045226
19,T_10,C_10_3,-0.86,0.0,1,0,True,1,0.9500103049597772,0.42425183973060965
13,T_9,C_9_3,0.36,0.04,0,0,False,1,-0.3277235323329952,0.5140569618234673
35,T_8,C_8_1,0.83,0.57,1,0,True,1,1.6445662100103107,0.37939622364293524
44,T_9,C_9_1,0.28,0.21,0,0,False,1,-1.467052652410766,0.6635559038033638
24,T_9,C_9_3,0.29,-0.19,0,0,False,1,-1.494280149210896,0.591350138903181
26,T_8,C_8_6,0.16,0.96,0,0,True,-1,-9.88253785308992,0.4908720759254913
18,T_8,C_8_1,0.97,0.54,0,0,False,1,-6.582342561761381,0.4547062075968713
3,T_9,C_9_7,0.0,0.26,0,0,True,1,-3.098647914162332,0.4779824084255586
33,T_10,C_10_1,0.37,0.0,0,0,False,1,-6.093925624341353,0.5018212860633782
13,T_10,C_10_1,0.06,0.0,0,0,False,1,-3.539161733880216,0.3722030210173598
44,T_10,C_10_3,0.21,0.0,0,0,False,-1,-4.9332159454803515,0.45197201824055916
24,T_10,C_10_5,-0.19,0.0,0,0,False,-1,-2.734028879949016,0.42675651856953783
44,T_10,C_10_4,-0.06,0.0,0,0,True,1,-0.10078628980683657,0.5896446430912895
24,T_10,C_10_3,-0.39,0.0,1,0,True,1,0.9347197871392767,0.4742039207467443
3,T_10,C_10_5,0.25,0.0,1,0,False,-1,1.3146731670926624,0.37574731506435655
3,T_10,C_10_1,0.19,0.0,1,0,True,-1,0.6623305137326438,0.42213787797570473
3,T_10,C_10_3,-0.17,0.0,1,0,True,1,2.7796904421638136,0.3835088077350115
35,T_9,C_9_7,0.84,0.14,1,0,False,-1,2.4170713543761426,0.47959600559250803
26,T_8,C_8_5,-0.01,0.97,0,0,True,-1,-3.081132703482173,0.45377508957914514
18,T_9,C_9_7,0.91,0.55,1,1,False,-1,5.349525583028607,0.5293525510512375
35,T_9,C_9_3,0.46,0.14,1,1,True,,4.863897753770573,
18,T_9,C_9_1,0.56,0.55,1,1,True,,4.541401635758228,
35,T_10,C_10_3,0.14,0.0,1,1,False,1,4.272865145074897,0.39414245367305617
26,T_8,C_8_4,-0.52,0.97,0,0,True,1,-3.0849060817309573,0.46897566657907613
18,T_10,C_10_5,0.55,0.0,1,0,False,-1,1.5620614097778622,0.4438260398962992
18,T_10,C_10_1,-0.06,0.0,1,0,True,1,0.237506817516711,0.4678864254603572
26,T_9,C_9_3,0.97,-0.13,0,0,False,-1,-2.0330371809918226,0.6139621740031596
26,T_9,C_9_1,0.11,-0.13,0,0,True,-1,-0.4474776808387517,0.5668605009673382
26,T_9,C_9_4,0.0,-0.13,1,0,True,-1,2.6040176978002956,0.48240102583586764
26,T_9,C_9_18,0.0,-0.13,1,0,True,1,2.604583674960092,0.4767359593419091
26,T_10,C_10_3,-0.13,0.0,0,0,False,-1,-1.3737100387212742,0.3690662330998484
26,T_10,C_10_1,-0.16,0.0,1,0,True,-1,1.9312297241259664,0.45057722138398976
26,T_10,C_10_5,-0.21,0.0,1,0,True,1,1.77430791730389,0.4160002084228753
