student_number,topic,arm_pulled,pay-off,pay-off_next_topic,actual_decision,skip_decision,skip_enabled,reward,confidence_score,expected_reward
0,T_1,C_1_9,5.48,5.57,0,0,False,-1,-10.0,0.5662035194834345
1,T_1,C_1_9,5.44,5.53,0,0,False,-1,-10.0,0.5621547647874848
37,T_1,C_1_9,5.21,5.31,0,0,False,-1,-10.0,0.5217725616220552
6,T_1,C_1_9,5.49,5.58,0,0,False,1,-10.0,0.5827957324429628
2,T_1,C_1_9,5.3,5.4,1,0,False,-1,612.11376248502,0.5549530035248043
17,T_1,C_1_9,5.93,6.02,1,0,False,1,689.3688733997807,0.6464291924578887
38,T_1,C_1_9,5.08,5.18,1,0,False,-1,587.7195509081737,0.4747309416445232
7,T_1,C_1_9,5.24,5.34,1,0,False,-1,608.0339660339661,0.5637542851842561
28,T_1,C_1_9,5.16,5.26,1,0,False,-1,595.8065603389631,0.5103618664310043
3,T_1,C_1_9,4.94,5.04,1,0,False,1,571.4610678742416,0.5547649281864608
10,T_1,C_1_9,5.32,5.42,1,0,False,1,618.0089531604984,0.5480787344890068
32,T_1,C_1_9,5.32,5.42,1,0,False,-1,616.7844211676546,0.5647293798979853
15,T_1,C_1_9,6.56,6.64,1,0,False,1,766.7347756929013,0.7247696641731394
29,T_1,C_1_9,5.22,5.32,0,0,False,-1,-13.518954153416345,0.5326509491339739
13,T_1,C_1_9,5.06,5.16,1,0,False,-1,582.2661814755533,0.49785634157466674
9,T_1,C_1_9,5.62,5.71,0,0,False,-1,-14.962181245049814,0.5938649986068656
26,T_1,C_1_9,5.15,5.25,1,0,False,1,598.2950947357728,0.5286621276700245
25,T_1,C_1_9,5.34,5.44,0,0,False,1,-7.638476065766945,0.5510923568332549
14,T_1,C_1_9,5.62,5.71,0,0,False,-1,-12.044850567758978,0.6062695929698356
46,T_1,C_1_9,5.51,5.61,1,0,False,-1,634.7846261415553,0.5968994321075284
39,T_1,C_1_9,5.99,6.07,1,0,False,1,697.3997806779462,0.6552064195206442
31,T_1,C_1_9,5.59,5.68,0,0,False,1,-8.559790806802802,0.6280639520009876
12,T_1,C_1_9,5.05,5.15,1,0,False,-1,567.9800993836789,0.5472915982548466
23,T_1,C_1_9,4.91,5.01,1,0,False,1,541.3044774931316,0.43803991735499426
5,T_1,C_1_9,5.99,6.07,1,0,False,1,668.8796018712411,0.6310070551056945
36,T_1,C_1_9,5.34,5.44,0,0,False,1,-9.727121484093637,0.5060768654971036
30,T_1,C_1_9,5.68,5.77,0,0,False,1,-97.364831033816,0.5908471972200268
27,T_1,C_1_9,5.32,5.42,0,0,False,1,-75.84097417496908,0.5001354296707083
33,T_1,C_1_9,5.36,5.45,1,0,False,-1,487.51243269266325,0.5849843285451044
8,T_1,C_1_9,5.66,5.75,0,0,False,1,-101.59942347914404,0.6042727975518354
40,T_1,C_1_9,5.71,5.8,1,0,False,1,638.3084575926341,0.6548370672733668
47,T_1,C_1_9,5.66,5.75,0,0,False,1,-101.23063620280209,0.6158232459548625
35,T_1,C_1_9,5.47,5.56,0,0,False,1,-83.16502984097306,0.5692339383595357
19,T_1,C_1_9,5.28,5.38,1,0,False,-1,585.6029849558182,0.5466055810449346
45,T_1,C_1_9,5.87,5.95,0,0,False,1,-91.11135190856751,0.6058023693666115
22,T_1,C_1_9,5.33,5.43,1,0,False,-1,587.9830844583057,0.5826937410914332
21,T_1,C_1_9,5.08,5.18,1,0,False,-1,462.917596545692,0.5256162817889476
48,T_1,C_1_9,5.83,5.92,1,0,False,-1,540.7948069155212,0.5951806671646518
44,T_1,C_1_9,5.84,5.93,1,0,False,1,662.5184078413904,0.6455013897499023
41,T_1,C_1_9,5.21,5.31,1,0,False,1,479.77062534410317,0.5680983700069546
18,T_1,C_1_9,5.62,5.71,1,0,False,-1,620.7442784881566,0.5921818289901667
4,T_1,C_1_9,5.5,5.6,1,0,False,-1,611.0855720204947,0.6285440645621994
20,T_1,C_1_9,6.09,6.17,0,0,False,-1,-14.653416304810774,0.665670105787421
49,T_1,C_1_9,5.88,5.97,1,0,False,1,665.8228854533306,0.6470483426001563
24,T_1,C_1_9,5.41,5.5,1,0,False,1,601.6716416722362,0.5822642797514982
43,T_1,C_1_9,5.4,5.49,1,0,False,1,496.4171000213624,0.5802312302269038
42,T_1,C_1_9,5.4,5.5,1,0,False,-1,495.9801389274144,0.5762551056867156
11,T_1,C_1_9,5.99,6.08,0,0,False,-1,-83.77139166999892,0.6395721379853176
34,T_1,C_1_9,5.56,5.65,1,0,False,1,514.1547519341631,0.622000173423779
16,T_1,C_1_9,5.54,5.63,1,0,False,1,618.0766167966142,0.5556036979452148
0,T_1,C_1_13,5.26,5.57,0,0,True,-1,-254.7462575173848,0.4458459608204034
28,T_1,C_1_13,4.92,5.26,1,0,True,-1,216.76376424668408,0.5070412780114029
2,T_1,C_1_13,5.07,5.4,1,0,True,-1,267.19387031457006,0.4896911723328241
37,T_1,C_1_13,4.98,5.31,0,0,True,1,-322.2231113610087,0.502962227694582
38,T_1,C_1_13,4.84,5.18,1,0,True,-1,208.33667606351244,0.47377904651787217
32,T_1,C_1_13,5.09,5.42,0,0,True,-1,-391.75635706463805,0.47341845104079994
1,T_1,C_1_13,5.21,5.53,1,0,True,1,309.96930587331406,0.5653388450067449
7,T_1,C_1_13,5.01,5.34,1,0,True,1,221.23686800209214,0.5220854559399204
29,T_1,C_1_13,4.99,5.32,0,0,True,-1,-411.5295009605275,0.5189629081644295
9,T_1,C_1_13,5.41,5.71,1,0,True,1,145.634645220104,0.6090119427333196
13,T_1,C_1_13,4.82,5.16,0,0,True,1,-403.1421116101258,0.4460322861150309
14,T_1,C_1_13,5.4,5.71,0,0,True,1,-451.8636623847299,0.5731498860763882
46,T_1,C_1_13,5.29,5.61,0,0,True,-1,-455.74173421837827,0.5887690132273439
17,T_2,C_2_6,6.02,6.59,1,0,False,1,95.68587625763588,0.6163413899854151
6,T_2,C_2_6,5.58,6.19,1,0,False,1,101.45821868472899,0.5635633918200784
3,T_2,C_2_6,5.04,5.71,0,0,False,-1,-569.1896064549491,0.49897606863530103
12,T_1,C_1_13,4.8,5.1,0,0,True,1,-532.2168365018973,0.4458706325030005
22,T_1,C_1_13,5.1,5.38,0,0,True,-1,-561.4543951873434,0.5506774649090893
19,T_1,C_1_13,5.05,5.33,0,0,True,-1,-542.8741134972025,0.49927358288340234
33,T_1,C_1_13,5.13,5.41,0,0,True,1,-565.039371713165,0.5422767072259019
10,T_2,C_2_6,5.42,6.04,1,0,False,1,5.106342597716031,0.5463711136390144
21,T_1,C_1_13,4.84,5.13,1,0,True,-1,537.4276283732358,0.49531656117672795
15,T_2,C_2_6,6.64,7.16,0,0,False,1,-8.09275149401059,0.70840573297677
26,T_2,C_2_6,5.25,5.9,0,0,False,-1,-5.129346371578134,0.5175812429430644
25,T_2,C_2_6,5.44,6.06,0,0,False,1,-16.365521936331387,0.5628340259925704
48,T_1,C_1_13,5.62,5.88,0,0,True,-1,-11.881380145286592,0.5372771235368187
31,T_2,C_2_6,5.68,6.28,0,0,False,-1,-10.445618888661965,0.5716853436757727
18,T_1,C_1_13,5.4,5.67,0,0,True,1,-4.941820636412993,0.5598615974479173
39,T_2,C_2_6,6.07,6.64,1,0,False,-1,710.1153525676376,0.6424798724100454
4,T_1,C_1_13,5.28,5.55,1,0,True,-1,589.2156311191695,0.5715286852284183
42,T_1,C_1_13,5.18,5.45,1,0,True,1,581.8275159845364,0.5566261804341179
20,T_1,C_1_13,5.89,6.13,0,0,True,1,-0.08977040330309194,0.6247378816469754
23,T_2,C_2_6,5.01,5.69,0,0,False,1,-1.5452435016333723,0.4473258641039908
36,T_2,C_2_6,5.44,6.06,0,0,False,-1,-6.866208251169546,0.5112401625350067
11,T_1,C_1_13,5.79,6.04,0,0,True,1,-11.535967063785478,0.5463182150829331
40,T_2,C_2_6,5.8,6.39,0,0,False,1,-26.55148854746527,0.5762670729267156
5,T_2,C_2_6,6.07,6.64,1,0,False,1,683.5450557493803,0.626869569422378
0,T_1,C_1_12,5.2,5.53,0,0,True,-1,-625.239295003265,0.6184290600056372
38,T_1,C_1_12,4.78,5.14,0,0,True,-1,-575.8662571454628,0.46375774309913487
8,T_2,C_2_6,5.75,6.34,0,0,False,-1,-10.705239758894033,0.5150948861006737
27,T_2,C_2_6,5.42,6.04,0,0,False,1,-657.8958046985559,0.45846975213589036
30,T_2,C_2_6,5.77,6.36,1,0,False,-1,23.19392767866377,0.5002627804841078
28,T_1,C_1_12,4.86,5.21,0,0,True,1,-582.9604399709475,0.4771958196085845
47,T_2,C_2_5,5.71,6.35,0,0,False,1,-42.662060622888106,0.6712045856228483
45,T_2,C_2_5,5.91,6.53,0,0,False,1,-743.913348558205,0.6579669355992965
2,T_1,C_1_12,5.01,5.35,0,0,True,-1,-31.203573538017345,0.5708745865353516
3,T_2,C_2_5,4.99,5.71,0,0,True,-1,-21.069298327861908,0.5599626553643959
35,T_2,C_2_5,5.52,6.18,0,0,False,-1,-28.395265178690593,0.6066771087831657
32,T_1,C_1_12,5.03,5.37,0,0,True,1,-13.265455490783523,0.5334918373928512
41,T_2,C_2_5,5.26,5.94,0,0,False,1,-46.33102211435777,0.6015518547625941
17,T_3,C_3_4,6.59,5.62,0,0,False,1,-101.78565089529263,0.6541898404243376
46,T_1,C_1_12,5.24,5.56,1,0,True,1,527.6329870010906,0.5633166729533448
6,T_3,C_3_4,6.19,5.15,1,0,False,1,540.7054640653108,0.5898464536402221
29,T_1,C_1_12,4.93,5.27,1,0,True,-1,508.5366567258611,0.4467422167477424
44,T_2,C_2_5,5.89,6.51,1,0,False,1,649.2807582531512,0.6570006958082674
26,T_2,C_2_5,5.2,5.9,1,0,True,1,46.50729978115663,0.6268714339474762
49,T_2,C_2_5,5.93,6.54,0,0,False,1,-62.38191452760328,0.6813152232573689
24,T_2,C_2_5,5.46,6.12,0,0,False,1,-54.33264445461064,0.5915978316492171
39,T_2,C_2_5,6.03,6.5,0,0,True,1,-22.922218099521146,0.6624192663422792
16,T_2,C_2_5,5.59,6.24,0,0,False,1,-18.998573493900132,0.6096516067886615
10,T_3,C_3_4,6.04,4.98,0,0,False,1,-30.42508850754895,0.5763744042942346
22,T_1,C_1_12,5.05,5.33,0,0,True,-1,-39.198682386822206,0.5202132570810125
15,T_3,C_3_4,7.16,6.29,0,0,False,1,-58.64660613215932,0.726831418425433
19,T_1,C_1_12,4.99,5.28,0,0,True,-1,-21.157938861080687,0.47956519371020245
34,T_2,C_2_5,5.61,6.11,0,0,False,1,-31.52693251475238,0.6402785994251793
43,T_2,C_2_5,5.45,6.11,0,0,False,1,-43.81271362128868,0.6032521037506933
31,T_2,C_2_5,5.63,6.13,0,0,True,-1,-33.96611209517173,0.6158781253994654
21,T_1,C_1_12,4.77,5.08,0,0,True,-1,-100.67571560157954,0.4643257964378178
7,T_2,C_2_5,5.29,5.82,0,0,False,1,-140.38159795452066,0.6114792819936221
25,T_3,C_3_4,6.06,5.0,0,0,False,-1,-164.3888377735251,0.5798639627310489
9,T_2,C_2_5,5.67,6.16,0,0,False,-1,-185.44296213018112,0.6455334326752482
37,T_2,C_2_5,5.26,5.79,0,0,False,1,-170.25398308808434,0.5834216651857546
1,T_2,C_2_5,5.49,5.99,0,0,False,1,-184.0492941791574,0.6182217342199794
13,T_2,C_2_5,5.11,5.66,0,0,False,1,-141.04658903939185,0.5506252360403098
36,T_2,C_2_5,5.39,5.91,0,0,True,1,-153.4730994090943,0.559221220738177
4,T_1,C_1_12,5.22,5.5,1,0,True,-1,229.87529780941128,0.5950448619991102
48,T_1,C_1_12,5.57,5.83,0,0,True,1,-149.04857443326182,0.5996874157542148
14,T_2,C_2_5,5.67,6.16,0,0,False,1,-165.43416001884736,0.6222861801484465
8,T_2,C_2_5,5.71,6.2,1,0,True,1,403.10573887285017,0.6163702292048038
23,T_3,C_3_5,5.52,4.54,0,0,False,-1,-368.43048218791023,0.5180773156744249
30,T_2,C_2_5,5.72,6.21,1,0,True,1,270.3014901060035,0.5700738559807421
5,T_3,C_3_5,6.5,5.69,1,0,False,1,231.61844453746895,0.7093708297418937
27,T_3,C_3_5,5.89,4.98,0,0,False,-1,-329.20855140824,0.6188348872054692
35,T_2,C_2_2,5.47,6.03,0,0,True,1,-364.8983291860177,0.5310375995438922
3,T_2,C_2_2,4.93,5.55,1,0,True,1,212.226829907674,0.45550532426628554
33,T_2,C_2_2,5.35,5.92,0,0,False,-1,-358.47699585268435,0.497893496578805
40,T_3,C_3_5,6.25,5.39,1,0,False,1,218.3763982140332,0.6346493261771164
0,T_1,C_1_2,5.06,5.48,0,0,True,-1,-345.2014402971289,0.4931812755523931
12,T_2,C_2_2,5.05,5.64,0,0,False,1,-330.09547255200175,0.4747720866284666
45,T_3,C_3_5,6.39,5.56,0,0,False,1,-443.9322700583932,0.698602208486663
47,T_3,C_3_5,6.2,5.34,0,0,False,1,-436.83363337495405,0.6694011750556159
38,T_1,C_1_2,4.63,5.08,0,0,True,1,-357.4666120983585,0.40316969305755834
25,T_3,C_3_5,5.91,5.0,1,0,True,1,123.81971031424435,0.5983402341500098
17,T_4,C_4_1,5.62,5.93,1,0,False,-1,35.27538409608591,0.6212511285882368
2,T_1,C_1_2,4.87,5.3,1,0,True,-1,83.0004894216856,0.4121970674978117
18,T_2,C_2_2,5.62,5.7,1,0,False,1,75.36765623545446,0.5385736713082189
6,T_4,C_4_1,5.15,5.49,1,0,False,-1,32.99105311017035,0.5112531536644755
41,T_3,C_3_5,5.79,4.86,1,0,False,1,81.41619992477479,0.6446310087324241
44,T_3,C_3_1,5.93,5.53,0,0,False,1,-0.8811166874462568,0.584287025263952
24,T_3,C_3_1,5.5,5.07,0,0,False,1,-519.7879455503089,0.5133775157041942
20,T_2,C_2_2,6.09,6.17,0,0,False,-1,-609.0538311231364,0.5551701573097505
29,T_1,C_1_2,4.78,5.14,0,0,True,-1,-489.83706835732636,0.3910821853686369
23,T_3,C_3_1,5.01,4.54,1,0,True,1,6.826264683379563,0.43609256723058076
49,T_3,C_3_1,5.96,5.57,0,0,False,1,-11.855633383404074,0.5600932386267241
42,T_2,C_2_2,5.4,5.49,0,0,False,1,-519.8277136822952,0.5274699871831436
39,T_3,C_3_1,6.07,5.68,0,0,False,-1,-572.2913420784388,0.6599244173559144
16,T_3,C_3_1,5.63,5.14,1,0,False,1,43.802524944109194,0.5794447210861776
9,T_2,C_2_2,5.62,5.71,1,0,True,-1,30.173154314738618,0.541112087803117
31,T_2,C_2_2,5.58,5.67,0,0,True,1,-548.017277410142,0.5430952166439473
27,T_3,C_3_1,5.41,4.98,0,0,True,1,-474.77930715642384,0.45836928972624835
26,T_3,C_3_1,5.24,4.8,1,0,False,-1,46.07088158746574,0.5033255859328255
11,T_2,C_2_2,5.99,6.07,1,0,False,1,65.57612786956814,0.5885842798355171
15,T_4,C_4_1,6.29,6.56,1,0,False,-1,39.292285074808404,0.6811729467546406
22,T_1,C_1_2,4.9,5.25,0,0,True,1,-478.1031299163634,0.3933445626405876
10,T_4,C_4_1,4.98,5.32,1,0,False,-1,60.66521083900026,0.49328972595935827
21,T_1,C_1_2,4.62,4.99,1,0,True,1,117.3025717419298,0.3707724444150613
19,T_1,C_1_2,4.85,5.2,0,0,True,-1,-445.7561733946243,0.4002774536443722
43,T_3,C_3_1,5.49,4.99,0,0,False,1,-502.7999288862163,0.5012291362290582
34,T_3,C_3_1,5.65,5.17,0,0,False,1,-522.200521220711,0.5460941522514333
7,T_3,C_3_1,5.33,4.82,0,0,False,-1,-347.793561718949,0.5475406429181799
28,T_2,C_2_2,5.16,5.1,0,0,False,-1,-351.92527749017944,0.4755324151714976
32,T_2,C_2_2,5.32,5.27,1,0,False,-1,221.240782965829,0.4619254885713044
33,T_2,C_2_14,5.28,5.3,0,0,True,1,-304.2640909590568,0.5315645377228453
1,T_3,C_3_1,5.52,5.03,0,0,False,-1,-338.4455324786374,0.5307495046781395
36,T_3,C_3_1,5.43,4.93,0,0,False,-1,-306.05740754032007,0.5229754366467315
35,T_3,C_3_10,5.42,5.07,0,0,False,1,-282.94450810255637,0.544374611339145
46,T_2,C_2_14,5.44,5.46,0,0,False,1,-310.8061999412352,0.5384399423680717
37,T_3,C_3_1,5.3,4.79,0,0,False,1,-350.1713780101102,0.49379374914274565
4,T_1,C_1_2,5.09,5.43,1,0,True,1,180.33824079059514,0.4059512639260394
14,T_3,C_3_10,5.57,5.23,0,0,False,1,-319.44959570452704,0.57130674781678
13,T_3,C_3_10,5.0,4.62,1,0,False,-1,160.19267662177512,0.4025651996298434
30,T_3,C_3_10,5.63,5.29,1,0,False,1,199.38475241850216,0.46146739400093145
5,T_4,C_4_1,5.69,5.99,1,0,False,1,231.6535659623251,0.6042298993968882
8,T_3,C_3_10,5.61,5.27,0,0,False,-1,-338.47775166537315,0.4925477582923831
39,T_3,C_3_10,5.94,5.62,1,0,True,-1,273.5609415088179,0.5938847600945075
17,T_4,C_4_4,5.56,5.93,1,0,True,1,220.6682376461569,0.5648135589129665
47,T_4,C_4_4,5.28,5.66,0,0,False,1,-262.7401502247785,0.4956009374444891
3,T_3,C_3_10,4.88,4.49,0,0,False,-1,-209.1269426776089,0.4674266120163644
40,T_4,C_4_4,5.33,5.71,1,0,False,-1,228.65137683177826,0.5116624407322552
26,T_3,C_3_10,5.1,4.72,1,0,True,1,222.83545217424384,0.49781405401316237
0,T_1,C_1_3,5.05,5.4,0,0,True,-1,-277.6926591666749,0.5084285766613712
6,T_4,C_4_4,5.08,5.49,1,0,True,-1,202.30529949475684,0.48018552239311985
12,T_3,C_3_10,4.99,4.61,1,0,False,1,180.63677744843793,0.4615783401522601
25,T_4,C_4_4,4.93,5.34,1,0,False,-1,183.51153253210998,0.4550178103751263
7,T_3,C_3_10,5.18,4.82,0,0,True,1,-261.43771878056634,0.5024135940704529
20,T_2,C_2_14,6.02,6.04,1,0,True,1,241.4646790760226,0.5961713780777514
9,T_2,C_2_14,5.55,5.5,0,0,True,1,-324.97767379409527,0.5688105892200443
41,T_4,C_4_4,4.78,5.21,1,0,False,-1,194.9072322675118,0.4575545007487729
18,T_3,C_3_10,5.57,5.23,0,0,False,1,-297.4419632627395,0.574297361940042
1,T_3,C_3_10,5.38,5.03,0,0,True,1,-368.67034182903933,0.5229176122792488
45,T_4,C_4_4,5.49,5.87,1,0,False,1,203.53027188475068,0.49244290509351574
24,T_4,C_4_4,5.0,5.41,0,0,False,-1,-284.7158661720083,0.4731325149496127
44,T_4,C_4_4,5.47,5.85,0,0,False,-1,-330.64824509635565,0.5652954848148974
2,T_1,C_1_3,4.86,5.21,0,0,True,-1,-290.73653032555785,0.48972464781630604
48,T_2,C_2_14,5.76,5.72,1,0,False,-1,174.32873263107447,0.5310081235576342
10,T_4,C_4_4,4.9,5.32,1,0,True,1,177.92954470089157,0.4650478961219597
23,T_4,C_4_4,4.46,4.91,1,0,False,-1,139.18207848467526,0.4206033178892131
49,T_4,C_4_4,5.51,5.88,1,0,False,1,159.70995010629707,0.5249998245210182
42,T_3,C_3_9,5.28,5.0,1,0,False,1,163.24049734657524,0.6232325611190568
16,T_4,C_4_4,5.14,5.54,1,0,False,-1,154.18395726218708,0.40103625918147295
15,T_4,C_4_4,6.23,6.56,0,0,True,1,-440.86507316824526,0.6022475068023211
29,T_1,C_1_3,4.77,5.12,1,0,True,1,169.37802443062125,0.48596727196114503
36,T_3,C_3_10,5.29,4.93,1,0,True,1,150.58832848467532,0.4715965327415636
27,T_4,C_4_4,4.9,5.32,0,0,False,1,-364.7231047339565,0.4631381606587638
11,T_3,C_3_9,5.88,5.35,1,0,False,1,47.809218214471144,0.6330962099404355
31,T_3,C_3_9,5.46,4.88,0,0,False,-1,-393.8800551708849,0.6056714082986405
13,T_3,C_3_9,4.93,4.27,1,0,True,-1,82.47329308144744,0.4892924926745322
28,T_2,C_2_14,5.07,5.02,0,0,True,1,-372.4990422614364,0.5210033834243506
38,T_2,C_2_10,4.98,4.95,1,0,False,-1,123.53258784833639,0.44668720860838984
3,T_3,C_3_9,4.8,4.13,0,0,True,-1,-295.7633133113175,0.5293501677751571
8,T_3,C_3_9,5.54,4.97,1,0,True,1,95.24108361259081,0.5123096879909717
32,T_2,C_2_10,5.23,5.2,1,0,True,1,98.84057983425323,0.5837389656629006
34,T_4,C_4_4,5.17,5.56,0,0,False,1,-370.5507508293041,0.4584289930431369
46,T_3,C_3_9,5.39,4.8,0,0,False,-1,-381.1143022745679,0.5982654812884873
19,T_1,C_1_3,4.84,5.19,0,0,True,1,-328.7917555227994,0.4847760503612024
33,T_3,C_3_9,5.23,4.62,0,0,False,1,-352.56559286574196,0.6133214569912897
39,T_3,C_3_9,5.87,5.34,1,0,True,-1,117.16318604188439,0.6787845243659649
30,T_4,C_4_3,4.99,5.68,1,0,False,1,62.19067270281011,0.4397228102589598
37,T_4,C_4_4,4.79,5.21,1,0,False,-1,103.71463344142241,0.4979288269176714
6,T_4,C_4_3,4.77,5.49,0,0,True,-1,-467.09054851766484,0.4917592617975945
40,T_4,C_4_3,5.03,5.71,1,0,True,-1,36.601608908278266,0.5533548940609531
43,T_4,C_4_4,4.99,5.4,1,0,False,1,112.39942201919075,0.4757444190613055
14,T_4,C_4_3,4.92,5.62,1,0,False,1,40.84021702758226,0.4897589419628019
35,T_4,C_4_4,5.07,5.47,1,0,False,1,65.43822120489529,0.48679953893877437
22,T_2,C_2_10,5.24,5.09,0,0,False,1,-562.5574747736512,0.55830418853428
26,T_4,C_4_3,4.38,5.15,0,0,False,1,-524.8747292925655,0.41483748816350907
21,T_2,C_2_10,4.98,4.82,0,0,False,-1,-524.2426087081842,0.46202709119846896
25,T_4,C_4_3,4.6,5.34,0,0,True,-1,-566.0355129986132,0.4650810364374667
17,T_5,C_5_5,5.93,5.86,0,0,False,1,-137.98832316449798,0.699688070054
5,T_5,C_5_5,5.99,5.92,1,0,False,-1,338.08420945994516,0.6015249570958998
41,T_4,C_4_3,4.45,5.21,0,0,True,1,-84.17006658555079,0.4471431716504317
0,T_1,C_1_14,4.89,5.39,1,0,True,1,311.2963694400605,0.48681667872848366
1,T_4,C_4_3,4.71,5.44,0,0,False,1,-170.38885821700703,0.46508366760540054
18,T_4,C_4_3,4.92,5.62,1,0,False,-1,341.6416219652858,0.4639683553622169
47,T_5,C_5_5,5.66,5.59,1,0,False,1,333.47451348623935,0.6560040530779938
12,T_4,C_4_3,4.26,5.05,0,0,False,-1,-134.70690991756544,0.39927980320800394
24,T_4,C_4_3,4.68,5.41,0,0,True,1,-163.96189316148144,0.46423483664547827
7,T_4,C_4_3,4.48,5.24,1,0,False,1,272.7378878147389,0.44977250573390176
48,T_2,C_2_10,5.74,5.61,1,0,True,1,395.0857947444221,0.5568558789749485
44,T_4,C_4_3,5.18,5.85,0,0,True,1,-190.4946263857039,0.5695639816600367
13,T_3,C_3_2,4.8,4.27,1,0,True,-1,333.59435220163454,0.4381713230837143
20,T_3,C_3_2,5.87,5.45,1,0,False,-1,324.8449139585298,0.5637623339653963
31,T_3,C_3_2,5.35,4.78,0,0,True,1,-138.029535143098,0.5489828982751448
9,T_3,C_3_2,5.39,4.93,0,0,False,1,-195.9019864096851,0.516178573326278
4,T_2,C_2_10,5.41,5.26,1,0,False,-1,356.87226581206664,0.5712628015953949
23,T_4,C_4_3,4.09,4.91,0,0,True,-1,-111.71764589228378,0.31869548216860505
16,T_4,C_4_3,4.83,5.54,1,0,True,1,321.88298647316105,0.47169250548251196
45,T_5,C_5_5,5.87,5.8,0,0,False,1,-173.84219933818434,0.6581638863223218
46,T_3,C_3_2,5.28,4.7,1,0,True,-1,304.81962335374584,0.45621713153576854
2,T_1,C_1_14,4.69,5.14,0,0,True,1,-148.95096557195077,0.47604697052581707
3,T_3,C_3_2,4.67,4.01,1,0,True,-1,273.36212222511784,0.45364916719501713
39,T_3,C_3_2,5.77,5.25,0,0,True,-1,-140.29226605948904,0.48519224979316666
42,T_4,C_4_3,4.68,5.41,0,0,False,-1,-147.01828180834596,0.4604680424318123
49,T_5,C_5_5,5.88,5.81,1,0,False,1,355.87682799642124,0.6516430612993689
11,T_4,C_4_3,5.35,5.94,1,0,False,1,247.0750662379765,0.5325824509946566
13,T_3,C_3_12,4.72,4.16,1,0,True,-1,191.80967614748124,0.3977791514742596
27,T_5,C_5_5,5.32,5.24,1,0,False,-1,210.41518776963366,0.5485897039606901
5,T_5,C_5_7,5.93,5.92,0,0,True,1,-297.8720025982047,0.5624530891606583
20,T_3,C_3_12,5.81,5.36,1,0,True,1,216.87004151682214,0.5836169168465007
28,T_3,C_3_2,4.9,4.28,1,0,False,-1,198.44230281880834,0.4227769349548409
34,T_5,C_5_7,5.5,5.49,0,0,False,-1,-269.7297398980086,0.5146394516228247
38,T_2,C_2_8,4.91,4.82,0,0,True,1,-101.11305090012272,0.5283893553906731
15,T_5,C_5_5,6.56,6.5,0,0,False,1,-274.6063180409541,0.7170422779734212
36,T_4,C_4_3,4.61,5.28,1,0,False,-1,269.10426539006994,0.37782925830394887
21,T_2,C_2_8,4.9,4.74,1,0,True,1,210.68100259704437,0.5093770759820078
8,T_4,C_4_5,4.87,5.6,0,0,False,1,-240.50227329754125,0.4859355012396594
33,T_4,C_4_5,4.51,5.29,0,0,False,-1,-232.32888452909205,0.46048258440476025
10,T_5,C_5_5,5.32,5.24,0,0,False,1,-110.84713631511055,0.616808780126325
32,T_3,C_3_2,5.08,4.47,1,0,False,-1,205.4007692724825,0.4908614608951686
25,T_4,C_4_5,4.5,5.28,0,0,True,-1,-248.82720623586658,0.4398427766562416
37,T_4,C_4_5,4.34,5.14,0,0,True,-1,-195.73197577952698,0.40522940380532635
6,T_4,C_4_5,4.67,5.42,1,0,True,1,174.51019419261033,0.4800505105394721
40,T_4,C_4_5,4.93,5.65,1,0,True,-1,156.88798971976692,0.5216285550766384
43,T_5,C_5_7,5.33,5.33,1,0,False,1,430.0286212731232,0.49390883128456
39,T_3,C_3_12,5.71,5.25,1,0,True,-1,353.27405569372615,0.5571087637351753
41,T_5,C_5_7,5.14,5.13,1,0,False,-1,306.02392394930246,0.49040781707988623
22,T_3,C_3_12,5.02,4.49,1,0,False,1,85.93291027654463,0.5343997570549361
13,T_3,C_3_7,4.6,4.16,0,0,True,1,-43.40048123904276,0.47672561279960735
12,T_4,C_4_5,4.14,4.98,1,0,True,1,337.96784779246,0.42466003357812576
9,T_4,C_4_5,4.83,5.38,0,0,False,-1,-191.9624770391842,0.48398235577848886
46,T_3,C_3_12,5.21,4.7,0,0,True,-1,-84.2239557291742,0.5577554236354378
35,T_5,C_5_7,5.41,5.4,1,0,False,-1,287.7170139942769,0.46732550517116633
4,T_2,C_2_8,5.34,5.09,0,0,True,1,-133.4090385201542,0.5299160632468991
19,T_2,C_2_8,5.12,4.85,1,0,False,1,310.63221167408733,0.46046946788325566
18,T_4,C_4_5,4.82,5.56,1,0,True,-1,419.18963153358084,0.468076432671638
26,T_5,C_5_7,5.08,5.07,1,0,False,1,307.6446300446309,0.46512709778436734
1,T_5,C_5_7,5.37,5.36,1,0,False,-1,280.99890440278176,0.4831697041064334
30,T_5,C_5_7,5.61,5.61,1,0,False,-1,484.11307273326526,0.49627746301656483
3,T_3,C_3_12,4.59,4.01,1,0,True,1,273.3472264254333,0.4375168795600676
29,T_2,C_2_8,5.05,4.78,0,0,False,-1,-73.96578294172667,0.5332749378834524
14,T_5,C_5_7,5.55,5.55,0,0,False,1,-113.89789047000929,0.5240504375667518
48,T_3,C_3_7,5.44,4.83,0,0,False,1,-141.43517594714052,0.5516902518715792
23,T_4,C_4_5,3.97,4.63,1,0,True,-1,242.31544320262526,0.34133872735344173
28,T_3,C_3_7,4.71,3.98,0,0,True,1,-66.83313867664884,0.5023455375190273
17,T_6,C_6_4,5.86,6.33,0,0,False,-1,-161.33876939443005,0.6927941581795781
27,T_5,C_5_1,5.06,5.24,0,0,True,1,-133.61224302982393,0.5540911993213469
47,T_6,C_6_4,5.59,6.08,1,0,False,-1,320.52725852841473,0.6206757476835832
42,T_4,C_4_5,4.57,5.15,1,0,True,-1,286.18119461570996,0.4564137530883392
31,T_4,C_4_5,4.78,5.34,1,0,False,1,272.55453834135307,0.4793164731975228
34,T_5,C_5_1,5.31,5.49,0,0,True,-1,-187.62956761649968,0.5870476623194458
32,T_3,C_3_7,4.89,4.19,0,0,True,1,-35.73547454813348,0.5202209116670016
49,T_6,C_6_4,5.81,6.28,0,0,False,-1,-580.7238065463717,0.6973553308898189
36,T_4,C_4_5,4.5,5.09,1,0,True,1,316.95879128283303,0.427173193305883
38,T_3,C_3_11,4.43,3.89,1,0,False,-1,32.44917876308678,0.44597145309941644
25,T_4,C_4_2,4.22,5.08,0,0,True,-1,-21.893918885992335,0.39023959490576304
45,T_6,C_6_4,5.8,6.27,1,0,False,-1,387.81715041596016,0.6417190168184084
46,T_3,C_3_11,4.92,4.43,0,0,True,1,-3.6555171568515306,0.4871318367241666
40,T_4,C_4_2,4.68,5.47,0,0,True,-1,-498.91212322584914,0.43909928602409565
33,T_4,C_4_2,4.24,5.1,0,0,True,-1,-73.92991364168293,0.4216339329842174
37,T_4,C_4_2,4.05,4.95,0,0,True,-1,-397.34173308521537,0.4524215007452116
21,T_3,C_3_11,4.42,3.88,0,0,False,-1,-355.060470650907,0.4355842160763822
39,T_3,C_3_7,5.6,5.01,0,0,True,-1,-78.38307488325847,0.6450990945844699
16,T_5,C_5_1,5.29,5.47,0,0,False,-1,-93.57401458350184,0.5437913858047232
0,T_2,C_2_18,5.23,4.88,0,0,False,-1,-84.57471253266303,0.585742706397065
41,T_5,C_5_1,4.94,5.13,1,0,True,-1,25.796081114007755,0.5047691857676494
7,T_5,C_5_1,4.98,5.16,1,0,False,-1,296.56934738266244,0.4933502750395119
44,T_5,C_5_1,5.61,5.78,1,0,False,1,341.9837993269913,0.6185160219746761
20,T_4,C_4_2,5.13,5.86,1,0,False,1,369.5145188370127,0.5521790682839817
24,T_5,C_5_1,5.15,5.34,0,0,False,-1,-155.54311901836888,0.5534360116547199
11,T_5,C_5_1,5.77,5.93,0,0,False,1,-543.2080925322198,0.6481993015419839
5,T_6,C_6_4,5.92,6.38,0,0,False,1,-131.2697777608186,0.6499507188220328
35,T_5,C_5_1,5.22,5.38,1,0,True,1,457.6098774395096,0.5164227282949646
34,T_5,C_5_10,5.3,5.47,1,0,True,-1,138.0372295644974,0.5160743918994731
22,T_4,C_4_2,4.21,5.06,1,0,False,-1,146.42599150843986,0.3922849342525999
6,T_5,C_5_1,5.23,5.4,0,0,False,1,-215.95177224706316,0.4788135067889693
3,T_4,C_4_2,3.69,4.64,0,0,False,-1,-264.0973102141296,0.3905188935658992
17,T_6,C_6_2,5.85,6.33,1,0,True,1,147.13460526691523,0.6251257038369878
38,T_3,C_3_3,4.39,1.36,1,0,True,1,116.3131176975281,0.45329219018601274
21,T_3,C_3_3,4.38,1.91,0,0,True,-1,-193.28104515388884,0.4651978271309012
15,T_6,C_6_4,6.5,6.93,1,0,False,1,601.0819508901602,0.7622800125546656
1,T_5,C_5_1,5.18,5.34,1,0,True,-1,167.63940614258632,0.5550758109033871
30,T_5,C_5_1,5.43,5.59,0,0,True,1,-236.96319646640816,0.5545479695104643
23,T_4,C_4_2,3.65,4.62,1,0,True,-1,140.0846021864322,0.3948847895832387
19,T_3,C_3_11,4.66,2.54,1,0,False,-1,121.19655377493439,0.4925912451583938
13,T_4,C_4_2,3.86,4.78,0,0,False,-1,-202.4188472080141,0.4533274478086949
29,T_2,C_2_18,4.96,4.55,1,0,True,-1,168.425786368737,0.5120283923085694
9,T_4,C_4_2,4.57,5.37,1,0,True,1,149.61958906941558,0.45904015832767325
48,T_4,C_4_2,4.83,5.59,0,0,False,1,-314.33752105750295,0.4844918772170733
4,T_3,C_3_11,4.91,1.49,1,0,False,-1,76.9909263967654,0.5070609840102657
12,T_5,C_5_10,4.76,4.95,1,0,False,-1,123.47326487589655,0.44963502315274084
10,T_6,C_6_4,5.24,5.76,1,0,False,-1,203.98010736209852,0.5987279837895354
18,T_4,C_4_2,4.56,5.36,1,0,True,1,115.55392237284694,0.42526233707430405
43,T_6,C_6_4,5.33,5.84,1,0,False,1,162.09873843080788,0.5425730837085638
8,T_5,C_5_1,5.41,5.57,1,0,False,-1,503.00926535075683,0.5414974728526625
42,T_4,C_4_2,4.3,5.14,0,0,True,1,-300.5807439490693,0.4598661140549129
2,T_2,C_2_18,5.04,4.68,1,0,False,-1,433.0849978801386,0.5272440610128157
47,T_6,C_6_2,5.58,6.08,0,0,True,1,-417.05339847286393,0.583967921031793
39,T_3,C_3_3,5.41,2.47,0,0,True,1,-285.6882594796261,0.5710200161409988
26,T_6,C_6_2,5.06,5.61,0,0,False,1,-376.3862309296635,0.5159473671224231
31,T_5,C_5_10,5.33,5.46,0,0,False,-1,-29.1534539952627,0.5363215771489886
37,T_4,C_4_1,1.48,4.85,0,0,True,-1,-135.345218564647,0.4938203547512664
21,T_3,C_3_6,4.32,1.84,1,0,True,1,192.72285214293603,0.3445513178444759
40,T_4,C_4_1,1.34,5.38,0,0,True,-1,-314.4663278450533,0.5714286217134287
16,T_5,C_5_10,5.28,5.45,0,0,True,1,-3.137467027362547,0.44998702925331113
49,T_6,C_6_2,5.8,6.28,1,0,True,-1,55.03577464686218,0.625302577527834
28,T_4,C_4_2,3.98,4.88,0,0,False,1,-294.26891357474295,0.4002864896972335
24,T_5,C_5_10,5.14,5.28,1,0,True,1,445.7447746601181,0.516204771398539
41,T_5,C_5_10,4.93,5.07,0,0,True,-1,-236.05971781726265,0.5192396441953795
0,T_2,C_2_7,5.19,4.79,0,0,True,-1,-19.773679938024763,0.5362634693766277
34,T_5,C_5_2,5.22,5.44,0,0,True,1,-147.63342524857038,0.5030964174754611
25,T_4,C_4_1,1.47,4.99,0,0,True,-1,-280.41614057913574,0.5248599646780524
32,T_4,C_4_1,1.88,4.97,0,0,False,1,-9.901688584249083,0.5153901124242307
7,T_5,C_5_10,4.96,5.11,1,0,True,1,18.644307198767088,0.5051987053585156
27,T_6,C_6_2,5.23,5.76,0,0,False,1,-265.1314666961864,0.4694957215151734
45,T_6,C_6_2,5.78,6.27,0,0,True,1,-423.22812559786195,0.5735234800475164
46,T_4,C_4_4,2.01,5.17,0,0,False,1,-36.97918999014704,0.4964527338947012
33,T_4,C_4_3,1.41,5.0,1,0,True,1,1.611650839041971,0.49697700489314406
36,T_5,C_5_2,4.99,5.21,1,0,False,-1,276.54731730751587,0.42443434350152626
14,T_6,C_6_2,5.53,6.04,0,0,False,-1,-40.35902391359004,0.6283446088654612
19,T_3,C_3_6,4.56,2.54,0,0,True,1,-109.25075341009479,0.38303251547122397
22,T_4,C_4_3,1.83,4.98,0,0,True,1,-265.08248991936415,0.4692545713333806
1,T_5,C_5_2,5.09,5.31,1,0,True,1,167.38833152780578,0.4657587210313035
3,T_4,C_4_1,1.04,4.55,0,0,True,1,-240.15787794597165,0.46905823776018407
4,T_3,C_3_6,4.82,1.49,0,0,True,1,-61.44088844090812,0.4342624804367644
44,T_6,C_6_5,5.73,6.25,1,0,False,1,328.2033988102463,0.6335508268840875
17,T_7,C_7_8,6.33,5.7,0,0,False,1,-147.7384171895181,0.6848987610530262
8,T_5,C_5_2,5.32,5.53,1,0,True,-1,428.1657404807685,0.46986866841218144
10,T_6,C_6_5,5.19,5.76,1,0,True,1,440.16946999819066,0.5765433931311775
30,T_6,C_6_5,5.55,6.09,0,0,False,-1,-34.83907891345013,0.5776632316520495
5,T_7,C_7_8,6.38,5.76,0,0,False,1,-181.37922620580244,0.6807509706677424
6,T_6,C_6_5,5.36,5.92,1,0,False,1,16.67804649787668,0.5411398936741418
15,T_7,C_7_8,6.93,6.35,0,0,False,1,-166.1936957818934,0.7375009530447686
35,T_6,C_6_5,5.34,5.9,0,0,False,1,-448.36763662605114,0.5819324668772197
2,T_2,C_2_7,5.0,4.52,0,0,True,-1,-27.247522565658585,0.4601875156534748
13,T_4,C_4_3,1.87,4.68,0,0,True,1,-23.95542598717231,0.38835058986049664
23,T_4,C_4_1,2.14,4.52,1,0,True,1,19.032745483515793,0.4305526089936813
37,T_4,C_4_3,1.33,4.84,1,0,True,-1,252.08579641350212,0.4288115713532995
41,T_5,C_5_2,4.84,5.07,0,0,True,-1,-184.8454195520716,0.4456586467834176
38,T_4,C_4_1,1.36,4.71,1,0,False,-1,242.0705023855302,0.4501599044279141
20,T_5,C_5_2,5.78,5.97,0,0,False,1,-146.54110994384519,0.5280099022597597
31,T_5,C_5_2,5.25,5.46,0,0,True,1,-44.84677963516106,0.493180833849461
11,T_6,C_6_5,5.88,6.39,1,0,False,-1,446.7430298580578,0.6462404723625735
12,T_5,C_5_2,4.67,4.91,1,0,True,1,298.73296461661505,0.4121927504667438
9,T_5,C_5_2,5.29,5.5,0,0,False,-1,-51.6346555519279,0.46598000390824124
29,T_2,C_2_7,4.91,4.42,0,0,True,-1,-82.16950223350652,0.49691649276209465
43,T_7,C_7_8,5.84,5.14,0,0,False,1,-190.49132831383832,0.5663419007595936
48,T_5,C_5_2,5.51,5.71,0,0,False,1,-218.76360893433292,0.5044913853194157
18,T_5,C_5_2,5.28,5.49,0,0,False,-1,-215.49588100379754,0.45250333968327006
49,T_6,C_6_5,5.76,6.28,0,0,True,1,-243.03314583737196,0.6535590938005034
36,T_5,C_5_8,4.98,4.99,1,0,True,-1,156.27457375621032,0.4949183266899838
39,T_4,C_4_3,2.47,5.67,1,0,False,1,156.5982528648628,0.5780077462742416
26,T_7,C_7_8,5.61,4.88,1,0,False,1,239.49515264856885,0.5734525403060469
47,T_7,C_7_8,6.08,5.42,0,0,False,1,-230.52124107546717,0.6465382233220555
21,T_4,C_4_2,2.15,4.7,1,0,False,1,159.38691535753009,0.33801266779168393
16,T_6,C_6_5,5.41,5.46,0,0,False,-1,-339.4337192246623,0.5145700329132796
0,T_2,C_2_16,5.16,4.72,0,0,True,1,-221.78716050057358,0.4926395968193865
40,T_5,C_5_8,5.38,5.39,0,0,False,-1,-104.65731445870425,0.5865207334413827
28,T_5,C_5_8,4.78,4.8,1,0,False,-1,133.2275929370857,0.5840206519843462
27,T_7,C_7_6,5.24,5.06,1,0,False,1,181.35113302722263,0.49135723752770055
8,T_5,C_5_8,5.32,5.33,0,0,True,1,-313.022811709622,0.5411902578860543
14,T_6,C_6_5,5.49,5.54,0,0,True,1,-360.0344335103766,0.6418807760297683
25,T_5,C_5_8,4.98,4.99,1,0,False,-1,151.01160649675236,0.5402085271924439
19,T_4,C_4_3,2.57,4.92,0,0,False,1,-178.90918745696936,0.42827216611255264
42,T_5,C_5_8,5.05,5.06,1,0,False,-1,225.1216847322025,0.5918855961836329
24,T_6,C_6_5,5.28,5.33,0,0,False,1,-271.9952472009236,0.6214537826719869
32,T_5,C_5_8,4.96,4.97,1,0,False,-1,155.74338689945438,0.6530837086161195
34,T_6,C_6_5,5.44,5.48,1,0,False,-1,140.5976868283813,0.5924241463929922
46,T_5,C_5_8,5.17,5.18,0,0,False,1,-248.29538500480743,0.5286101588336597
45,T_7,C_7_6,5.79,5.63,0,0,False,1,-332.99532746632525,0.5551373861329647
30,T_6,C_6_9,5.35,5.6,0,0,True,-1,-245.71566234814173,0.5241642149153847
7,T_6,C_6_9,4.88,5.16,1,0,False,-1,77.17790892183774,0.5054627981073601
33,T_5,C_5_8,5.0,5.01,0,0,False,1,-290.5198129169997,0.6079717287750098
4,T_4,C_4_5,1.49,5.04,0,0,False,1,-210.08347855548112,0.489952218231255
1,T_6,C_6_9,5.09,5.36,1,0,False,-1,236.26882281170433,0.5225976916376642
2,T_2,C_2_16,4.98,4.52,1,0,True,-1,200.57689313289396,0.5092352439026828
41,T_5,C_5_8,4.84,4.85,0,0,True,1,-217.7743771026606,0.6301321240254975
44,T_7,C_7_6,5.77,5.61,0,0,False,1,-254.9555854418747,0.6226673002776861
22,T_5,C_5_8,4.97,4.98,1,0,False,1,215.8298672718313,0.5688420826450848
9,T_5,C_5_8,5.28,5.29,0,0,True,1,-190.29627044082224,0.5976034933748506
10,T_7,C_7_6,5.24,5.06,0,0,False,-1,-179.67118235061793,0.5040136143674844
38,T_4,C_4_2,1.61,4.58,0,0,True,1,-137.506982209674,0.42030632313127103
3,T_5,C_5_8,4.54,4.56,0,0,False,1,-149.55149282516362,0.5546929305810492
18,T_5,C_5_8,5.28,5.29,1,0,True,1,208.42226165672076,0.691650928458253
11,T_6,C_6_9,5.69,5.92,1,0,True,-1,343.75777335264644,0.5366787088459666
36,T_5,C_5_9,4.87,4.99,0,0,True,1,-73.86148448295403,0.5222865485037497
6,T_7,C_7_6,5.41,5.23,1,0,False,1,301.1463411118888,0.4941700392642699
29,T_2,C_2_16,4.89,4.42,1,0,True,1,258.920107121259,0.5343562250191004
40,T_5,C_5_9,5.27,5.21,1,0,True,1,318.9344648578636,0.4940633650732449
23,T_5,C_5_9,4.39,4.31,0,0,False,1,-28.774014475860973,0.457408188255923
5,T_8,C_8_2,5.76,6.34,0,0,False,-1,-171.58879570756906,0.6621164100631377
35,T_7,C_7_6,5.39,5.22,1,0,False,1,294.99697224793357,0.5486224394066119
13,T_5,C_5_9,4.55,4.49,0,0,False,1,-42.61346378913504,0.4722279809848005
37,T_5,C_5_9,4.72,4.66,0,0,False,-1,-48.05270959919086,0.49798438329317585
17,T_8,C_8_2,5.7,6.29,0,0,False,1,-149.58592205985943,0.6700077828612023
15,T_8,C_8_2,6.35,6.89,0,0,False,1,-153.67003680663512,0.6844738063002886
25,T_5,C_5_9,4.87,4.8,0,0,True,1,-32.89363755996931,0.505003353739471
28,T_5,C_5_9,4.66,4.6,1,0,True,-1,290.3913212400446,0.5046950854298439
16,T_6,C_6_9,5.2,5.46,1,0,True,1,316.7856763491667,0.4834753433358615
31,T_6,C_6_9,5.25,5.51,0,0,False,1,-56.55867934269901,0.5251475494678612
20,T_6,C_6_9,5.78,6.02,0,0,False,1,-66.85647378793972,0.6199236903338802
12,T_6,C_6_9,4.68,4.96,1,0,False,1,317.19378119583376,0.44517207071915676
49,T_7,C_7_11,5.81,5.65,1,0,False,-1,366.20697564027836,0.5875800115779708
32,T_5,C_5_9,4.84,4.78,1,0,True,-1,105.34997673905218,0.5354468126373514
42,T_5,C_5_9,4.93,4.87,0,0,True,1,-47.31013355978348,0.5472901091600098
43,T_8,C_8_2,5.14,5.79,0,0,False,-1,-184.08320762262704,0.581183518522365
0,T_3,C_3_8,4.72,2.04,1,0,False,-1,158.68936472063288,0.43445897085506713
48,T_6,C_6_9,5.52,5.76,1,0,False,-1,190.72953092561934,0.5627111900755337
14,T_7,C_7_11,5.54,5.33,0,0,False,1,-135.04543554932056,0.5880608159246445
8,T_6,C_6_8,5.15,5.58,0,0,False,-1,-222.1890128406185,0.44488264593184224
34,T_6,C_6_9,5.23,5.48,0,0,True,-1,-203.60913623911753,0.5261055501964967
1,T_6,C_6_8,4.91,5.35,0,0,True,-1,-218.8399738122466,0.44103717911189416
39,T_5,C_5_9,5.57,5.51,0,0,False,-1,-230.56005055408812,0.5886017058605435
26,T_8,C_8_2,4.88,5.56,0,0,False,-1,-193.72921142909422,0.5573528014071174
2,T_2,C_2_13,4.93,4.52,0,0,True,-1,-166.1614023836753,0.4498984799868505
7,T_6,C_6_8,4.69,5.15,0,0,True,1,-144.2062812091012,0.4656233439413685
24,T_7,C_7_11,5.33,5.12,1,0,False,1,146.32217538035903,0.5729273770264226
47,T_8,C_8_2,5.42,6.04,0,0,False,-1,-165.01373327502688,0.6141679345987227
27,T_8,C_8_2,5.06,5.72,0,0,False,-1,-206.69917710894995,0.5363215623086075
30,T_6,C_6_8,5.17,5.6,0,0,True,1,-134.13396715951436,0.5318942158550273
21,T_5,C_5_9,4.57,4.51,0,0,False,1,-163.7299925927089,0.4748181004105173
19,T_5,C_5_9,4.8,4.74,0,0,False,1,-182.9931331529061,0.4981828776629269
10,T_7,C_7_11,5.23,5.02,1,0,True,-1,271.78398245015654,0.5115171439003883
46,T_6,C_6_8,4.99,5.29,1,0,False,-1,134.0899554534718,0.477258149413453
11,T_6,C_6_8,5.52,5.78,1,0,True,1,179.80219058675962,0.4545389693980061
45,T_8,C_8_2,5.63,6.23,1,0,False,1,218.13534903233108,0.6366773602249116
4,T_5,C_5_3,5.01,4.98,1,0,False,-1,178.12451413530198,0.48922793926638314
49,T_7,C_7_2,5.67,5.61,1,0,True,-1,198.27188869680552,0.5488104975763166
37,T_5,C_5_3,4.69,4.58,1,0,True,-1,216.13170857945252,0.423104878005246
22,T_6,C_6_8,4.79,5.1,0,0,False,-1,-169.51731496936995,0.41969189018928243
41,T_6,C_6_8,4.65,4.96,1,0,False,1,181.01969640303892,0.4059563195877255
28,T_5,C_5_3,4.63,4.52,1,0,True,1,179.05695690887273,0.4352850230749196
29,T_3,C_3_8,4.42,1.62,1,0,False,-1,147.74573449730102,0.4030707279178478
32,T_5,C_5_3,4.81,4.7,1,0,True,1,251.85977969113054,0.4663684719075389
44,T_8,C_8_2,5.61,6.21,1,0,False,-1,289.6347308364781,0.6322376530352942
5,T_8,C_8_4,5.72,6.34,0,0,True,1,-221.75566616035889,0.506133676757162
9,T_6,C_6_8,5.11,5.4,0,0,False,1,-199.28155317615872,0.4509481921090426
18,T_6,C_6_8,5.11,5.39,0,0,False,-1,-167.00245453087967,0.42947637119063975
33,T_6,C_6_8,4.82,5.12,0,0,False,-1,-216.35692063874072,0.4571045696528326
3,T_6,C_6_8,4.35,4.68,1,0,False,-1,220.35259281212058,0.40736367429517145
0,T_3,C_3_13,4.45,2.04,0,0,True,1,-95.21426412191255,0.44297850161277375
38,T_5,C_5_3,4.55,4.43,1,0,False,-1,216.70067339458348,0.43995394146696876
36,T_6,C_6_8,4.8,5.11,0,0,False,-1,-129.47442838099767,0.4397968194081802
40,T_6,C_6_8,5.21,5.49,0,0,False,1,-141.73239551423478,0.4295519278458043
39,T_5,C_5_3,5.54,5.44,1,0,True,-1,212.9892261472247,0.5422469555044314
6,T_8,C_8_4,5.2,5.87,1,0,False,1,241.47068265430494,0.4809295532171525
23,T_6,C_6_8,4.31,4.65,0,0,False,-1,-119.7511817641812,0.3362005005053297
13,T_6,C_6_8,4.49,4.81,0,0,False,1,-133.88730036256388,0.40337806852050645
12,T_7,C_7_2,4.8,4.73,1,0,False,-1,171.20070334458637,0.41475036247555414
20,T_7,C_7_2,5.88,5.83,0,0,False,1,-195.5173985172883,0.6024441745494968
8,T_6,C_6_3,5.08,5.32,0,0,True,-1,-149.5522978461475,0.40218895397465815
10,T_7,C_7_2,5.08,5.02,1,0,True,-1,52.8204309805254,0.48022884658621484
31,T_7,C_7_2,5.36,5.3,1,0,False,1,190.51367454196946,0.4930743293203792
43,T_8,C_8_4,5.1,5.79,1,0,True,-1,67.2513961279785,0.4746172616607929
1,T_6,C_6_3,4.83,5.08,1,0,True,1,61.696436342455684,0.4530067513620308
34,T_6,C_6_3,4.97,5.21,1,0,True,-1,33.32512266953344,0.44532974959348914
15,T_9,C_9_1,6.89,6.14,1,0,False,1,207.03214331295692,0.7368153243168037
48,T_6,C_6_8,5.34,5.5,1,0,True,-1,167.40286191604605,0.4782591797894744
16,T_7,C_7_2,5.31,5.25,1,0,False,-1,174.52039045869208,0.43399765419817604
17,T_9,C_9_1,6.29,5.45,0,0,False,1,-184.9057145431976,0.6901994972346885
49,T_7,C_7_3,5.55,5.44,0,0,True,1,-329.8332149408148,0.5777576868004762
35,T_8,C_8_4,5.18,5.86,1,0,False,-1,175.32517963946776,0.4446744703025084
42,T_6,C_6_3,4.8,5.05,1,0,False,1,74.15501683701599,0.48477302056811794
25,T_6,C_6_3,4.73,4.98,0,0,False,-1,-158.27914348373145,0.4292384708284801
2,T_2,C_2_15,4.88,4.23,1,0,True,-1,88.6267312486218,0.5275717751633446
29,T_3,C_3_13,4.13,1.62,1,0,True,1,136.384494174035,0.3967098925242071
4,T_5,C_5_6,4.97,4.91,1,0,True,-1,67.51728327008973,0.4596816626413396
37,T_5,C_5_6,4.64,4.58,1,0,True,-1,189.9581117623097,0.4465879897131252
26,T_8,C_8_4,4.84,5.56,1,0,True,1,157.8111276389868,0.4536634216062249
7,T_7,C_7_3,4.87,4.74,1,0,False,1,140.75453642726907,0.4722798244462483
46,T_6,C_6_3,4.92,5.16,1,0,True,-1,156.36704539286814,0.40738114217405286
47,T_8,C_8_4,5.38,6.04,0,0,True,1,-277.87626590988134,0.5204873672016388
14,T_8,C_8_4,5.33,5.99,1,0,False,-1,174.70348156308103,0.48867529697111867
27,T_8,C_8_4,5.02,5.72,0,0,True,-1,-219.7181263749978,0.48282853165550355
30,T_7,C_7_3,5.34,5.22,0,0,False,1,-251.85737362652003,0.43164362102432563
22,T_6,C_6_3,4.72,4.97,0,0,True,1,-300.68876335991786,0.41560478772193543
24,T_8,C_8_4,5.12,5.8,1,0,False,1,66.36027415006906,0.5401812867634042
39,T_5,C_5_6,5.5,5.03,0,0,True,1,-79.8193172613454,0.49365360757412985
12,T_7,C_7_3,4.66,4.53,0,0,True,-1,-4.012818091040241,0.42429307107080894
11,T_7,C_7_3,5.67,5.57,1,0,False,1,68.94124332555656,0.5897926262488092
38,T_5,C_5_6,4.5,3.91,0,0,True,1,-228.17881960766616,0.41431925303299216
3,T_6,C_6_3,4.26,4.54,0,0,True,-1,-44.988507518093456,0.3786754471613107
33,T_6,C_6_3,4.74,4.99,0,0,True,-1,-57.43511929523208,0.4331546812600293
21,T_6,C_6_3,4.43,4.69,0,0,False,-1,-309.4282112602729,0.3627629969060999
18,T_6,C_6_3,5.04,5.27,0,0,True,-1,-71.20773069123354,0.47169101222744725
41,T_7,C_7_3,4.83,4.71,1,0,False,1,348.5689803756998,0.48084346351720286
19,T_6,C_6_3,4.66,4.91,1,0,False,1,87.6243089482542,0.39866815765276575
36,T_6,C_6_3,4.73,4.86,0,0,True,-1,-3.963439010751788,0.45132890639600776
10,T_7,C_7_3,4.95,4.83,1,0,True,-1,326.6093229865078,0.4721150999097918
44,T_8,C_8_4,5.57,6.06,0,0,True,-1,-16.472722420716853,0.5487469967904116
45,T_9,C_9_1,6.23,5.38,1,0,False,-1,4.207933280778295,0.6627289450817355
28,T_6,C_6_3,4.52,4.66,0,0,False,1,-3.962697967466273,0.4115461458169553
15,T_10,C_10_4,6.14,0.0,0,0,False,1,-210.60785953538516,0.7316812164978899
9,T_7,C_7_3,5.28,5.16,1,0,False,1,125.25204635808988,0.5750196736089297
0,T_4,C_4_3,2.04,4.94,0,0,False,-1,-194.99474478128678,0.48625831257745866
32,T_6,C_6_3,4.7,4.84,1,0,False,-1,127.74418266215267,0.44871102316041767
17,T_10,C_10_4,5.45,0.0,0,0,False,1,-148.26770551691473,0.6404885242514871
16,T_7,C_7_3,5.19,5.07,0,0,True,1,-234.49276449876265,0.4476858110792671
23,T_6,C_6_3,4.23,4.38,0,0,True,1,-166.1350143352573,0.3621671272231092
5,T_9,C_9_17,6.2,5.52,0,0,False,1,-363.36163732751237,0.5996738569794341
8,T_6,C_6_6,4.64,5.21,1,0,True,-1,116.54214183127071,0.4130846328801949
40,T_7,C_7_10,5.27,5.26,0,0,False,1,-252.3714123039626,0.497201986761068
34,T_6,C_6_6,4.52,5.1,0,0,True,1,-271.49307619084414,0.42174081715738954
37,T_5,C_5_11,4.46,4.08,1,0,True,-1,291.2695422928193,0.43561707845805875
4,T_5,C_5_11,4.8,4.45,0,0,True,1,-321.85094951822754,0.4634324397760613
20,T_8,C_8_5,5.67,6.3,0,0,False,1,-40.502834470808565,0.6196917781390286
1,T_7,C_7_10,4.97,4.96,0,0,False,-1,-4.23228430899643,0.5047098715390665
13,T_7,C_7_10,4.55,4.54,0,0,False,-1,-274.5814689987471,0.38402068646556264
6,T_9,C_9_17,5.71,4.97,1,0,False,-1,356.04530379638396,0.5644310545472644
43,T_8,C_8_5,4.92,5.63,1,0,True,-1,358.81912103552855,0.5168841371327977
2,T_2,C_2_12,4.78,3.44,1,0,True,-1,281.0284535047441,0.4683372347847614
48,T_6,C_6_6,4.85,5.4,0,0,True,1,-359.4185161621099,0.4590480000991196
12,T_7,C_7_10,4.54,4.53,1,0,True,-1,285.77594876765465,0.387862249912807
46,T_6,C_6_6,4.46,5.05,1,0,True,1,292.456806321979,0.3950082614784317
25,T_6,C_6_6,4.25,4.86,1,0,True,-1,2.1877804159225933,0.4229836598769337
35,T_8,C_8_5,5.0,5.7,1,0,True,1,344.1514480263045,0.5362855037320051
31,T_8,C_8_5,5.12,5.81,1,0,False,-1,341.5814028358591,0.5769031932607526
29,T_4,C_4_3,1.62,4.48,1,0,False,-1,152.90871077646557,0.4211009728247702
42,T_7,C_7_10,4.93,4.93,0,0,False,1,-11.786156738827415,0.49828491054073654
49,T_8,C_8_5,5.44,6.1,1,0,False,-1,283.17905486225044,0.5936229879245812
45,T_9,C_9_17,6.08,5.19,0,0,True,1,-373.7921724123113,0.5852655526478818
10,T_7,C_7_10,4.84,4.83,1,0,True,-1,33.418011961104554,0.4758560693287266
33,T_6,C_6_6,4.26,4.88,0,0,True,-1,-279.02818202438846,0.41336431001974117
26,T_9,C_9_17,5.4,4.37,0,0,False,-1,-53.48340624869093,0.49162002402559657
5,T_10,C_10_1,5.33,0.0,0,0,False,1,-40.25133329333347,0.5604890236125879
0,T_4,C_4_1,1.49,4.77,1,0,True,1,204.46924197479856,0.517765921994765
11,T_8,C_8_5,5.57,6.13,1,0,False,1,317.4762394302698,0.5805334278828392
18,T_6,C_6_6,4.59,5.16,0,0,True,1,-48.33945231395,0.44873853241187395
38,T_6,C_6_6,3.91,4.57,1,0,False,1,229.64608675851375,0.4042950910274218
39,T_6,C_6_6,5.03,5.56,1,0,False,1,294.86812839261535,0.4386713900402005
7,T_8,C_8_5,4.74,5.39,0,0,False,-1,-36.75339985073824,0.5149188126900124
22,T_7,C_7_10,4.85,4.74,0,0,False,-1,-35.850021200277034,0.49781518894419835
24,T_9,C_9_3,5.55,4.67,1,0,False,1,291.6999755263732,0.5641221923404123
47,T_9,C_9_3,5.8,4.96,1,0,False,-1,288.41901560626513,0.5898103863143185
27,T_8,C_8_5,4.83,5.47,0,0,True,1,-6.619042844980093,0.467982138308505
30,T_8,C_8_5,5.22,5.81,1,0,False,1,276.8560104226361,0.5462087337415991
21,T_6,C_6_6,3.91,4.57,0,0,True,-1,-36.67470503308002,0.35005212481838255
3,T_6,C_6_6,3.72,4.41,0,0,True,-1,-238.79889224069032,0.3664278079065134
36,T_6,C_6_6,4.25,4.86,1,0,True,1,296.9426506856088,0.49005917926022335
14,T_8,C_8_5,5.16,5.76,0,0,True,-1,-348.53814788575505,0.5679850407275575
28,T_7,C_7_13,4.66,4.54,1,0,False,-1,236.84942039204455,0.4819747685736956
44,T_8,C_8_5,5.4,5.98,0,0,True,-1,-113.59501384810267,0.5770350659857053
19,T_7,C_7_13,4.79,4.68,1,0,False,-1,240.33375806049108,0.505767209629173
1,T_7,C_7_13,4.96,4.86,0,0,True,1,-49.01832776519977,0.4996225093367552
37,T_5,C_5_13,4.46,3.94,1,0,True,-1,236.57234897519888,0.42607815553164646
6,T_9,C_9_3,5.63,4.76,0,0,True,-1,-133.3105694036583,0.5288254464556432
32,T_6,C_6_6,4.22,4.84,1,0,True,1,249.817272833067,0.4183921573344227
13,T_7,C_7_13,4.55,4.43,1,0,True,-1,256.0561420153799,0.48877020083007544
8,T_6,C_6_7,4.52,5.2,1,0,True,-1,340.28703405276826,0.4029885408109538
41,T_8,C_8_5,4.71,5.36,1,0,False,1,274.299758112149,0.5070327996750401
12,T_7,C_7_13,4.53,4.42,1,0,True,1,230.93741597520446,0.4400895762033441
23,T_7,C_7_13,4.38,4.26,0,0,False,-1,-263.60458344642467,0.40300701560953744
45,T_10,C_10_2,5.18,0.0,0,0,False,-1,-338.38526549698355,0.5241796690556288
25,T_6,C_6_7,4.12,4.86,1,0,True,-1,4.219572938695276,0.3763707742250954
2,T_2,C_2_4,4.76,3.44,1,0,True,-1,239.48641465110094,0.44187005843965355
4,T_6,C_6_7,4.32,5.04,0,0,False,1,-48.253262876563454,0.43081784669767703
10,T_7,C_7_13,4.83,4.72,1,0,True,1,297.2338586979887,0.5683679467879972
29,T_4,C_4_2,1.58,4.47,0,0,True,-1,-11.754514441019229,0.4310544177033539
24,T_10,C_10_2,4.66,0.0,1,0,False,1,49.67433323814632,0.47208163598968456
47,T_9,C_9_12,5.76,4.95,1,0,True,1,320.10601394975737,0.6241411510076971
26,T_9,C_9_3,5.3,4.35,0,0,True,-1,-46.92063315865791,0.5675256915438438
22,T_7,C_7_13,4.85,4.74,1,0,True,1,326.87058323814676,0.5069936927891203
34,T_7,C_7_13,5.1,5.0,0,0,False,1,-60.23030652549198,0.5712604151812201
9,T_8,C_8_5,5.16,5.76,1,0,False,1,346.24065726580903,0.5937401884640419
16,T_8,C_8_3,4.97,5.64,0,0,False,1,-17.968534108499572,0.4659798668849513
40,T_8,C_8_3,5.16,5.81,0,0,False,1,-12.421598295837374,0.5763646425251742
20,T_9,C_9_12,6.18,5.43,0,0,False,-1,-32.70791944463462,0.634947730579847
43,T_8,C_8_3,4.82,5.5,1,0,True,1,312.8686572240637,0.5176168531261748
33,T_6,C_6_7,4.13,4.85,0,0,True,-1,-3.858792262589894,0.425608660895933
48,T_7,C_7_13,5.39,5.3,1,0,False,-1,318.44746213952016,0.6029541244073223
46,T_7,C_7_13,5.05,4.94,1,0,False,-1,342.0552707108177,0.4724346330390319
31,T_8,C_8_3,5.02,5.68,1,0,True,-1,41.371825840917964,0.5496759554392452
49,T_8,C_8_3,5.35,5.97,0,0,True,-1,-334.7858373301403,0.5707810522611951
21,T_6,C_6_7,3.77,4.55,0,0,True,-1,-141.64451288232942,0.395811745805245
3,T_6,C_6_7,3.57,4.39,0,0,True,-1,-69.73727354222152,0.3522210202726678
38,T_7,C_7_14,4.55,4.46,0,0,False,-1,-80.98065769105361,0.426945662902085
23,T_7,C_7_14,4.36,4.26,0,0,True,1,-41.79891293820585,0.3930616301772045
6,T_9,C_9_12,5.58,4.64,1,0,True,1,202.53219056371978,0.5419550484181079
13,T_7,C_7_14,4.53,4.43,0,0,True,1,-62.78115182323402,0.4308920797299018
18,T_7,C_7_14,5.14,5.06,1,0,False,-1,158.12753116298643,0.5163002374865491
37,T_5,C_5_4,4.35,3.89,1,0,True,1,78.23728333300636,0.38065334126898537
19,T_7,C_7_14,4.77,4.68,0,0,True,1,-0.19254933726556978,0.46713822024427865
7,T_8,C_8_3,4.63,5.3,0,0,True,-1,-90.3988170486817,0.45026352199709346
36,T_7,C_7_14,4.84,4.73,0,0,False,-1,-57.272002911220426,0.41706568765539875
35,T_9,C_9_12,5.57,4.62,1,0,False,1,183.32574295057657,0.5999972831228415
0,T_5,C_5_4,4.67,4.24,0,0,False,-1,-108.520497098095,0.39193270170404776
45,T_10,C_10_3,5.09,0.0,1,0,True,1,68.1960368867862,0.4312411847679333
14,T_8,C_8_3,5.06,5.68,1,0,True,-1,316.6027512942197,0.5398140735943148
39,T_7,C_7_14,5.54,5.47,1,0,False,1,50.33870572014322,0.5777695540824128
28,T_7,C_7_14,4.63,4.54,0,0,True,-1,-262.4367690071591,0.4869557722290353
42,T_8,C_8_3,4.82,5.5,0,0,False,-1,-110.36891754716578,0.4920075692810155
11,T_9,C_9_12,6.08,5.23,0,0,False,1,-143.38807179723153,0.6650773791794773
47,T_10,C_10_3,4.85,0.0,0,0,False,1,-113.82270973359319,0.4067653301371287
26,T_9,C_9_15,5.22,4.24,0,0,True,1,-45.76370543119586,0.5039092178051503
8,T_6,C_6_1,4.47,5.18,1,0,True,-1,266.8524112934725,0.2822036950809269
44,T_8,C_8_3,5.31,5.9,1,0,True,1,274.81533065116275,0.5944962018047375
27,T_9,C_9_15,5.38,4.44,1,0,False,-1,222.8548652812025,0.4778820547506834
20,T_9,C_9_15,6.14,5.34,1,0,True,-1,260.724954022502,0.5826761269259759
48,T_7,C_7_14,5.38,5.28,0,0,True,-1,-49.75934277229925,0.49582236701450166
1,T_8,C_8_3,4.86,5.5,1,0,False,1,38.913305273621745,0.5293330443379973
10,T_8,C_8_6,4.71,5.38,0,0,False,1,-11.869433326982158,0.5266612654016763
4,T_7,C_7_4,4.94,4.92,0,0,False,1,-11.990298712783034,0.4802591799124402
33,T_6,C_6_1,4.08,4.78,1,0,True,-1,10.664165457518347,0.31355377116984545
30,T_9,C_9_15,5.74,4.87,1,0,False,1,226.49704545081647,0.5425016934091377
29,T_4,C_4_5,1.19,4.36,0,0,True,-1,-8.974849487806235,0.42266424275382236
41,T_9,C_9_15,5.27,4.31,1,0,False,-1,31.011879790575506,0.5345684253081715
21,T_6,C_6_1,3.71,4.47,1,0,True,1,282.88136196696263,0.28087914132169534
46,T_7,C_7_14,5.03,4.93,1,0,True,1,294.09545939793907,0.482809636220776
18,T_7,C_7_4,5.07,5.04,1,0,True,1,0.38462299251888155,0.5021959628319006
12,T_8,C_8_3,4.42,5.11,1,0,False,-1,17.903533622767423,0.4297698791641899
6,T_10,C_10_3,4.64,0.0,0,0,False,1,-230.94721416105608,0.37150041249347654
2,T_2,C_2_20,4.66,3.44,0,0,True,1,-47.694602856001836,0.4187995640555593
38,T_7,C_7_4,4.47,4.44,1,0,True,-1,50.700521968701,0.34789972499707833
25,T_6,C_6_1,4.06,4.76,1,0,True,1,233.2766359796884,0.32009846096035566
32,T_7,C_7_14,4.82,4.71,0,0,False,1,-30.177461057165797,0.4745389927706753
35,T_10,C_10_5,4.39,0.0,0,0,False,1,-147.38245573764266,0.4639821392838228
36,T_7,C_7_4,4.76,4.73,0,0,True,1,-42.918385609185535,0.4101457111832889
3,T_6,C_6_1,3.51,4.3,0,0,True,-1,-5.479523623713458,0.2794507006394269
31,T_8,C_8_6,5.01,5.37,0,0,True,-1,-45.72651893471598,0.5352713721077245
49,T_8,C_8_6,5.34,5.68,0,0,True,1,-35.323497786679766,0.6549754418028819
16,T_9,C_9_15,5.6,4.47,1,0,False,1,276.3447298064723,0.5227614957531261
26,T_10,C_10_5,3.98,0.0,1,0,False,-1,6.071955258588563,0.3630579418438047
30,T_10,C_10_5,4.64,0.0,0,0,False,1,-276.66300131400783,0.40559037149609894
0,T_5,C_5_12,4.43,2.59,0,0,True,-1,-88.04857476008121,0.4271231823188085
28,T_7,C_7_4,4.56,4.32,0,0,True,-1,-30.81448300725348,0.4145500358393814
20,T_9,C_9_16,5.89,5.14,1,0,True,1,65.95461879115668,0.6095660230865646
9,T_9,C_9_15,5.68,4.57,1,0,False,1,287.7946090335255,0.5580300486385952
22,T_8,C_8_6,4.72,5.11,1,0,False,1,298.1454544441535,0.471420384334833
27,T_9,C_9_16,5.09,4.19,1,0,True,1,31.681946118483904,0.5574216417697376
11,T_10,C_10_5,5.02,0.0,0,0,False,-1,-176.50345226584324,0.4741426690023123
48,T_7,C_7_4,5.31,5.11,0,0,True,1,-189.64370975148597,0.453501701049436
23,T_8,C_8_6,4.24,4.66,1,0,False,-1,181.1994109595357,0.34212690790177225
7,T_8,C_8_6,4.62,5.01,0,0,True,1,-106.37455128408533,0.49155885877126654
40,T_9,C_9_15,5.77,4.68,1,0,False,-1,285.889663610944,0.5849658483880389
34,T_8,C_8_6,4.98,5.34,1,0,False,1,291.65088922676216,0.604277634552391
43,T_9,C_9_16,5.17,4.3,0,0,False,1,-100.6482989758171,0.5000112588704135
14,T_8,C_8_6,5.04,5.4,0,0,True,-1,-126.79212652292658,0.4952658254220136
37,T_6,C_6_1,3.89,4.58,0,0,False,-1,-78.97850645124215,0.26377335142078473
13,T_8,C_8_6,4.41,4.82,0,0,False,-1,-75.19594970094344,0.4363423444107362
41,T_9,C_9_16,4.97,4.05,0,0,True,1,-142.12187562686933,0.5259376188144773
8,T_6,C_6_2,2.98,5.08,0,0,True,1,-39.64696523260412,0.5236584131816646
33,T_6,C_6_2,2.41,4.75,0,0,True,1,-37.75313462062358,0.5683571528788942
42,T_8,C_8_6,4.8,5.18,1,0,True,1,107.447031471853,0.4937903672042551
26,T_10,C_10_1,2.86,0.0,0,0,True,-1,-108.18859147526487,0.42389361369323164
19,T_8,C_8_6,4.67,5.05,0,0,False,1,-210.17547603694422,0.49085379868529105
38,T_7,C_7_1,4.43,4.23,0,0,True,-1,-66.04998350381902,0.38846102016505846
11,T_10,C_10_1,3.77,0.0,0,0,True,1,-83.00953926239788,0.5449403055024375
44,T_9,C_9_16,5.64,3.73,0,0,False,1,-61.78396199774397,0.6053322693238006
16,T_10,C_10_1,3.44,0.0,0,0,False,1,-161.82436683625335,0.4497523516944282
3,T_6,C_6_2,1.84,4.26,1,0,True,-1,152.29091290974924,0.5192876984436667
9,T_10,C_10_1,3.37,0.0,1,0,False,-1,92.24543151577393,0.48976184153580427
10,T_9,C_9_7,5.02,3.29,0,0,False,-1,-58.43057657643979,0.46266585239279856
0,T_5,C_5_11,2.38,2.29,0,0,True,-1,-52.611924592864355,0.4424437015774466
20,T_10,C_10_1,4.1,0.0,1,0,False,1,53.1083638635092,0.5763409256069445
46,T_8,C_8_1,4.74,5.23,1,0,False,-1,248.63939488077713,0.3735250827406977
27,T_10,C_10_1,3.62,0.0,0,0,False,-1,-56.679691098281836,0.4309319515066995
2,T_3,C_3_13,3.44,1.39,1,0,False,-1,102.41849707986134,0.3995900355500791
39,T_8,C_8_6,5.45,5.79,1,0,False,-1,152.14348033638885,0.5946701688149763
1,T_9,C_9_7,5.14,3.41,1,0,False,1,197.8304218173828,0.5513998820328494
4,T_8,C_8_1,4.73,5.21,0,0,False,1,-99.19363550731839,0.38352671494340085
28,T_7,C_7_1,4.52,4.32,0,0,True,-1,-35.115641544064786,0.38456904115248075
21,T_7,C_7_1,4.43,4.22,1,0,False,-1,204.02334055298616,0.43021573909233485
12,T_8,C_8_1,4.19,4.73,0,0,True,1,-66.76941955164638,0.35612583904782524
25,T_7,C_7_1,4.73,4.54,1,0,False,1,254.29689863055233,0.41846584092764955
29,T_4,C_4_1,1.18,2.6,0,0,True,1,-21.660982420861572,0.48052993267945204
43,T_10,C_10_1,3.71,0.0,0,0,False,-1,-19.986229656770348,0.43732986941801466
40,T_9,C_9_7,5.43,3.94,0,0,True,1,-27.396469999820837,0.5624489440058936
31,T_8,C_8_1,4.82,5.3,0,0,True,-1,-45.22564142147589,0.3846553155430158
49,T_9,C_9_7,5.61,3.25,1,0,False,-1,55.493814360361746,0.5883764894277237
18,T_8,C_8_1,4.86,5.33,0,0,False,1,-24.744536147403814,0.4262625792654934
10,T_9,C_9_4,5.0,2.82,1,0,True,1,178.00234132631417,0.5471116182511345
9,T_10,C_10_3,2.84,0.0,1,0,True,-1,5.97191926764631,0.4618913470299105
37,T_6,C_6_2,2.59,4.57,1,0,True,-1,185.67827870365147,0.48504159990599915
14,T_8,C_8_1,4.86,5.32,1,0,True,1,251.10234132631436,0.3787283163107707
44,T_10,C_10_3,3.37,0.0,0,0,False,1,-28.817780755909382,0.5128462516354844
26,T_10,C_10_4,2.75,0.0,1,0,True,1,47.883144112702205,0.5411738005219056
27,T_10,C_10_4,3.43,0.0,1,0,True,-1,57.432214563709515,0.5230273523084846
41,T_10,C_10_4,2.82,0.0,1,0,False,-1,30.892820970186595,0.5531771682771883
38,T_7,C_7_5,4.42,4.23,1,0,True,-1,119.59961562470966,0.4166049382398326
23,T_8,C_8_1,4.02,4.57,1,0,True,-1,242.6141387619605,0.36802585611691113
36,T_8,C_8_1,4.54,5.05,1,0,False,-1,27.434756454057855,0.3944257107747799
32,T_8,C_8_1,4.52,5.02,1,0,False,-1,50.922146483383344,0.4121755834656031
22,T_9,C_9_4,5.02,3.14,1,0,False,1,197.62850411701186,0.5677345723075176
13,T_8,C_8_1,4.2,4.73,1,0,True,-1,236.77623731701732,0.3992427983329182
7,T_9,C_9_4,4.92,2.47,0,0,False,1,-28.063347704985393,0.5506746297061339
48,T_8,C_8_1,5.11,5.55,0,0,False,1,-36.019186749009506,0.4900187560083837
43,T_10,C_10_4,3.23,0.0,1,0,True,1,67.65158967252412,0.5245980292838368
2,T_3,C_3_7,3.18,1.39,1,0,True,1,24.044633150785057,0.4508644431351889
8,T_7,C_7_5,5.07,3.0,0,0,False,-1,-140.89173845483728,0.5008691556161453
34,T_9,C_9_4,5.26,2.68,1,0,False,-1,73.09376544646176,0.5351153973475613
0,T_5,C_5_2,2.27,2.29,1,0,True,1,48.178884149414785,0.4743585811433144
28,T_7,C_7_5,4.51,1.95,0,0,True,1,-88.39580063613153,0.4696914396530582
21,T_7,C_7_5,4.41,2.39,0,0,True,1,-67.77942166711186,0.43547461982452274
40,T_10,C_10_4,3.15,0.0,1,0,False,1,57.96344012632196,0.5978245033072394
1,T_10,C_10_3,2.86,0.0,1,0,False,-1,43.374020223531666,0.42010468464190986
9,T_10,C_10_4,2.68,0.0,1,0,True,1,23.429128304003015,0.6067338602698802
3,T_6,C_6_4,1.4,4.25,1,0,True,1,47.798493526090326,0.497796126710205
33,T_7,C_7_5,4.73,1.69,0,0,False,1,-119.11517867215085,0.5152851680427892
42,T_9,C_9_4,5.09,2.73,0,0,False,1,-147.10372896384007,0.5809033213217362
27,T_10,C_10_3,3.11,0.0,1,0,True,1,24.109102872039415,0.36830998371327145
19,T_9,C_9_18,4.96,3.28,1,0,False,-1,182.4626769813361,0.4307416118248405
10,T_10,C_10_3,2.47,0.0,1,0,False,1,32.745832866282406,0.39617406919409864
41,T_10,C_10_3,2.47,0.0,1,0,True,-1,115.7469117339252,0.3722574053876879
49,T_9,C_9_4,5.6,2.35,0,0,True,1,-11.147528350286123,0.5943361591376357
46,T_8,C_8_6,2.49,5.2,1,0,True,-1,81.28613901326622,0.48049512757891105
39,T_8,C_8_4,2.37,5.7,1,0,True,1,111.54863183547673,0.5120732254138801
29,T_5,C_5_4,2.6,2.15,0,0,False,-1,-113.73113469665151,0.40909433546333007
8,T_7,C_7_12,4.76,2.16,0,0,True,-1,-58.42140557173393,0.4502760220198033
38,T_7,C_7_12,4.06,2.41,0,0,True,1,-58.389340879993966,0.36947587138392324
7,T_10,C_10_2,2.12,0.0,0,0,False,1,-88.62892960531438,0.4426494945373547
25,T_8,C_8_1,2.19,5.02,0,0,False,1,-107.57981013013837,0.4079062879198739
22,T_10,C_10_2,2.91,0.0,1,0,False,-1,42.616559385584516,0.46220038955160697
37,T_6,C_6_5,2.42,4.22,0,0,True,1,-119.46397526741467,0.5478882262477313
12,T_9,C_9_18,4.71,2.3,0,0,False,1,-99.08864203897035,0.4603685300938623
1,T_10,C_10_2,2.26,0.0,0,0,True,1,-17.467772849458235,0.48354783182201555
31,T_8,C_8_2,0.86,5.28,0,0,True,1,-176.2639356093724,0.6098350044368008
4,T_9,C_9_18,5.19,2.81,0,0,False,1,-67.10743244648259,0.5150588380931622
34,T_9,C_9_18,5.25,2.34,0,0,True,1,-118.11198245832666,0.5307301075496457
18,T_9,C_9_18,5.31,2.8,1,0,False,1,15.632342894450701,0.47235451217521396
41,T_10,C_10_2,2.3,0.0,1,0,True,-1,51.90264804946444,0.46616006961945133
42,T_10,C_10_2,2.23,0.0,0,0,False,-1,-13.347525791798375,0.5099767397153203
23,T_8,C_8_5,2.62,4.45,1,0,True,-1,144.6541748884739,0.4444526108532247
36,T_8,C_8_5,2.74,4.92,1,0,True,1,98.46313180457372,0.5107668673079302
14,T_9,C_9_18,5.31,3.15,0,0,False,1,-133.47957695031636,0.4500664297040001
2,T_4,C_4_5,1.39,2.73,0,0,False,-1,-76.92045199778006,0.4394896125574288
19,T_9,C_9_2,4.86,2.77,1,0,True,1,8.60953147195007,0.5550855710927385
49,T_10,C_10_4,2.33,0.0,0,0,False,1,-41.762625821600835,0.6332240195847125
22,T_10,C_10_4,2.04,0.0,0,0,True,1,-3.600005832893899,0.575400143096715
13,T_8,C_8_4,2.22,4.61,0,0,True,-1,-91.48753875368054,0.45725396160025156
32,T_8,C_8_4,1.95,4.9,0,0,True,1,-108.20535598714358,0.46818313041882004
8,T_7,C_7_7,4.72,2.16,0,0,True,1,-90.29212432518923,0.41426836627912433
48,T_9,C_9_2,5.45,2.87,0,0,False,-1,-73.56337273920333,0.557673435023326
41,T_10,C_10_1,1.51,0.0,0,0,True,1,-1.9551658814182886,0.4605605153167768
12,T_10,C_10_3,1.86,0.0,1,0,False,1,14.499614294289564,0.36872553313026923
42,T_10,C_10_3,1.82,0.0,1,0,True,1,16.9430011051331,0.4162887752942045
3,T_7,C_7_7,3.83,1.4,0,0,False,1,-52.2747566402695,0.38511769115787986
28,T_8,C_8_4,1.95,4.72,0,0,False,1,-59.24012526113684,0.4435593677643751
4,T_10,C_10_3,2.64,0.0,0,0,False,1,-100.95971507736654,0.4254687716780864
29,T_5,C_5_5,2.35,2.16,1,0,True,1,24.555232271817736,0.5987440865630271
21,T_8,C_8_6,2.39,4.63,0,0,False,1,-124.35961490608408,0.47470548283602976
18,T_10,C_10_5,2.25,0.0,0,0,False,-1,-24.463758243150366,0.42190779876344997
34,T_10,C_10_3,2.25,0.0,0,0,False,1,-45.13358016968134,0.42642821598616065
0,T_6,C_6_6,2.29,4.51,0,0,False,-1,-34.0025351104759,0.4305959529066385
14,T_10,C_10_4,2.38,0.0,1,0,False,1,19.025627094989435,0.6284939677222777
18,T_10,C_10_1,2.25,0.0,0,0,True,1,-28.191001237712072,0.5163720216824571
33,T_8,C_8_4,1.56,4.93,1,0,False,-1,18.781765487846812,0.46847480293112265
46,T_8,C_8_2,1.78,5.11,1,0,True,-1,0.2951583449897157,0.5738451611567669
19,T_10,C_10_3,2.74,0.0,1,0,False,1,1.2287219056618355,0.36658184183575193
48,T_9,C_9_19,5.45,2.87,0,0,True,1,-168.39833322900085,0.6222609794693585
37,T_7,C_7_9,3.78,1.88,1,0,False,-1,108.82052645592964,0.2719576318331478
38,T_8,C_8_4,2.44,4.64,1,0,False,-1,79.0711378225715,0.4120618157606484
25,T_9,C_9_19,4.92,2.46,0,0,False,1,-6.331316548544322,0.5497529672404501
39,T_9,C_9_19,5.61,2.68,0,0,False,1,-93.04663699562411,0.6137835179512117
2,T_4,C_4_1,1.36,2.73,1,0,True,-1,2.18176370818464,0.5154911064895219
23,T_8,C_8_3,1.94,4.44,1,0,True,-1,102.91205239217675,0.4002848839798562
31,T_9,C_9_19,5.18,1.75,0,0,False,-1,-46.235461419977945,0.5656128044709866
48,T_10,C_10_4,2.6,0.0,0,0,False,-1,-29.96628734723513,0.5906528397325597
36,T_9,C_9_14,4.91,2.04,0,0,False,1,-3.650410831248216,0.46428382200574203
37,T_7,C_7_7,2.89,1.25,1,0,True,-1,150.62766208982748,0.36759713274181116
48,T_10,C_10_1,2.47,0.0,1,0,True,1,61.99109821317548,0.5196725416437964
13,T_8,C_8_3,2.08,4.61,1,0,True,-1,214.0538510923883,0.39090508480631225
39,T_10,C_10_1,2.69,0.0,0,0,False,-1,-42.03581234035828,0.5349034676852853
25,T_10,C_10_4,2.07,0.0,0,0,False,-1,-19.969152793951167,0.5702198301354717
39,T_10,C_10_3,2.38,0.0,1,0,True,-1,26.715701898976878,0.46551574666419904
0,T_6,C_6_2,1.81,2.76,1,0,True,1,74.75249486987211,0.543633551733497
32,T_9,C_9_14,4.89,2.12,1,0,False,-1,101.9552007087527,0.4933986911293434
25,T_10,C_10_2,1.82,0.0,1,0,True,-1,29.045760533121335,0.44181290160663106
8,T_8,C_8_3,2.16,5.16,1,0,False,1,142.9452461054571,0.5143741407469873
31,T_9,C_9_14,5.18,1.71,1,0,True,1,64.72742902927962,0.5791005351275956
36,T_10,C_10_5,2.04,0.0,1,0,False,-1,32.38769247604121,0.39487008618773195
25,T_10,C_10_5,1.77,0.0,1,0,True,-1,31.292848254275746,0.42531731549888235
39,T_10,C_10_5,2.18,0.0,1,0,True,1,24.749017128171946,0.5523358217771968
28,T_9,C_9_8,4.61,1.57,1,0,False,-1,91.80051528603937,0.511207372646279
46,T_8,C_8_3,1.59,5.01,0,0,True,1,-136.64241465822954,0.507071799673409
2,T_4,C_4_2,1.09,2.73,0,0,True,-1,-105.93685967427923,0.3888806618085597
36,T_10,C_10_3,2.1,0.0,1,0,True,-1,37.92729556593629,0.3848841271246409
33,T_8,C_8_3,1.54,4.83,0,0,True,-1,-109.83377605790153,0.499488154720626
37,T_7,C_7_8,2.74,1.0,1,0,True,-1,80.50588220827362,0.5641372729610814
29,T_6,C_6_5,2.16,2.74,0,0,False,-1,-69.04462772679564,0.5930293408588255
3,T_8,C_8_4,1.11,4.36,1,0,False,1,24.287371803016455,0.4419668882619655
21,T_9,C_9_8,4.52,2.32,0,0,False,1,-36.71688845172669,0.4024859557360269
25,T_10,C_10_3,1.75,0.0,1,0,True,-1,31.425734499092748,0.4533708288702131
38,T_8,C_8_5,1.79,4.48,0,0,True,-1,-15.277773439470351,0.4526212969020455
36,T_10,C_10_1,1.65,0.0,1,0,True,1,81.64601033913185,0.4678099188380923
32,T_9,C_9_8,4.79,2.12,1,0,True,1,155.48304735415857,0.45178827818326384
31,T_10,C_10_4,1.71,0.0,1,0,False,1,51.61876238272862,0.6271260707411275
23,T_8,C_8_4,1.08,4.29,1,0,True,1,77.23829670655552,0.4218152128937661
13,T_8,C_8_5,1.36,4.46,0,0,True,1,-128.42792321350328,0.4560377660769224
28,T_9,C_9_6,4.57,1.57,1,0,True,1,11.148962228451872,0.47142392378005
25,T_10,C_10_1,1.71,0.0,1,0,True,1,33.16743045224307,0.4386934501144457
37,T_7,C_7_6,2.53,1.02,0,0,True,1,-39.34061301827573,0.5141346910692757
21,T_10,C_10_3,1.99,0.0,0,0,False,1,-70.31626236892512,0.3613609535696025
32,T_10,C_10_1,2.15,0.0,0,0,False,-1,-43.037533601744215,0.46413243495370204
2,T_4,C_4_4,1.02,2.73,0,0,True,-1,-120.30063462821623,0.44755543158523026
32,T_10,C_10_3,1.58,0.0,1,0,True,-1,6.791676398570829,0.3924190541267105
0,T_7,C_7_12,2.76,1.63,0,0,False,-1,-52.03661733793007,0.44692696929015985
28,T_10,C_10_4,1.57,0.0,1,0,False,1,35.143728234423996,0.5481466599646028
29,T_6,C_6_2,1.85,2.52,1,0,True,1,1.6130214896772799,0.5171898678121634
32,T_10,C_10_4,1.02,0.0,1,0,True,1,32.5677989505179,0.5775243679016357
8,T_9,C_9_10,5.03,2.99,0,0,False,1,-104.90164379518036,0.4385595710420921
33,T_8,C_8_5,1.3,4.69,0,0,True,1,-94.75578803629982,0.5211996107371186
46,T_9,C_9_10,4.87,2.73,0,0,False,1,-135.91875434300027,0.4009616160354638
0,T_7,C_7_7,2.54,1.63,0,0,True,1,-66.21767907418327,0.4569058133490957
38,T_8,C_8_6,1.34,4.34,0,0,True,1,-60.33111993439813,0.42089717801454674
3,T_9,C_9_10,4.2,1.26,0,0,False,-1,-86.34719615554697,0.3803937097715385
2,T_4,C_4_3,0.87,2.73,0,0,True,-1,-65.4024833267762,0.43984696465907425
8,T_10,C_10_4,2.99,0.0,1,0,False,1,53.96934501553005,0.5348739027511759
46,T_10,C_10_5,2.73,0.0,1,0,False,1,42.271265127371215,0.5437420064529139
13,T_9,C_9_9,4.32,2.11,1,0,False,-1,34.48654256750385,0.36206389301309305
23,T_9,C_9_9,4.14,1.81,1,0,False,-1,53.365492754970376,0.28161730691026465
3,T_9,C_9_9,4.17,1.2,0,0,True,-1,-0.02175952140885329,0.39159566695952625
37,T_8,C_8_4,1.02,4.49,1,0,False,1,70.74005792324304,0.48907003535365934
29,T_7,C_7_7,2.59,1.93,1,0,False,1,30.173669415000045,0.45398502629425536
13,T_9,C_9_5,4.26,2.11,0,0,True,1,-29.12073100389928,0.40615688115325516
23,T_9,C_9_5,4.08,1.81,0,0,True,-1,-2.6549190380873213,0.3491717293698938
3,T_9,C_9_5,4.12,1.2,0,0,True,-1,-35.333872029540316,0.44885643317711477
33,T_9,C_9_5,4.61,1.76,1,0,False,1,79.73305085582767,0.5210453858708465
13,T_10,C_10_3,2.11,0.0,1,0,False,1,8.001876726474165,0.286772947766534
3,T_9,C_9_11,3.81,1.2,0,0,True,1,-50.897377004868915,0.4012668347168019
23,T_9,C_9_11,3.78,1.81,0,0,True,1,-9.509850352416905,0.3461469510136898
38,T_9,C_9_11,4.0,1.71,0,0,False,1,-93.7551755618915,0.35201646754741345
0,T_8,C_8_1,1.63,4.34,0,0,False,1,-139.73016225694192,0.42942022840448546
2,T_5,C_5_9,2.73,2.3,0,0,False,-1,-110.34431872314751,0.4792035504926502
33,T_10,C_10_4,1.76,0.0,0,0,False,1,-60.44233119016839,0.556238211299834
3,T_10,C_10_4,1.21,0.0,0,0,False,1,-12.934727780882803,0.5008303057478035
23,T_10,C_10_2,1.81,0.0,1,0,False,-1,39.50658926638217,0.37575734294304414
38,T_10,C_10_2,1.44,0.0,1,0,False,1,12.113166614172226,0.40424098122509
23,T_10,C_10_4,1.51,0.0,1,0,True,-1,39.505739558469266,0.4809191059438207
37,T_9,C_9_13,3.99,1.79,0,0,False,1,-39.06043223368322,0.4248270737063581
23,T_10,C_10_1,1.18,0.0,1,0,True,1,17.184762623156423,0.3652848784484185
29,T_8,C_8_4,1.93,3.37,0,0,False,-1,-67.47360602091106,0.47869795336623433
2,T_5,C_5_2,2.62,2.3,0,0,True,1,-82.05757790093016,0.40313233944953614
37,T_10,C_10_4,1.42,0.0,0,0,False,-1,-33.45809319768034,0.5479190452669123
37,T_10,C_10_1,0.99,0.0,1,0,True,1,0.7763521498711228,0.4301943871002695
29,T_8,C_8_6,1.71,3.37,0,0,True,1,-67.02574950650363,0.4748181533584654
0,T_9,C_9_6,3.76,1.45,0,0,False,-1,-101.90530576640862,0.5392308112491733
2,T_6,C_6_1,2.3,3.14,0,0,False,-1,-76.69083138711643,0.3321133939600809
0,T_9,C_9_13,3.59,1.45,1,0,True,-1,6.16396577974696,0.4937664073608357
2,T_6,C_6_5,1.95,3.14,1,0,True,1,8.437148898106216,0.5644544446130498
0,T_9,C_9_11,3.26,1.45,0,0,True,-1,-69.74622560536642,0.37104886046639146
29,T_9,C_9_11,2.78,1.47,1,0,False,1,13.060446255093623,0.43597686804993896
0,T_9,C_9_18,2.87,1.45,1,0,True,-1,15.80241571270291,0.4407563858276706
29,T_10,C_10_4,1.47,0.0,1,0,False,1,1.2221480348329905,0.5225447497210872
0,T_9,C_9_16,2.74,1.45,0,0,True,-1,-14.85084636570097,0.5562297721180498
2,T_7,C_7_4,3.14,1.84,1,0,False,-1,52.27158139101502,0.4295566205445479
0,T_9,C_9_12,2.71,1.45,1,0,True,1,58.00956062106751,0.6043304015587051
2,T_7,C_7_7,2.93,1.84,0,0,True,1,-24.213339917100512,0.4035585489766982
0,T_10,C_10_3,1.45,0.0,0,0,False,1,-14.151247560596943,0.419261563853193
2,T_8,C_8_6,1.84,3.27,0,0,False,-1,-34.733688074944105,0.5450021313167089
2,T_8,C_8_2,1.83,3.27,1,0,True,-1,59.289827847306384,0.5442145418019513
2,T_8,C_8_5,1.77,3.27,1,0,True,1,58.43392735169528,0.5018067586853091
2,T_9,C_9_8,3.27,2.05,0,0,False,-1,-22.22369471407754,0.39291517473926013
2,T_9,C_9_11,2.75,2.05,1,0,True,1,64.68649046349728,0.4229458442336088
2,T_10,C_10_1,2.05,0.0,0,0,False,-1,-14.143694394482104,0.4469122733209585
2,T_10,C_10_3,1.8,0.0,1,0,True,-1,23.589858460132966,0.42024712617383747
2,T_10,C_10_5,1.3,0.0,1,0,True,-1,14.50405932196978,0.3879831245040415
2,T_10,C_10_4,1.21,0.0,1,0,True,1,12.87840201058274,0.5443220894217101
