student_number,topic,arm_pulled,pay-off,pay-off_next_topic,actual_decision,skip_decision,skip_enabled,reward,confidence_score,expected_reward
1,T_1,C_1_9,0.0,0.0,0,0,False,1,-10.0,0.5788538347801493
2,T_1,C_1_9,0.0,0.0,0,0,False,1,-10.0,0.4744601443096146
0,T_1,C_1_9,0.0,0.0,0,0,False,1,-10.0,0.5480020740970337
3,T_1,C_1_9,0.0,0.0,0,0,False,-1,-10.0,0.48093820785416613
14,T_1,C_1_9,0.0,0.0,1,0,False,1,21.76195219123506,0.5877078368027207
9,T_1,C_1_9,0.0,0.0,1,0,False,-1,22.471115537848604,0.6017566444331106
4,T_1,C_1_9,0.0,0.0,1,0,False,1,22.887450199203187,0.5287703602042432
6,T_1,C_1_9,0.0,0.0,1,0,False,1,22.09760956175299,0.5406610783303598
8,T_1,C_1_9,0.0,0.0,1,0,False,1,23.139442231075698,0.602756371564789
28,T_1,C_1_9,0.0,0.0,1,0,False,1,17.037848605577693,0.5155898541772315
34,T_1,C_1_9,0.0,0.0,0,0,False,1,-12.882626707101936,0.5601886451431467
16,T_1,C_1_9,0.0,0.0,0,0,False,1,-8.628895363818353,0.48137594533915196
49,T_1,C_1_9,0.0,0.0,1,0,False,-1,25.40139442231076,0.6353058386927699
31,T_1,C_1_9,0.0,0.0,0,0,False,1,-19.415960040435266,0.5943518540747452
25,T_1,C_1_9,0.0,0.0,0,0,False,1,-19.565213771778552,0.5120847742062693
33,T_1,C_1_9,0.0,0.0,1,0,False,1,21.66434262948207,0.5376188049186479
7,T_1,C_1_9,0.0,0.0,0,0,False,-1,-14.871681433470094,0.5189561963253349
5,T_1,C_1_9,0.0,0.0,1,0,False,-1,27.714681978100284,0.5978479205051199
26,T_1,C_1_9,0.0,0.0,1,0,False,1,18.225099601593627,0.5337020329493781
29,T_1,C_1_9,0.0,0.0,1,0,False,1,21.144105437344816,0.4984924518004288
23,T_1,C_1_9,0.0,0.0,0,0,False,1,-15.15327347327109,0.44765673480944623
12,T_1,C_1_9,0.0,0.0,1,0,False,1,17.305139234561512,0.46765523219594896
19,T_1,C_1_9,0.0,0.0,0,0,False,1,-12.892576955858157,0.5090211850281012
30,T_1,C_1_9,0.0,0.0,1,0,False,1,21.940239043824704,0.49647504324331687
36,T_1,C_1_9,0.0,0.0,1,0,False,1,18.72760444330903,0.4890135665231251
43,T_1,C_1_9,0.0,0.0,0,0,False,1,-11.371183921032285,0.5598233651922097
27,T_1,C_1_9,0.0,0.0,0,0,False,1,-13.949293373768603,0.4861603463640393
24,T_1,C_1_9,0.0,0.0,0,0,False,1,-14.053703735423934,0.547447567726612
39,T_1,C_1_9,0.0,0.0,0,0,False,-1,-17.352611381898605,0.6106732940304966
20,T_1,C_1_9,0.0,0.0,0,0,False,1,-14.5724800393914,0.6199694196851174
47,T_1,C_1_9,0.0,0.0,0,0,False,-1,-8.553630833042194,0.5969951679797005
41,T_1,C_1_9,0.0,0.0,0,0,False,1,-12.816527658439018,0.5203983598597778
42,T_1,C_1_9,0.0,0.0,0,0,False,-1,-16.91374988066124,0.5498420494858245
21,T_1,C_1_9,0.0,0.0,0,0,False,-1,-19.102868975381227,0.4258352246610218
18,T_1,C_1_9,0.0,0.0,0,0,False,1,-16.046554768292857,0.5383280869497077
35,T_1,C_1_9,0.0,0.0,0,0,False,1,-17.413024458740168,0.5348512430307246
46,T_1,C_1_9,0.0,0.0,1,0,False,-1,21.158972388568923,0.5511317779249691
32,T_1,C_1_9,0.0,0.0,0,0,False,1,-14.503980510867118,0.5023418102139017
11,T_1,C_1_9,0.0,0.0,0,0,False,-1,-18.2871488276988,0.6400443725125218
45,T_1,C_1_9,0.0,0.0,0,0,False,-1,-8.922849192987558,0.5635084892360827
22,T_1,C_1_9,0.0,0.0,0,0,False,-1,-17.630713184134446,0.5716149866116327
17,T_1,C_1_9,0.0,0.0,0,0,False,1,-15.675569272117132,0.6371055457215818
13,T_1,C_1_9,0.0,0.0,0,0,False,1,-4.327440356851717,0.4569409448603211
40,T_1,C_1_9,0.0,0.0,1,0,False,1,28.12935738363309,0.5926227418443675
15,T_1,C_1_9,0.0,0.0,0,0,False,1,-16.329032363878508,0.7233456181123414
37,T_1,C_1_9,0.0,0.0,1,0,False,-1,27.138241885113842,0.5433834070390824
10,T_1,C_1_9,0.0,0.0,0,0,False,-1,-12.091988658862928,0.5298675362777421
38,T_1,C_1_9,0.0,0.0,0,0,False,-1,-0.4867389191762559,0.4568999815845531
48,T_1,C_1_9,0.0,0.0,1,0,False,-1,36.79457896900071,0.532693159627141
44,T_1,C_1_9,0.0,0.0,1,0,False,1,33.040512368825596,0.6327003699614991
3,T_1,C_1_13,0.0,0.0,0,0,True,1,-6.2102514949883165,0.4943530840398045
9,T_1,C_1_13,0.0,0.0,1,0,True,1,43.11334243054466,0.6173501750448068
49,T_1,C_1_13,0.0,0.0,0,0,True,1,-30.15225371599551,0.6238005021815252
1,T_2,C_2_6,0.0,0.0,0,0,False,1,-32.848553709300795,0.580204925384055
5,T_1,C_1_13,0.0,0.0,0,0,True,-1,-41.09213125449584,0.6173979860529721
2,T_2,C_2_6,0.0,0.0,0,0,False,-1,-48.151122691222774,0.48642648744694217
0,T_2,C_2_6,0.0,0.0,0,0,False,-1,-27.92145639477507,0.5344210393556766
7,T_1,C_1_13,0.0,0.0,0,0,True,-1,-35.39008757348228,0.5267335349783322
47,T_1,C_1_13,0.0,0.02,1,0,True,-1,39.01488677941772,0.583581234069617
14,T_2,C_2_6,0.0,0.0,1,0,False,-1,25.564036117792035,0.5870327052069001
39,T_1,C_1_13,0.0,0.0,1,0,True,1,39.83719301760299,0.6290481627501168
4,T_2,C_2_6,0.0,0.0,1,0,False,1,25.217155210419634,0.552697307440221
8,T_2,C_2_6,0.0,0.0,1,0,False,1,20.631143868264612,0.5400516826221287
28,T_2,C_2_6,0.0,0.0,1,0,False,1,26.871219482631346,0.5329353517729247
6,T_2,C_2_6,0.0,0.0,1,0,False,-1,29.292983580074004,0.5843518506511541
25,T_2,C_2_6,0.0,0.0,0,0,False,-1,-5.919916318562025,0.5394940491706397
34,T_2,C_2_6,0.0,0.0,1,0,False,-1,36.83166282535702,0.5566520005525428
42,T_1,C_1_13,0.0,0.15,0,0,True,-1,-11.002872027829651,0.5691210426845466
16,T_2,C_2_6,0.0,0.0,1,0,False,-1,5.945372555864635,0.5373477672979208
29,T_2,C_2_6,0.75,0.0,1,0,False,-1,9.560285234111879,0.5083197038072053
33,T_2,C_2_6,0.0,0.0,1,0,False,-1,28.155031950809807,0.5424380583735876
11,T_1,C_1_13,0.0,0.0,1,0,True,-1,27.41394377069725,0.6115608333697278
31,T_2,C_2_6,0.0,0.0,1,0,False,1,22.767602307282615,0.5769902848973483
21,T_1,C_1_13,0.0,0.0,1,0,True,1,8.725993300247403,0.49388729472908516
46,T_1,C_1_13,0.0,0.11,1,0,True,1,30.244505551885318,0.6116173945051198
26,T_2,C_2_6,0.0,0.0,1,0,False,1,23.983151351277797,0.5343135852280926
45,T_1,C_1_13,0.0,0.0,1,0,True,-1,31.77733385679077,0.5740045390829643
22,T_1,C_1_13,0.0,0.06,1,0,True,1,10.91327546084673,0.555498232586692
12,T_2,C_2_5,0.0,0.0,0,0,False,1,-15.798034702535467,0.4691662455796025
38,T_1,C_1_13,0.0,0.0,1,0,True,1,5.459119873693476,0.4949902745145369
43,T_2,C_2_5,0.0,0.0,0,0,False,-1,-3.65519239396452,0.49611837605037323
2,T_2,C_2_5,0.0,0.0,0,0,True,1,-20.819329354922388,0.5130427596501044
0,T_2,C_2_5,0.0,0.0,0,0,True,-1,-1.6620942928520481,0.5704086372770387
19,T_2,C_2_5,0.0,0.0,0,0,False,1,-28.366158936715436,0.45770511277836223
37,T_1,C_1_13,0.0,0.4,0,0,True,1,-11.285303918128081,0.5094986684025598
23,T_2,C_2_6,0.4,0.0,1,0,False,1,20.637942536121468,0.4821926051367249
30,T_2,C_2_5,0.0,0.0,0,0,False,-1,-7.314099916716848,0.4814000085451969
10,T_1,C_1_13,0.0,0.0,0,0,True,-1,-1.2018550187576693,0.5414255226482785
1,T_3,C_3_4,0.0,0.0,0,0,False,1,-24.532852064040426,0.5926429470026737
36,T_2,C_2_6,0.02,0.0,0,0,False,1,-25.34396317515154,0.543286072186165
20,T_2,C_2_5,0.0,0.0,0,0,False,-1,-17.506641764934653,0.5218121041201675
27,T_2,C_2_5,0.0,0.0,0,0,False,-1,-7.461740057823225,0.5291444890675956
24,T_2,C_2_5,0.0,0.0,0,0,False,-1,-16.207127511697763,0.4880952098853194
5,T_1,C_1_12,0.0,0.0,1,0,True,1,4.112060680184149,0.533528848372347
7,T_1,C_1_12,0.0,0.18,1,0,True,-1,27.791745448512962,0.49761127272995626
41,T_2,C_2_5,0.0,0.0,0,0,False,1,-10.746246659795322,0.4851838040394729
14,T_2,C_2_5,0.0,0.0,0,0,True,1,-22.09523376845094,0.599518417190555
48,T_1,C_1_13,0.0,0.0,1,0,True,1,15.124907790222059,0.581892414551607
32,T_2,C_2_5,0.0,0.0,0,0,False,-1,-15.899789791822124,0.47510531087379604
18,T_2,C_2_6,0.03,0.83,0,0,False,-1,-19.111911003943334,0.6256782020260965
6,T_2,C_2_5,0.0,0.85,0,0,True,-1,-0.15853487400342559,0.4785305767983896
25,T_2,C_2_5,0.0,0.84,1,0,True,1,25.387044049465498,0.538447757827285
16,T_2,C_2_5,0.0,0.83,1,0,True,1,63.46220445276521,0.4987385745855764
4,T_3,C_3_4,0.0,0.0,1,0,False,1,35.22482434118105,0.6027891115668043
34,T_2,C_2_5,0.0,0.86,1,0,True,-1,52.49954123758137,0.539463321936583
35,T_2,C_2_5,0.0,0.86,1,0,False,-1,26.218391437183186,0.6175467530912998
47,T_1,C_1_12,0.0,0.0,1,0,True,-1,6.538361040569367,0.5234806989554914
3,T_2,C_2_5,0.0,0.79,0,0,False,-1,-0.9177632738730299,0.44476457071048925
29,T_2,C_2_5,0.0,0.79,1,0,True,-1,26.227329735107606,0.4408859981926819
8,T_3,C_3_4,0.0,0.0,1,0,False,-1,3.1790070035703692,0.55963485896759
33,T_2,C_2_5,0.0,0.84,1,0,True,-1,3.5463725459586968,0.5224718215408903
28,T_3,C_3_4,0.82,0.0,0,0,False,-1,-21.590112592624962,0.5352463271419722
40,T_2,C_2_5,0.0,0.88,0,0,False,-1,-9.390840527110859,0.527508462244483
13,T_2,C_2_5,0.0,0.78,1,0,False,-1,16.226083949686227,0.362315011881702
17,T_2,C_2_5,0.0,0.94,0,0,False,1,-11.670532568929978,0.638362360751414
44,T_2,C_2_2,0.0,0.91,0,0,False,1,-17.74612779918727,0.6116547647468191
15,T_2,C_2_5,0.0,0.95,1,0,False,-1,42.010748760862604,0.6856070498117557
49,T_2,C_2_5,0.11,0.98,0,0,False,1,-18.40749025599152,0.6192706545436423
43,T_2,C_2_6,0.1,0.92,1,0,True,1,44.782459286545105,0.5057831950405964
42,T_1,C_1_12,0.0,0.42,1,0,True,1,32.11609400625578,0.53020572046615
31,T_3,C_3_4,0.88,0.0,1,0,False,1,19.15139283451112,0.6017359328420295
0,T_2,C_2_2,0.0,0.91,1,0,True,-1,32.983659559831075,0.5714953721526941
11,T_1,C_1_12,0.0,0.36,1,0,True,-1,25.729250620289697,0.5462730280921229
9,T_2,C_2_2,0.0,0.55,1,0,False,-1,20.729250620289697,0.594003490355768
26,T_3,C_3_4,0.83,0.0,1,0,False,1,18.209898685096178,0.5559298501929777
30,T_2,C_2_6,0.15,0.39,1,0,True,-1,62.89846754198186,0.5231909378916231
12,T_3,C_3_4,0.78,0.0,1,0,False,-1,24.169394634691137,0.5456754204382339
45,T_1,C_1_12,0.0,0.0,0,0,True,-1,-0.7579951446455411,0.46692805771158263
20,T_2,C_2_2,0.0,0.0,1,0,True,-1,69.91066891788584,0.6092460675865314
27,T_2,C_2_6,1.08,0.31,1,0,True,-1,26.616129974286913,0.46814323872661334
19,T_3,C_3_4,0.87,0.0,1,0,False,-1,40.88739228404519,0.4948723502525995
39,T_2,C_2_2,0.0,0.02,1,0,False,1,50.08434841654296,0.6392572638359709
24,T_2,C_2_2,0.0,0.05,0,0,True,-1,-27.65633645401001,0.5076672909388786
2,T_3,C_3_4,0.85,0.0,0,0,False,-1,-49.803789537119926,0.54800508055062
23,T_3,C_3_4,0.33,0.0,0,0,False,-1,-35.46420061844253,0.4514585004579457
1,T_4,C_4_1,0.0,0.0,0,0,False,-1,-46.61969659699482,0.5110979961367603
10,T_1,C_1_12,0.0,0.0,1,0,True,-1,37.76627028288544,0.49191262256874624
8,T_3,C_3_5,0.0,0.0,0,0,True,1,-17.84649046401799,0.7124964249399339
28,T_3,C_3_5,0.0,0.0,1,0,True,-1,28.65763270496915,0.549269461266099
36,T_3,C_3_4,0.54,0.0,0,0,False,1,-6.882061368445313,0.5288154583986339
32,T_2,C_2_2,0.0,0.0,1,0,True,1,15.134827520443583,0.5496105425268145
14,T_3,C_3_4,0.16,0.0,0,0,False,1,-21.37806136844531,0.5894901189002024
6,T_2,C_2_2,0.0,0.0,1,0,True,1,12.2201608537769,0.5609633502710439
41,T_3,C_3_5,0.0,0.0,1,0,False,-1,44.86784615398393,0.590738079507187
18,T_2,C_2_2,0.0,0.03,1,0,True,-1,38.238742338544725,0.5919609057226858
34,T_2,C_2_2,0.0,0.22,1,0,True,1,47.800225169460845,0.5436343861818677
22,T_2,C_2_6,0.18,0.0,1,0,False,1,18.573225803248786,0.5070895156435051
21,T_2,C_2_5,0.49,0.0,0,0,False,1,-6.982877804365724,0.47391897765296886
29,T_2,C_2_2,0.0,0.0,1,0,True,1,37.60859273516744,0.5148038326994061
35,T_2,C_2_2,0.0,0.81,1,0,True,-1,9.469251718133412,0.5343205404774675
3,T_2,C_2_2,0.0,0.0,1,0,True,1,5.125779439450529,0.5003137896870253
4,T_4,C_4_1,0.0,0.0,0,0,False,-1,-3.536970569126092,0.5399200096769591
7,T_1,C_1_2,0.0,0.0,0,0,True,-1,-0.14597321696370003,0.4596466350103699
40,T_2,C_2_2,0.0,0.29,1,0,True,1,29.784693443476428,0.5568945680085237
33,T_2,C_2_2,0.0,0.09,0,0,True,-1,-3.2227605073432173,0.5560562510834866
13,T_2,C_2_6,0.07,0.0,1,0,True,-1,43.49466469071294,0.4496937766937109
38,T_2,C_2_2,0.67,0.71,1,0,False,1,18.777473571260952,0.49400136093688535
25,T_3,C_3_4,0.53,0.0,0,0,False,1,-17.4999685304064,0.5926686309738338
46,T_2,C_2_6,0.15,0.66,1,0,False,-1,7.327411169586169,0.5369549072259757
16,T_3,C_3_4,0.15,0.0,1,0,False,-1,36.76843229634673,0.6628646640965115
12,T_3,C_3_5,0.0,0.0,1,0,True,1,31.211213986487582,0.5624856650362351
47,T_1,C_1_2,0.0,0.0,0,0,True,1,-5.097508073464402,0.49408315477173903
19,T_3,C_3_5,0.0,0.0,1,0,True,1,21.446265871861183,0.6279785622853642
15,T_2,C_2_2,0.94,0.91,0,0,True,1,-4.686260270300945,0.7261730013473627
17,T_3,C_3_4,0.44,0.0,0,0,False,1,-50.63375753068986,0.6694556356291458
2,T_3,C_3_5,0.0,0.0,0,0,True,-1,-35.420218329920075,0.584856660845418
0,T_2,C_2_14,0.0,0.02,0,0,True,-1,-33.143818773034575,0.49402913201021764
23,T_3,C_3_5,0.0,0.0,0,0,True,1,-16.13625907551424,0.5037033180623228
44,T_3,C_3_4,0.12,0.0,0,0,False,1,-15.957063271318425,0.6493495978290229
43,T_3,C_3_5,0.83,0.0,0,0,False,1,-12.171230980972952,0.6646013279853478
28,T_3,C_3_1,0.0,0.0,0,0,True,1,-11.293683432300291,0.4818224650139369
9,T_2,C_2_14,0.0,0.57,1,0,True,-1,9.796825634535539,0.5421076822162978
37,T_2,C_2_6,0.83,0.0,1,0,False,1,14.630013407461297,0.5124684692793331
49,T_3,C_3_4,0.21,0.0,0,0,False,1,-56.57084005690647,0.6703312955094289
30,T_2,C_2_14,0.0,0.0,0,0,True,1,-15.792772171788975,0.4928794592096597
31,T_4,C_4_1,0.0,0.0,0,0,False,1,-0.6923104290217879,0.5283773028342885
48,T_2,C_2_14,0.0,0.2,1,0,False,1,45.43425553416602,0.5056126330342332
20,T_2,C_2_14,0.0,0.0,0,0,True,1,-30.34065969053352,0.630993980265781
24,T_2,C_2_14,0.0,0.0,0,0,True,1,-12.108658662992772,0.5392558857930243
41,T_3,C_3_1,0.0,0.0,1,0,True,-1,5.245760747752463,0.5348934002912941
5,T_2,C_2_14,0.0,0.93,1,0,False,-1,55.31242741441913,0.5683362870428643
11,T_1,C_1_2,0.0,0.12,1,0,True,1,27.130413004377044,0.5033799670610436
1,T_4,C_4_4,0.0,0.0,0,0,True,-1,-15.435300578997872,0.49171089944808233
27,T_2,C_2_14,0.0,0.0,1,0,True,1,19.38169148368319,0.4921735276744671
26,T_4,C_4_1,0.0,0.0,1,0,False,1,18.126952796764577,0.48372188440988695
45,T_1,C_1_2,0.0,0.03,1,0,True,1,4.3978986787920835,0.48752363035591784
39,T_3,C_3_4,0.37,0.0,1,0,False,-1,17.887993424700788,0.6882025710708881
8,T_4,C_4_4,0.0,0.0,0,0,False,-1,-40.70107710606413,0.4688447736471699
18,T_2,C_2_14,0.0,0.12,1,0,True,1,33.103822602789634,0.5490393662366246
10,T_1,C_1_2,0.0,0.17,1,0,True,1,27.33175747853941,0.45216755374324574
36,T_4,C_4_4,0.0,0.0,0,0,False,-1,-33.13951528782801,0.4833013800668468
2,T_3,C_3_1,0.0,0.0,1,0,True,-1,1.4190606901629756,0.5701187646869967
16,T_3,C_3_1,0.0,0.0,0,0,True,1,-13.828717339988195,0.5593042059963103
32,T_3,C_3_1,0.0,0.0,0,0,False,-1,-24.52570212499691,0.5363208633828557
14,T_4,C_4_4,0.0,0.0,0,0,False,-1,-44.746688643933894,0.5109001546426857
42,T_2,C_2_6,0.04,0.3,0,0,False,-1,-22.072905552559007,0.5577837459482398
35,T_2,C_2_6,0.04,0.99,0,0,True,1,-28.856471355766143,0.5783033772043877
6,T_3,C_3_1,0.0,0.0,1,0,False,-1,6.6714051061902495,0.5208168631942882
4,T_4,C_4_4,0.0,0.0,1,0,True,-1,20.955056896035146,0.5339125716508348
29,T_3,C_3_5,0.11,0.0,0,0,False,1,-37.24934365584926,0.5960283328411782
21,T_3,C_3_1,0.0,0.0,0,0,False,-1,-17.764262580630973,0.49878281208865094
22,T_3,C_3_4,0.2,0.0,0,0,False,1,-37.775729529347586,0.5400700959339616
33,T_2,C_2_14,0.0,0.86,0,0,True,1,-7.760014492270727,0.48550407860058153
34,T_3,C_3_5,0.19,0.0,0,0,False,1,-27.639130889891817,0.6853560284299989
13,T_2,C_2_2,0.17,0.76,0,0,True,1,-27.018076468123112,0.45999839079250665
46,T_2,C_2_5,0.04,0.72,1,0,True,1,12.392735813132063,0.5722182797469524
40,T_3,C_3_1,0.81,0.0,0,0,False,1,-2.1339364984682856,0.6012668045462244
3,T_3,C_3_5,0.01,0.0,1,0,False,1,4.8793436863793715,0.572212350585957
7,T_1,C_1_3,0.0,0.26,1,0,True,1,0.4418864321089657,0.550672405447175
38,T_3,C_3_1,0.82,0.0,0,0,False,1,-7.29522261269239,0.480560422217276
25,T_4,C_4_4,0.0,0.0,0,0,False,1,-13.534679102148871,0.5130794596481267
15,T_3,C_3_4,0.88,0.14,0,0,False,1,-9.56513084522368,0.7453970973038817
19,T_4,C_4_4,0.0,0.0,0,0,False,1,-10.17101319816486,0.501698707240598
12,T_4,C_4_4,0.0,0.0,0,0,False,-1,-8.751640941272202,0.46047937246987014
0,T_2,C_2_10,0.0,0.0,0,0,True,1,-3.0031127663352812,0.5344663904348717
41,T_3,C_3_10,0.0,0.28,1,0,True,1,1.1970554422433644,0.5390767025286297
17,T_4,C_4_4,0.0,0.0,1,0,False,1,25.040504485337458,0.592066287747365
44,T_4,C_4_4,0.0,0.0,0,0,False,-1,-11.16775102640047,0.6025438792537148
28,T_4,C_4_4,0.0,0.0,0,0,False,-1,-2.3568617787130473,0.45214592381922536
5,T_2,C_2_10,0.0,0.48,1,0,True,1,26.839099259046495,0.5690389167261194
32,T_3,C_3_10,0.0,0.33,0,0,True,-1,-9.330020761568596,0.5301792691728231
39,T_3,C_3_10,0.0,0.0,1,0,True,1,35.38884278954163,0.5589330246884409
20,T_3,C_3_10,0.0,0.0,0,0,False,1,-38.86823138544618,0.6595563420361047
2,T_3,C_3_10,0.0,0.0,0,0,True,1,-12.347060191411453,0.5198670978695864
24,T_3,C_3_5,0.25,0.0,0,0,False,-1,-43.738806290288764,0.6645242642970086
48,T_3,C_3_1,0.38,0.0,0,0,False,-1,-7.256809447092724,0.6063607356523912
6,T_3,C_3_10,0.0,0.0,0,0,True,1,-31.474191650346842,0.47629953607263786
8,T_4,C_4_3,0.0,0.0,0,0,True,-1,-40.79041681590977,0.5016887079358334
37,T_3,C_3_5,0.34,0.12,0,0,False,1,-8.368392551711718,0.614288337371214
9,T_2,C_2_10,0.0,0.64,1,0,True,1,21.303088377954914,0.5897352794601931
1,T_4,C_4_3,0.0,0.0,0,0,True,1,-8.492893524744801,0.46007072672849947
49,T_4,C_4_3,0.0,0.0,0,0,False,1,-23.117874338939657,0.5371623137873307
43,T_4,C_4_4,0.0,0.0,1,0,False,-1,24.378973070394103,0.49182445044438305
23,T_4,C_4_4,0.0,0.0,1,0,False,-1,6.511855341842867,0.37402064834348353
30,T_3,C_3_5,0.15,0.0,1,0,False,1,8.475303697666003,0.6420295683893551
21,T_3,C_3_10,0.0,0.0,0,0,True,1,-26.261135441053426,0.4922722711406209
31,T_5,C_5_5,0.0,0.0,0,0,False,1,-38.798325523698054,0.6230054359972181
47,T_2,C_2_2,0.14,0.65,0,0,False,1,-46.65204453196253,0.6049323232315922
36,T_4,C_4_3,0.0,0.0,0,0,True,-1,-35.33734496187811,0.42505480843430193
18,T_3,C_3_10,0.0,0.19,0,0,False,1,-11.788570021830322,0.5535765047729428
27,T_3,C_3_5,0.51,0.27,0,0,False,1,-41.792773797442194,0.5804399344258304
14,T_4,C_4_1,0.3,0.0,0,0,True,-1,-20.895565906603984,0.5103837387436458
26,T_5,C_5_5,0.0,0.0,0,0,False,-1,-21.017229053669197,0.5360864412034853
12,T_4,C_4_1,0.23,0.0,1,0,True,1,18.539837118472366,0.45514293087706975
42,T_2,C_2_14,0.4,0.85,0,0,True,-1,-16.953811406737554,0.5304307576032619
33,T_3,C_3_10,0.71,0.3,0,0,False,1,-23.630354105550957,0.506006757308678
4,T_4,C_4_3,0.0,0.0,1,0,True,-1,34.29347480980198,0.504618214939676
35,T_3,C_3_4,1.05,0.12,0,0,False,1,-4.872485168570719,0.612715605856321
34,T_4,C_4_3,0.0,0.0,0,0,False,-1,-9.313795663992527,0.5177722992050219
22,T_4,C_4_1,0.23,0.0,1,0,False,1,5.599880377654952,0.4902237322149755
29,T_4,C_4_1,0.05,0.0,1,0,False,1,7.797109391509883,0.4931343367260681
11,T_2,C_2_6,0.22,0.74,0,0,False,1,-17.768301491769304,0.6069833187826837
13,T_3,C_3_5,0.92,0.0,0,0,False,1,-15.442042417239287,0.5987582271139199
46,T_3,C_3_10,1.16,0.47,0,0,False,1,-1.9743559066695475,0.495082207926273
16,T_4,C_4_3,0.0,0.0,1,0,False,1,8.232017631129649,0.44612902524198644
32,T_3,C_3_9,0.0,0.33,0,0,True,1,-7.452054559568486,0.5187069136446127
24,T_3,C_3_10,0.81,0.24,1,0,True,1,10.811532171189322,0.5847588092911832
3,T_4,C_4_3,0.0,0.0,1,0,False,-1,33.18877219795199,0.43841192939099594
45,T_2,C_2_10,0.87,0.86,0,0,False,-1,-0.3303344400461006,0.5836654699284478
40,T_4,C_4_3,0.0,0.0,1,0,False,-1,15.57985973471119,0.5035315169023404
48,T_3,C_3_10,0.72,0.74,0,0,True,1,-6.1009114613895905,0.5081822368401918
10,T_2,C_2_10,0.79,0.98,0,0,False,1,-45.354050995131615,0.5223059615885095
44,T_4,C_4_1,0.18,0.9,0,0,True,1,-38.54527856316173,0.5750867703866308
15,T_4,C_4_1,0.14,0.95,0,0,False,1,-61.326730176064956,0.6840370500805613
38,T_4,C_4_3,0.0,0.67,0,0,False,1,-35.008653367069556,0.39045760181384803
0,T_3,C_3_10,0.64,0.47,0,0,False,1,-34.03963340187142,0.5288272385319921
41,T_4,C_4_1,0.28,0.77,0,0,False,-1,-37.42189146638754,0.5117169529719628
28,T_4,C_4_1,0.08,0.72,0,0,True,-1,-13.21748559797128,0.48948077060287287
19,T_5,C_5_5,0.0,0.0,1,0,False,-1,21.311078258874193,0.551309361785258
17,T_5,C_5_5,0.0,0.0,1,0,False,1,39.699866905712696,0.6035397694634365
8,T_4,C_4_5,0.0,0.0,0,0,True,1,-0.31831062757158146,0.5092696314722879
25,T_5,C_5_5,0.0,0.0,1,0,False,1,30.027892418166235,0.5162393859702146
5,T_3,C_3_10,1.01,0.08,1,0,False,1,28.78668669533288,0.5953414634659273
20,T_4,C_4_5,0.0,0.06,0,0,False,-1,-23.30379754306771,0.5982094596483309
26,T_5,C_5_7,0.0,0.0,0,0,True,1,-24.677561334843354,0.5154763809637163
6,T_4,C_4_3,0.12,0.0,0,0,False,1,-31.97337051089152,0.4628247131975858
2,T_4,C_4_3,0.39,0.45,1,0,False,1,6.666390320443412,0.4190611046883618
39,T_4,C_4_3,0.04,0.04,0,0,False,-1,-9.661573720354971,0.5398006918588142
7,T_2,C_2_10,0.87,0.93,0,0,False,-1,-52.75870691956888,0.5040309811575194
23,T_4,C_4_3,0.36,0.0,0,0,True,-1,-18.41461751328962,0.34530877519996067
37,T_4,C_4_3,0.18,0.0,0,0,False,-1,-17.295403330495724,0.41245875868803517
43,T_4,C_4_3,0.2,0.08,0,0,True,1,-22.869453644384738,0.4470944225136012
9,T_3,C_3_10,1.05,0.22,0,0,False,1,-24.919207164303298,0.5136823907332686
36,T_4,C_4_5,0.0,0.07,1,0,True,-1,11.273956587683983,0.4717560821486769
21,T_4,C_4_4,0.12,0.11,0,0,False,-1,-4.051774919445605,0.49610522431229154
4,T_4,C_4_5,0.0,0.49,0,0,True,1,-32.296143825987585,0.506875833189923
1,T_5,C_5_5,0.01,0.0,0,0,False,-1,-25.33010907085333,0.569006307831901
49,T_5,C_5_5,0.09,0.0,0,0,False,1,-37.74322123515032,0.584206337767208
30,T_4,C_4_5,0.0,0.18,0,0,False,1,-20.88127176555825,0.5186242708158165
42,T_2,C_2_10,0.87,0.93,0,0,True,1,-47.89488000292282,0.5222216345297557
14,T_4,C_4_3,0.4,0.09,0,0,True,-1,-45.02854017410931,0.48689938893779483
12,T_5,C_5_5,0.0,0.0,0,0,False,1,-23.54121652214444,0.4977247771422662
47,T_3,C_3_10,1.07,0.13,0,0,False,-1,-24.42742070373616,0.5585201102412142
31,T_6,C_6_4,0.0,0.0,0,0,False,1,-6.160253260280302,0.5955336407889302
33,T_4,C_4_5,0.0,0.81,0,0,False,-1,-6.249546070974342,0.5284414228204941
3,T_4,C_4_1,0.34,0.78,1,0,True,1,0.8633199807850955,0.48791941532157584
40,T_4,C_4_5,0.0,0.83,1,0,True,-1,34.561848393901265,0.5129241894089464
11,T_3,C_3_9,0.89,0.73,1,0,False,1,30.40679989409674,0.6055816663006286
27,T_4,C_4_1,0.61,0.0,1,0,False,-1,7.3539526190736195,0.4338682686716752
45,T_2,C_2_14,0.45,1.08,1,0,True,-1,34.952893644096726,0.5424675275460111
18,T_4,C_4_5,0.0,0.0,0,0,False,1,-1.5710671125759297,0.5262140371538798
13,T_4,C_4_1,0.92,0.77,1,0,False,-1,33.83414364409673,0.4599811500123523
34,T_4,C_4_1,0.22,0.06,1,0,True,-1,17.23243429042526,0.5643002134237166
35,T_4,C_4_3,0.38,0.84,0,0,False,-1,-20.94643770537105,0.44551819400061365
46,T_4,C_4_5,0.0,0.8,0,0,False,1,-2.7613858020811115,0.5043036053592669
22,T_5,C_5_7,0.0,0.0,1,0,False,-1,7.600079684575722,0.5080028357958213
16,T_5,C_5_5,0.21,0.0,0,0,False,1,-34.88967302995098,0.49941455254093003
29,T_5,C_5_7,0.0,0.0,0,0,False,1,-7.607230771183153,0.485811501333012
19,T_5,C_5_7,0.0,0.0,1,0,True,1,17.013853518775754,0.455550649580148
28,T_4,C_4_3,0.18,0.83,0,0,True,1,-13.262986878195816,0.41073802468459936
24,T_4,C_4_1,0.65,0.83,1,0,False,1,4.051767393258254,0.5022282673877849
48,T_4,C_4_3,0.38,0.87,0,0,False,-1,-31.96066129680046,0.4815147197449491
41,T_4,C_4_5,0.0,0.84,1,0,True,1,15.970959312450173,0.49768529490183033
32,T_4,C_4_1,0.88,0.82,1,0,False,1,7.397532739023617,0.5009870195181658
0,T_4,C_4_3,0.46,0.87,0,0,False,1,-21.94638280208063,0.44904565774004224
10,T_3,C_3_10,1.05,0.31,0,0,False,1,-35.71259928129659,0.5420684804907983
20,T_4,C_4_1,0.64,0.9,1,0,True,1,37.43542862345572,0.5999365511821572
47,T_3,C_3_9,0.82,0.13,1,0,True,1,47.02602586549361,0.6306301806087935
38,T_5,C_5_7,0.8,0.67,1,0,False,-1,10.536793318231636,0.4485474171871369
15,T_5,C_5_7,1.03,0.95,1,0,False,1,35.07767997272327,0.701514423752713
23,T_4,C_4_5,0.15,0.78,1,0,True,1,16.082812741456593,0.3824252871498187
37,T_4,C_4_5,0.22,0.83,1,0,True,-1,46.98765288007534,0.47151612301024415
7,T_2,C_2_2,0.39,0.81,0,0,True,1,-17.71246051018438,0.5387783413982752
39,T_4,C_4_1,0.05,0.9,1,0,True,1,13.852635682180248,0.6381274065336877
5,T_4,C_4_2,0.0,0.95,1,0,False,1,10.63602408746241,0.454701749054456
36,T_4,C_4_2,0.0,0.8,1,0,True,1,32.806532388901125,0.44252766766805146
44,T_5,C_5_7,0.91,0.9,1,0,False,1,12.969828640096825,0.5955977967728885
1,T_5,C_5_7,0.86,0.81,1,0,True,1,10.67024580930754,0.49006969842944936
17,T_6,C_6_4,0.0,0.0,1,0,False,-1,28.167238451832816,0.615660454032182
8,T_5,C_5_7,0.85,0.79,1,0,False,-1,1.1704154190345601,0.4858694201600709
25,T_6,C_6_4,0.0,0.0,0,0,False,-1,-37.48868320072401,0.5219341756177739
2,T_5,C_5_5,0.85,0.79,0,0,False,1,-31.955194277324384,0.5247168535465752
14,T_4,C_4_2,0.0,0.41,0,0,True,-1,-31.111352678637996,0.37355289653261764
21,T_4,C_4_1,0.16,0.37,0,0,True,1,-26.020435304779095,0.4708806202142357
6,T_5,C_5_7,0.81,0.76,0,0,False,-1,-13.446422347499823,0.4805314652827789
33,T_4,C_4_2,0.0,0.41,0,0,True,-1,-16.640242229609992,0.4114605736773347
4,T_5,C_5_7,0.79,0.83,0,0,False,1,-69.60160512574161,0.5259749231698772
27,T_4,C_4_2,0.0,0.56,0,0,True,-1,-21.88430594740737,0.44131076705786865
26,T_6,C_6_4,0.0,0.0,0,0,False,1,-12.424533985884075,0.5518510872911679
45,T_2,C_2_2,0.22,0.97,0,0,True,1,-25.56826438110084,0.5673391896737576
34,T_4,C_4_2,0.0,0.79,0,0,True,1,-45.117838053383814,0.4011086650800593
13,T_4,C_4_2,0.0,0.61,0,0,True,-1,-5.640936599117503,0.4045441527503817
35,T_4,C_4_2,0.0,0.86,0,0,True,-1,-45.84469289788571,0.35342315751773545
30,T_5,C_5_7,0.88,0.77,1,0,False,-1,7.328237031550147,0.49770966043366766
42,T_3,C_3_10,0.96,0.0,0,0,False,1,-48.29659753848822,0.6015067751278877
40,T_4,C_4_1,0.3,0.81,0,0,True,1,-70.0173866128433,0.5398792063451869
22,T_5,C_5_1,0.0,0.8,0,0,True,1,-29.74442035915179,0.5218339818086075
31,T_7,C_7_8,0.0,0.0,0,0,False,1,-43.633531510253725,0.6238989343228032
43,T_5,C_5_7,0.82,0.79,0,0,False,1,-54.16078570237291,0.4889792234804106
9,T_4,C_4_3,0.04,0.23,1,0,False,1,7.029994370328664,0.4887195316983514
49,T_6,C_6_4,0.88,0.0,0,0,False,1,-41.99538907379197,0.592429705590293
12,T_6,C_6_4,0.74,0.0,0,0,False,1,-34.656707205666685,0.48823050066455276
11,T_4,C_4_1,0.16,0.55,0,0,False,-1,-38.56087209430941,0.5616411058678402
48,T_4,C_4_2,0.0,0.71,1,0,True,-1,32.682229699279894,0.41857342723354074
3,T_5,C_5_7,0.48,0.0,1,0,False,-1,22.075167340151406,0.48326316505389577
24,T_5,C_5_7,0.8,0.0,0,0,False,1,-15.3933004365071,0.496597338007027
46,T_5,C_5_5,0.4,0.0,0,0,False,1,-3.149419643733585,0.5838284633319141
8,T_5,C_5_1,0.0,0.42,1,0,True,1,47.161128248832426,0.515112664390213
32,T_5,C_5_7,0.63,0.46,0,0,False,1,-27.19339348020973,0.5379072118037812
6,T_5,C_5_1,0.0,0.0,0,0,True,-1,-14.401904104446276,0.5388784644764448
37,T_4,C_4_2,0.0,0.14,1,0,True,-1,53.30355104073399,0.4414509771755437
0,T_5,C_5_7,0.68,0.27,0,0,False,-1,-28.40783442320091,0.5612172501354988
19,T_6,C_6_4,0.74,0.0,1,0,False,-1,22.188678509443015,0.5312420635032258
29,T_6,C_6_4,0.7,0.0,1,0,False,-1,16.111970114753106,0.525116033071036
16,T_6,C_6_4,0.72,0.0,0,0,False,-1,-23.27768333187366,0.506327657174475
47,T_4,C_4_2,0.74,0.04,1,0,False,-1,39.77006889787686,0.44044315090836106
18,T_5,C_5_7,0.4,0.0,1,0,False,1,13.071691944748654,0.5751636916232115
17,T_6,C_6_2,0.0,0.91,0,0,True,1,-32.88922640079749,0.658114617977014
28,T_5,C_5_7,0.02,0.39,1,0,False,1,49.447055277871904,0.4779017414267458
41,T_5,C_5_7,0.34,0.63,0,0,False,-1,-24.090867477237968,0.5364419163149088
10,T_4,C_4_3,0.33,0.36,0,0,False,-1,-16.51485151778972,0.4562854180810741
7,T_3,C_3_9,0.88,0.6,0,0,False,-1,-33.18618875974651,0.5670918259463469
38,T_5,C_5_1,0.0,0.0,1,0,True,1,22.699013762881485,0.4565218207902706
20,T_5,C_5_7,0.73,0.58,0,0,False,-1,-37.91690795355676,0.5955984809141361
14,T_4,C_4_5,0.56,0.88,0,0,True,1,-36.354361691528624,0.504896527777071
25,T_6,C_6_2,0.0,0.81,0,0,True,-1,-23.18863139751017,0.5701671800984864
23,T_5,C_5_7,0.17,0.26,1,0,False,-1,8.60722659065548,0.40355994400321876
5,T_5,C_5_7,0.8,0.55,1,0,False,1,1.394444454092881,0.6432758227964632
39,T_5,C_5_5,0.43,0.49,0,0,False,1,-5.347610239181317,0.6299942987913156
15,T_6,C_6_2,0.0,0.96,1,0,False,1,10.834407182577424,0.7418357672187053
33,T_4,C_4_3,0.05,0.79,1,0,True,-1,4.217090970984435,0.46511939631344534
3,T_5,C_5_1,0.74,0.68,0,0,True,-1,-13.888873849837097,0.5161698678294931
21,T_5,C_5_1,0.72,0.0,0,0,False,-1,-8.035105687496698,0.48719198640697503
36,T_5,C_5_7,0.48,0.0,1,0,False,-1,6.1079475151137395,0.45753361721756736
2,T_6,C_6_2,0.0,0.82,1,0,False,-1,11.560150106002146,0.546074399984993
44,T_6,C_6_4,0.06,0.91,1,0,False,1,35.72194029818881,0.6247319790298541
26,T_7,C_7_8,0.78,0.0,1,0,False,-1,5.3549217706008445,0.5487774888495629
30,T_5,C_5_5,0.18,0.46,0,0,True,1,-17.175766560052065,0.5533254205477626
35,T_4,C_4_5,0.17,0.96,1,0,True,1,28.380530606558857,0.48403537333583124
27,T_4,C_4_5,0.02,0.86,1,0,True,1,8.73847740166288,0.450725244790196
45,T_3,C_3_9,0.97,0.01,0,0,False,1,-5.488305510558813,0.6645294579789579
13,T_4,C_4_5,-0.04,0.37,1,0,True,1,37.54484175843571,0.426050220503894
1,T_6,C_6_2,0.0,0.84,1,0,False,-1,22.77456582942878,0.5583463409275058
4,T_6,C_6_4,0.19,0.86,0,0,False,1,-5.872619297872901,0.5379983105702613
42,T_4,C_4_5,-0.09,0.48,1,0,False,1,1.5696832083964822,0.5364615014947596
6,T_5,C_5_5,0.15,0.74,1,0,True,1,10.394155167609894,0.5738321365393172
0,T_5,C_5_5,0.28,0.24,1,0,True,-1,42.863978604984844,0.5573654267784205
11,T_4,C_4_5,-0.37,1.08,1,0,True,1,44.52569173634927,0.5921606316384491
48,T_4,C_4_1,0.05,0.76,1,0,True,1,43.8968707756506,0.6124684235441722
34,T_5,C_5_5,0.82,0.8,0,0,False,-1,-9.399488096917887,0.5486196687189814
22,T_6,C_6_4,0.68,0.82,0,0,False,1,-12.418990688227414,0.5585155499081014
37,T_4,C_4_1,-0.35,0.77,1,0,True,1,32.72240095267201,0.4671565641205834
43,T_6,C_6_4,0.28,0.82,1,0,False,1,60.82728412156855,0.5525137036635863
46,T_6,C_6_2,0.78,0.32,0,0,False,-1,-48.31685736491702,0.571143855730403
47,T_4,C_4_5,0.5,0.2,1,0,True,-1,53.94666236910096,0.5736402879998783
41,T_5,C_5_1,0.32,0.39,1,0,True,-1,47.41848317834952,0.5170263492946018
9,T_5,C_5_7,0.29,0.06,0,0,False,-1,-1.96238165602363,0.5329393836969041
49,T_7,C_7_8,0.9,0.0,0,0,False,-1,-20.614555569067115,0.6337269494683958
31,T_8,C_8_2,0.0,0.0,1,0,False,1,32.6634253748813,0.5467298832937589
10,T_4,C_4_1,0.0,0.2,0,0,True,-1,-6.426659442819756,0.5409866546292106
20,T_5,C_5_1,0.66,0.54,1,0,True,1,17.577353338306366,0.5955616971930059
23,T_5,C_5_1,0.85,0.0,1,0,True,1,8.816228924671993,0.3956246308175235
29,T_6,C_6_2,0.0,0.74,1,0,True,-1,52.66057334005713,0.5542218610062357
24,T_6,C_6_2,0.77,0.03,0,0,False,1,-19.573356006806456,0.6031236338939983
8,T_6,C_6_2,0.75,0.0,1,0,False,1,0.9703424706432697,0.5358427652310339
12,T_7,C_7_8,0.78,0.0,0,0,False,1,-24.711657018342486,0.5634587290441089
16,T_6,C_6_2,0.0,0.76,1,0,True,1,53.11537076416785,0.47969251129302337
40,T_5,C_5_5,0.91,0.28,0,0,False,1,-20.094990351675804,0.6021997600991049
7,T_3,C_3_10,0.64,0.66,0,0,True,-1,-11.234120786458423,0.5111144648199428
19,T_6,C_6_2,0.0,0.78,1,0,True,1,46.398100455024576,0.5486049569175733
3,T_5,C_5_5,0.38,0.0,0,0,True,1,-11.117775440516692,0.5284415202474205
32,T_6,C_6_2,0.68,0.0,0,0,False,-1,-10.415552086161696,0.5396327257216482
26,T_7,C_7_6,0.0,0.0,0,0,True,1,-16.593490075912257,0.5183671619595449
36,T_5,C_5_1,0.27,0.0,0,0,True,-1,-4.801369505693311,0.48876556068561694
17,T_7,C_7_8,0.27,0.0,0,0,False,1,-13.65973860440576,0.6874572213066739
21,T_5,C_5_5,0.73,0.16,0,0,True,-1,-33.552469648885726,0.4953504069597332
33,T_4,C_4_1,-0.08,0.48,0,0,True,1,-7.019538318282712,0.5604229074901421
25,T_6,C_6_5,0.0,0.08,0,0,True,-1,-29.097788070181586,0.5347239355615281
18,T_6,C_6_2,0.31,0.0,0,0,False,1,-18.128046234728238,0.6114405699881407
28,T_6,C_6_2,0.31,0.0,1,0,False,-1,31.92288657442115,0.5237999119933072
15,T_7,C_7_6,0.0,0.0,1,0,False,1,27.158689706155315,0.7226106994614727
49,T_7,C_7_6,0.0,0.87,0,0,True,-1,-62.22272726526442,0.640831944052154
2,T_6,C_6_5,0.0,0.45,0,0,True,-1,-35.958241845306425,0.5217630779396695
5,T_6,C_6_2,0.49,0.0,1,0,False,-1,29.939319329951907,0.6256275751846376
1,T_6,C_6_5,0.0,0.0,1,0,True,1,5.115015240862472,0.5327150736308964
14,T_5,C_5_7,0.98,0.91,1,0,False,1,14.76813031048987,0.5589376460317405
39,T_6,C_6_2,0.53,0.0,0,0,False,-1,-22.80494991474439,0.6315147472889346
38,T_6,C_6_2,0.21,0.0,0,0,False,1,-5.6524624018273455,0.48699980325521064
34,T_5,C_5_7,0.22,0.12,1,0,True,-1,2.16173938552443,0.555094918554281
0,T_5,C_5_1,0.27,0.47,1,0,True,1,14.871171334123751,0.5932302670271876
41,T_5,C_5_10,0.0,0.61,0,0,True,-1,-22.19131178582319,0.4862074148398494
45,T_4,C_4_1,0.29,0.46,0,0,False,1,-21.62844863085392,0.5841441391922467
27,T_5,C_5_1,0.41,0.06,0,0,False,-1,-28.407809397839888,0.45542132748776015
30,T_6,C_6_2,0.41,0.31,0,0,False,-1,-13.443355128863157,0.5483789909637811
44,T_7,C_7_6,0.0,0.89,0,0,False,1,-31.311734321034464,0.6588619999879934
4,T_7,C_7_8,0.17,0.82,0,0,False,1,-17.99663058981441,0.6542543484647959
35,T_5,C_5_5,0.71,0.71,0,0,False,1,-4.3336504875129584,0.5537293107278307
46,T_6,C_6_4,0.26,0.79,1,0,True,1,11.80509439718465,0.5369030006797681
9,T_5,C_5_5,0.48,0.11,1,0,True,1,4.04609634793009,0.571606632354551
42,T_5,C_5_5,0.28,0.0,0,0,False,-1,-5.127392769273483,0.6016512299231797
47,T_4,C_4_1,0.12,0.27,0,0,True,-1,-2.899642243695353,0.5837253100266129
10,T_4,C_4_5,0.2,0.13,1,0,True,1,3.770111769161204,0.5162797699657791
7,T_3,C_3_5,0.43,0.43,1,0,True,-1,25.081476693017386,0.6042886660505241
13,T_5,C_5_1,0.47,0.4,1,0,False,-1,26.200524312065006,0.43951393613423145
37,T_5,C_5_1,0.78,0.27,1,0,False,1,25.723277102738468,0.4857036574035556
22,T_7,C_7_6,0.0,0.78,1,0,False,-1,1.7722883460474153,0.5190142349296306
43,T_7,C_7_6,0.82,0.77,0,0,False,1,-0.7203410507174288,0.5233787006932104
6,T_6,C_6_5,0.0,0.59,1,0,False,-1,7.538349798561389,0.491962922138647
29,T_6,C_6_5,0.0,0.53,0,0,True,-1,-6.5273096918323965,0.518569906903485
48,T_5,C_5_5,0.81,0.11,1,0,False,1,33.4678190723044,0.5555905238682038
11,T_5,C_5_7,0.7,0.86,0,0,False,1,-19.572488522103555,0.6200519766669788
36,T_5,C_5_5,0.13,0.02,0,0,True,1,-9.107261966761524,0.5336858206643441
49,T_7,C_7_11,0.0,0.87,1,0,True,1,18.199239503134795,0.6586848438471893
23,T_6,C_6_5,0.0,0.49,1,0,False,1,11.46302608963607,0.43068566616232384
31,T_9,C_9_1,0.0,0.0,0,0,False,-1,-31.22413319569053,0.632223180946548
32,T_6,C_6_4,0.45,0.52,1,0,True,1,21.44733375122906,0.5527960766526561
8,T_7,C_7_6,0.37,0.78,0,0,False,1,-19.464797096105453,0.5401815736178337
20,T_6,C_6_2,0.74,0.69,0,0,False,1,-12.210027605931185,0.6455505351428128
16,T_7,C_7_6,0.23,0.71,1,0,False,1,21.969258776616677,0.5258073108523352
21,T_5,C_5_7,0.2,0.06,0,0,True,-1,-6.7688449795127905,0.4534982736068569
24,T_7,C_7_6,0.14,0.77,1,0,False,-1,16.159045462940764,0.5840442732748117
19,T_7,C_7_6,0.16,0.73,1,0,False,-1,12.96389656536256,0.5273558431824787
25,T_6,C_6_9,0.0,0.23,1,0,True,-1,4.139758634328073,0.4356735374449362
40,T_6,C_6_4,0.78,0.69,1,0,False,1,5.389891954986839,0.5691838437830486
28,T_6,C_6_4,0.03,0.94,0,0,True,1,-15.227423488896015,0.5563507577207545
18,T_7,C_7_6,0.91,0.79,0,0,False,1,-10.793974458338177,0.5744453622901124
2,T_6,C_6_9,0.0,0.75,0,0,True,-1,-20.976515792291522,0.4612167466848413
39,T_6,C_6_4,0.17,0.54,0,0,True,-1,-13.75084393223953,0.5974150938857603
5,T_6,C_6_4,0.51,0.89,0,0,True,1,-15.197358350262343,0.6171138730304933
34,T_5,C_5_1,0.08,0.21,0,0,True,1,-14.838371462394624,0.6131724069476037
3,T_6,C_6_4,0.34,0.46,1,0,False,-1,9.753538554420885,0.5060310505464294
41,T_5,C_5_5,0.1,0.58,1,0,True,1,11.551768638054774,0.5711950839408048
12,T_8,C_8_2,0.72,0.0,0,0,False,-1,-5.880295861020052,0.4490575165093224
27,T_5,C_5_7,0.06,0.07,1,0,True,1,2.986048842486714,0.4700126876965164
26,T_8,C_8_2,0.73,0.0,0,0,False,1,-13.202695513778789,0.5028909485032926
42,T_5,C_5_7,0.2,0.01,1,0,True,-1,8.213580827088888,0.5222056367751249
15,T_8,C_8_2,0.94,0.0,0,0,False,1,-17.27051414878464,0.7106533457144308
22,T_7,C_7_11,0.0,0.78,0,0,True,1,-9.81924611127414,0.5233138642301371
33,T_5,C_5_5,0.48,0.16,0,0,False,1,-17.411854775569623,0.5838053103614533
7,T_3,C_3_2,0.0,0.59,0,0,True,1,-9.318211576663272,0.5344914712263127
13,T_5,C_5_2,0.0,0.37,0,0,True,1,-14.304951177064403,0.4121954007984798
17,T_8,C_8_2,0.89,0.0,1,0,False,1,5.590372635962601,0.6307829145059259
30,T_6,C_6_9,0.0,0.8,0,0,True,1,-14.591014758107566,0.5737189157084633
1,T_7,C_7_6,0.49,0.8,1,0,False,1,2.486618369751005,0.5696215790777367
38,T_7,C_7_6,0.72,0.65,1,0,False,1,6.218257888280698,0.48794178128135
14,T_6,C_6_4,1.03,0.79,1,0,False,1,8.011455167192258,0.5696547865043124
47,T_4,C_4_3,-0.27,0.38,1,0,True,-1,3.398704686565222,0.5316545511523338
45,T_5,C_5_5,0.62,0.37,0,0,False,1,-2.1015190104994383,0.5492588962983783
6,T_6,C_6_4,0.05,0.92,0,0,True,-1,-13.782210505924201,0.5522017874098057
31,T_9,C_9_17,0.0,0.0,0,0,True,1,-1.5185806218738591,0.6545366118405288
0,T_6,C_6_4,0.44,0.91,0,0,False,1,-11.163807432977435,0.5643122368157447
21,T_5,C_5_2,0.0,0.0,1,0,True,-1,31.89781069513534,0.3291214171772162
24,T_7,C_7_11,0.77,0.04,1,0,True,1,26.549193028243913,0.5668046309038799
46,T_7,C_7_11,0.75,0.8,0,0,False,1,-7.073933398747374,0.5370061596150901
29,T_6,C_6_9,0.0,0.71,1,0,True,-1,2.2912951689582033,0.4820467671668426
35,T_6,C_6_4,0.81,0.77,0,0,False,1,-5.9931139440367245,0.543407946080797
4,T_8,C_8_2,0.82,0.0,1,0,False,-1,2.4105248699794446,0.5461586062432756
10,T_5,C_5_1,0.2,0.01,1,0,False,1,27.32117975129762,0.5323742271039855
37,T_6,C_6_5,0.26,0.82,0,0,False,-1,-24.85100188053089,0.46003814219066586
44,T_8,C_8_2,0.89,0.0,1,0,False,1,25.20543277956142,0.6037267250925672
9,T_6,C_6_4,0.26,0.8,0,0,False,1,-19.253510634015722,0.5810856231103503
19,T_7,C_7_11,0.71,0.2,1,0,True,1,1.4244080866928548,0.5101286166929813
48,T_6,C_6_8,0.0,1.21,0,0,False,-1,-20.256190710970017,0.49147977466891746
25,T_6,C_6_8,0.0,0.83,0,0,True,-1,-10.484437029577805,0.3944831460146587
36,T_6,C_6_5,0.12,0.78,0,0,False,1,-11.894125280910892,0.5587109353539255
32,T_7,C_7_6,0.71,0.42,0,0,False,-1,-17.987757799287643,0.5495305893171187
23,T_7,C_7_11,0.61,0.59,0,0,False,-1,-18.868707220710206,0.4158893308900854
11,T_6,C_6_4,0.84,0.95,0,0,False,1,-26.464362077362527,0.6468878532385962
39,T_6,C_6_8,0.0,0.95,0,0,True,-1,-14.472591713323972,0.5322134703013794
20,T_7,C_7_11,0.96,0.6,0,0,False,1,-28.61678396966575,0.6337361121683098
42,T_5,C_5_2,0.0,0.23,0,0,True,-1,-13.654167147235864,0.4573831540484015
43,T_8,C_8_2,0.77,0.0,0,0,False,1,-7.099337091417603,0.5100334651286509
2,T_6,C_6_8,0.0,0.8,0,0,True,-1,-14.406503595834,0.40531823887067625
3,T_6,C_6_8,0.0,0.79,0,0,True,-1,-12.03070441515791,0.39228950373804594
49,T_8,C_8_2,0.87,0.89,0,0,False,1,-25.670991715856704,0.6014526394962563
8,T_8,C_8_2,0.78,0.81,1,0,False,1,0.6225937343747301,0.5129679475266116
28,T_7,C_7_6,0.92,0.96,1,0,False,-1,8.278947362074485,0.4980825839206543
40,T_7,C_7_11,0.91,0.49,0,0,False,1,-7.312955761991981,0.5882576471615375
16,T_8,C_8_2,0.71,0.75,1,0,False,-1,2.2499088663510562,0.5766016830586108
31,T_10,C_10_4,0.0,0.0,0,0,False,-1,-2.080111014364668,0.44662704992212665
5,T_7,C_7_6,1.19,0.64,0,0,False,-1,-2.2817472626559763,0.6179721487397388
18,T_8,C_8_2,0.48,0.82,1,0,False,1,19.993786412939677,0.5624044911405375
34,T_6,C_6_2,0.24,0.95,1,0,False,-1,13.991433978070052,0.5725622742910974
12,T_8,C_8_4,0.0,0.76,1,0,True,1,10.766423557685192,0.5301469267204539
21,T_5,C_5_8,0.0,0.0,1,0,True,1,18.296183318439432,0.4120716888171752
26,T_9,C_9_17,0.77,0.0,0,0,False,-1,-9.516139310067537,0.621921415694048
47,T_4,C_4_4,-0.93,0.51,1,0,True,1,20.000669240819303,0.5376546872988498
41,T_6,C_6_4,0.61,0.46,0,0,False,1,-21.500865702529843,0.5557701162362843
7,T_4,C_4_5,0.59,0.31,1,0,False,-1,15.729438167744904,0.498131699005976
27,T_6,C_6_4,0.28,0.32,0,0,False,1,-8.308536309902756,0.5493656841475077
6,T_6,C_6_9,0.01,1.0,1,0,True,1,18.355487158765797,0.499263312049752
22,T_8,C_8_2,0.8,0.81,1,0,False,1,3.0212627278032542,0.5027189069645936
30,T_7,C_7_11,0.96,0.0,0,0,False,1,-8.175669862618353,0.5670611894988966
23,T_7,C_7_6,0.51,0.86,1,0,True,-1,0.40930323934734325,0.4640297590959225
31,T_10,C_10_1,0.0,0.0,1,0,True,1,24.46453713046047,0.5535487015331046
33,T_6,C_6_8,0.0,0.74,1,0,False,1,38.86584432000298,0.4880954857838629
13,T_6,C_6_2,0.45,0.28,0,0,False,-1,-0.09331456169978303,0.4444893331128544
14,T_7,C_7_11,0.71,0.79,1,0,False,1,3.7717976322195153,0.5559366831153729
32,T_7,C_7_11,0.88,0.28,0,0,True,-1,-0.41993967270346033,0.5378435180083876
29,T_6,C_6_8,0.0,0.54,1,0,True,-1,17.93238514720485,0.3789824522363101
15,T_9,C_9_17,0.95,0.0,0,0,False,1,-6.3302255564642,0.792447256366174
17,T_9,C_9_17,0.91,0.0,1,0,False,-1,14.881808171833601,0.7048708939861659
37,T_6,C_6_4,0.49,0.33,0,0,True,-1,-2.700125914511874,0.5764012042857312
1,T_8,C_8_2,0.86,0.82,0,0,False,1,-7.416553554668329,0.5517159319609628
45,T_6,C_6_2,0.37,0.52,1,0,False,1,0.9661061584998514,0.5961793790241912
48,T_6,C_6_3,0.0,0.67,1,0,True,1,16.495441230207817,0.4677947535750644
42,T_5,C_5_8,0.0,0.15,1,0,True,-1,9.444560038376279,0.47296297288341865
39,T_6,C_6_3,0.0,1.14,1,0,True,-1,20.752987120170534,0.5028691703007098
38,T_8,C_8_2,0.72,0.0,1,0,False,1,6.8469037883762915,0.5363685870240915
0,T_7,C_7_6,0.66,0.85,0,0,False,1,-17.432128428643253,0.5688977494086516
28,T_7,C_7_11,0.17,1.02,0,0,True,-1,-6.735513342533473,0.47730327732899935
4,T_8,C_8_4,0.0,0.49,0,0,True,1,-15.446638911824332,0.5489234258367759
25,T_6,C_6_3,0.0,0.45,0,0,True,1,-12.345142490223806,0.44491302503133257
35,T_7,C_7_11,0.39,0.85,0,0,False,1,-16.5050744266987,0.5489828195049844
24,T_8,C_8_2,0.37,0.04,0,0,False,1,-16.378177613185496,0.5511108853018392
10,T_6,C_6_2,0.01,0.7,0,0,False,1,-5.005171787116871,0.5595797201555887
36,T_7,C_7_8,0.51,0.76,1,0,False,1,1.65556330601642,0.6382045063363211
44,T_9,C_9_17,0.26,0.87,1,0,False,1,1.1865940058376552,0.6515064946788778
5,T_7,C_7_11,0.5,0.93,0,0,True,1,-18.99296360540337,0.6244894205261379
3,T_6,C_6_3,0.0,0.59,0,0,True,1,-13.957643766891094,0.417381475052338
26,T_9,C_9_3,0.0,0.0,1,0,True,1,5.344682477000876,0.5096498815970507
9,T_7,C_7_11,0.5,1.0,1,0,False,1,16.936003720524198,0.5740894962043618
2,T_6,C_6_4,0.02,0.75,0,0,True,1,-17.94554767823808,0.5124652886947079
46,T_8,C_8_2,0.32,0.33,1,0,False,1,8.910573618406367,0.5396572702300276
11,T_7,C_7_11,0.58,0.95,0,0,False,1,-41.034687828303284,0.6032735595530139
19,T_8,C_8_2,0.39,0.12,1,0,False,1,4.731047582308572,0.5140659704899073
34,T_6,C_6_3,0.0,0.79,0,0,True,1,-11.079008643388317,0.49074656747081524
23,T_7,C_7_2,0.0,1.04,1,0,True,1,4.128198563818917,0.44659718934630727
16,T_8,C_8_4,0.0,0.0,0,0,True,1,-3.6813252457049224,0.5403468547182975
43,T_9,C_9_17,0.08,0.73,1,0,False,1,19.307721604613615,0.6228116257999177
15,T_10,C_10_1,0.93,0.0,1,0,False,-1,19.50204052376872,0.6596479164725317
17,T_9,C_9_3,0.0,0.87,0,0,True,1,-10.259693613369546,0.7036236934885155
40,T_8,C_8_4,0.89,0.48,0,0,False,-1,-28.982240771824955,0.5505144086893892
27,T_7,C_7_8,0.32,0.84,0,0,False,1,-22.904434649375983,0.6292393198540536
28,T_7,C_7_2,0.0,1.18,0,0,True,-1,-15.2720535779149,0.4998798050691938
47,T_5,C_5_8,0.83,0.47,0,0,False,-1,-33.023980015293034,0.5502516449416299
8,T_9,C_9_3,0.0,0.74,1,0,False,1,3.1390284392257684,0.5246950797769969
21,T_6,C_6_3,0.0,0.92,0,0,False,1,-21.70673056774333,0.4547043212396666
20,T_8,C_8_2,0.37,0.32,1,0,False,-1,0.8468478086465563,0.6382021010190191
6,T_7,C_7_6,0.62,0.85,0,0,False,1,-20.948692661301283,0.5048852400588238
13,T_6,C_6_3,0.0,0.12,0,0,True,-1,-10.914000975906578,0.3721140825351364
7,T_4,C_4_1,0.18,0.31,1,0,True,1,17.611796621329702,0.5307702676830606
32,T_7,C_7_8,0.13,0.81,1,0,True,1,6.377957494342528,0.5732202423932704
29,T_6,C_6_3,0.0,0.18,0,0,True,-1,-19.55785879752027,0.44246185485709266
49,T_9,C_9_17,0.09,0.85,1,0,False,1,13.591257468569744,0.6903244282611999
41,T_7,C_7_8,0.11,0.88,0,0,False,1,-19.04754689427392,0.5901226884703514
12,T_9,C_9_3,0.0,0.68,0,0,False,1,-24.22522546570251,0.5145571866456766
42,T_5,C_5_9,0.0,0.34,0,0,True,1,-26.286987097836278,0.5407902871764133
18,T_9,C_9_17,0.29,0.75,0,0,False,1,-26.760285747777104,0.6451730577609589
44,T_10,C_10_1,0.87,0.0,0,0,False,1,-31.177388164115214,0.593228875008929
39,T_6,C_6_9,0.08,0.79,0,0,True,1,-29.388686134780258,0.5904698516137881
43,T_10,C_10_1,0.24,0.0,0,0,False,1,-14.911505647755334,0.49702785901265356
38,T_9,C_9_3,0.85,0.0,1,0,False,1,7.220889922845961,0.5311233340488732
25,T_7,C_7_11,0.5,0.78,0,0,False,1,-25.04519221038682,0.5643047966870902
37,T_6,C_6_3,0.0,0.11,0,0,True,-1,-15.755165941892972,0.38864304020086693
30,T_8,C_8_4,0.83,0.8,0,0,False,1,-28.373892682747645,0.5985186768957638
22,T_9,C_9_17,0.31,0.75,0,0,False,1,-23.63262625935329,0.6433944023007969
48,T_7,C_7_6,0.78,0.82,1,0,False,-1,12.321835657144028,0.598096595046174
1,T_9,C_9_3,0.87,0.22,0,0,False,1,-18.879485407738432,0.6081666376268715
4,T_9,C_9_3,0.88,0.17,0,0,False,1,-20.16458273428581,0.6284869522499823
14,T_8,C_8_2,0.96,0.92,1,0,False,-1,10.539479763825987,0.5167672405607636
28,T_7,C_7_3,0.0,1.26,0,0,True,-1,-6.5220567856179805,0.4996397305699584
45,T_7,C_7_11,0.56,0.69,1,0,False,1,3.700935111756735,0.6439673020716429
33,T_7,C_7_6,0.46,0.87,0,0,False,-1,-21.142733721379685,0.5255213237438843
8,T_10,C_10_1,0.02,0.0,1,0,False,-1,4.953805283347513,0.5533528907802243
15,T_10,C_10_2,0.0,0.0,1,0,True,-1,3.7926175586039736,0.5909832648632627
26,T_10,C_10_1,0.68,0.0,0,0,False,1,-24.346151840374116,0.5326511991806154
10,T_7,C_7_11,0.53,0.75,0,0,False,-1,-23.234415268030936,0.5662362542122363
17,T_10,C_10_1,0.12,0.0,0,0,False,1,-8.904058217514113,0.5943306693458803
9,T_8,C_8_2,1.13,1.01,0,0,False,1,-13.578525543720133,0.5635001114614289
46,T_9,C_9_3,0.9,0.33,0,0,False,1,-12.501702864714954,0.5994234535258816
24,T_9,C_9_3,0.92,0.11,0,0,False,1,-7.848733877053492,0.5796766524083492
29,T_6,C_6_6,0.0,0.25,1,0,True,-1,16.10801033650545,0.4416113077767295
19,T_9,C_9_3,0.9,0.37,0,0,False,-1,-10.515417642431204,0.5356699104240252
11,T_8,C_8_2,0.86,1.05,0,0,False,1,-4.3538101641587055,0.6038843129427267
48,T_7,C_7_8,0.41,0.83,1,0,True,1,15.851380971751796,0.6548246022926092
35,T_8,C_8_4,0.91,0.94,0,0,False,1,-38.21092079074954,0.47630931627293505
15,T_10,C_10_3,0.0,0.0,1,0,True,-1,46.811868857275,0.6315567870571784
12,T_10,C_10_1,0.38,0.0,0,0,False,-1,-13.66192129902603,0.4832957592029249
0,T_8,C_8_4,0.9,0.96,0,0,False,1,-24.65995143490212,0.5478579412852347
18,T_10,C_10_2,0.0,0.0,1,0,False,-1,4.705353978696378,0.4602055467490248
20,T_8,C_8_4,0.48,1.07,1,0,True,-1,20.734497854868682,0.6404352125868062
1,T_10,C_10_1,0.35,0.0,0,0,False,-1,-7.655439483466171,0.5533804136539071
22,T_10,C_10_1,0.22,0.0,1,0,False,1,6.57617744426755,0.5166313716375035
21,T_7,C_7_11,0.97,0.93,1,0,False,1,9.699247391046775,0.5322269859768122
49,T_10,C_10_1,0.27,0.0,0,0,False,-1,-23.945941274057258,0.5803760126216573
8,T_10,C_10_2,0.0,0.0,1,0,True,1,2.0114335815493156,0.4056005874304397
34,T_7,C_7_11,1.09,0.61,0,0,False,1,-3.57541027892265,0.6378953386445696
40,T_8,C_8_2,0.37,0.99,0,0,True,1,-3.5079946262737067,0.5253414378814478
2,T_7,C_7_8,1.03,0.3,0,0,False,-1,-9.719349513757615,0.5901678691140241
38,T_10,C_10_2,0.0,0.0,1,0,False,1,6.102168828140959,0.3779928726784734
4,T_10,C_10_1,0.25,0.0,1,0,False,1,26.113849055294807,0.49105246459174934
3,T_7,C_7_11,0.34,0.44,0,0,False,-1,-16.55748387705348,0.5288311871773503
13,T_6,C_6_6,0.0,0.59,1,0,True,-1,15.233320510202732,0.3879880371873138
5,T_8,C_8_4,1.05,1.03,0,0,False,1,-40.81922466981252,0.592862520646564
36,T_8,C_8_2,0.87,0.88,0,0,False,-1,-27.3708364331632,0.551742139422163
16,T_9,C_9_3,0.98,0.12,0,0,False,-1,-15.360694020828273,0.5867427178663356
23,T_8,C_8_2,1.17,0.89,1,0,False,-1,10.226735065085432,0.4321212508143653
47,T_5,C_5_5,0.51,0.16,0,0,True,1,-26.321614974614462,0.5761596373853369
41,T_8,C_8_4,0.5,0.78,1,0,False,-1,11.503383896211702,0.5342145272842941
33,T_7,C_7_8,0.57,0.48,1,0,True,-1,4.635334830802246,0.6194414665701504
29,T_6,C_6_7,0.0,0.44,1,0,True,-1,19.321542105130455,0.37658809375308017
32,T_8,C_8_4,0.39,0.96,1,0,False,1,18.32832473358348,0.5294103157819015
14,T_8,C_8_4,0.31,1.08,0,0,True,-1,-4.423813285100959,0.4727231141463841
39,T_7,C_7_11,0.4,0.75,1,0,False,-1,15.227587632846358,0.6488265423164383
27,T_8,C_8_4,0.7,0.93,0,0,False,1,-30.367136401527485,0.5181057187835589
6,T_8,C_8_2,0.57,1.12,0,0,False,1,-35.660025659748456,0.5516997948471993
15,T_10,C_10_5,0.0,0.0,1,0,True,1,25.513828419087123,0.5947250916711064
37,T_6,C_6_6,0.0,0.44,0,0,True,1,-14.754667810841159,0.4037624894402654
42,T_6,C_6_4,0.23,0.94,0,0,False,1,-2.6347376507496367,0.5934798955197542
18,T_10,C_10_5,0.0,0.0,1,0,True,-1,26.853471347785867,0.4617513174288973
24,T_10,C_10_5,0.0,0.0,1,0,False,-1,22.573410728669444,0.45383705499659677
19,T_9,C_9_17,0.69,0.0,1,0,True,-1,23.974578105939774,0.6396288873006166
25,T_8,C_8_2,0.44,1.1,0,0,False,1,-6.567456316885799,0.5160035472763435
1,T_10,C_10_5,0.0,0.0,1,0,True,1,23.448873955632976,0.42813250887553966
30,T_9,C_9_3,0.48,0.0,1,0,False,1,9.340444544154833,0.6438621307591872
10,T_7,C_7_8,0.14,0.84,1,0,True,1,7.0297989350576655,0.6250570016349589
12,T_10,C_10_5,0.0,0.0,1,0,True,-1,6.7121009005087835,0.4095013934788797
46,T_10,C_10_1,0.37,0.0,0,0,False,-1,-4.222658067399358,0.4535147156302498
7,T_5,C_5_9,0.75,0.17,1,0,False,-1,7.017108229817013,0.5178160103319767
45,T_8,C_8_4,0.71,1.1,1,0,False,-1,40.89311831774518,0.5944721330231736
49,T_10,C_10_5,0.0,0.0,1,0,True,-1,12.908093805363556,0.5046004507232243
28,T_7,C_7_8,0.25,1.04,0,0,True,-1,-16.76521600488159,0.5464734080123081
2,T_7,C_7_11,0.97,0.39,1,0,True,1,43.52135505523175,0.5379707657693519
9,T_9,C_9_3,1.31,0.01,1,0,False,-1,2.221695548971377,0.5776010619171201
11,T_9,C_9_3,0.74,0.49,0,0,False,-1,-15.339874541365822,0.6870140781271152
18,T_10,C_10_1,0.09,0.0,1,0,True,-1,25.161786631657776,0.5663296211819598
13,T_6,C_6_7,0.0,0.26,0,0,True,1,-2.568611608414412,0.39567576831506845
12,T_10,C_10_2,-0.1,0.0,1,0,True,-1,10.998005770759152,0.3887927873745628
40,T_9,C_9_17,0.97,0.25,1,0,False,1,34.273009939134305,0.6302106238893987
3,T_7,C_7_8,0.63,0.05,1,0,True,-1,12.47895947148954,0.5713646502744596
20,T_8,C_8_5,0.0,0.88,0,0,True,1,-9.466179151425086,0.588897015423188
24,T_10,C_10_2,-0.01,0.0,1,0,True,-1,23.23940396017762,0.4414578041180865
39,T_7,C_7_8,0.11,0.79,0,0,True,1,-12.937001031491356,0.6705896787062182
19,T_9,C_9_12,0.0,0.35,1,0,True,1,37.371050249637996,0.5311137250516977
34,T_8,C_8_4,0.54,0.41,1,0,False,1,25.409373575497934,0.5950526120491245
16,T_9,C_9_17,0.19,0.27,1,0,True,1,1.711586409930936,0.6569640147241774
36,T_8,C_8_4,0.74,0.97,1,0,True,-1,5.882797530974322,0.46462178236075413
48,T_8,C_8_4,0.69,0.39,0,0,False,-1,-10.264036256414373,0.5522046941189201
0,T_9,C_9_17,0.43,0.26,1,0,False,1,8.103423214088583,0.6381900417218693
33,T_7,C_7_10,0.0,0.62,0,0,True,-1,-12.905818315414978,0.5194476646004236
46,T_10,C_10_5,0.51,0.0,1,0,True,1,26.260113639886253,0.34053024737873355
29,T_6,C_6_1,0.0,0.47,1,0,True,1,31.942268312340047,0.3157278194224956
49,T_10,C_10_2,-0.2,0.0,1,0,True,1,38.95961280994767,0.5218877611461086
35,T_9,C_9_3,1.18,0.52,0,0,False,-1,-19.97695183605181,0.5970852001333982
21,T_8,C_8_4,0.79,0.51,0,0,False,-1,-7.262019921944034,0.47928242412212074
23,T_8,C_8_4,0.25,0.95,1,0,True,-1,3.4853079912253797,0.3797537872728799
30,T_10,C_10_2,0.14,0.0,1,0,False,-1,33.135636741972505,0.41859082040867757
5,T_9,C_9_3,1.11,0.05,1,0,False,1,34.250170608910416,0.6733469822174825
14,T_8,C_8_5,0.0,0.88,1,0,True,1,14.489373864823033,0.47853670278210875
47,T_6,C_6_9,0.32,0.45,0,0,False,-1,-29.771012708394146,0.5389781604566561
24,T_10,C_10_1,-0.24,0.0,0,0,True,1,-7.439922847385263,0.5713457606328349
32,T_9,C_9_17,0.75,0.19,0,0,False,1,-10.152877513871573,0.5853376487575612
11,T_9,C_9_17,0.42,0.69,0,0,True,-1,-12.401846470933862,0.6707464826403158
41,T_8,C_8_2,0.1,0.51,1,0,True,-1,31.464967744948616,0.5133599930545315
28,T_7,C_7_10,0.0,0.64,0,0,True,-1,-10.510628971332252,0.46810453306556304
7,T_5,C_5_1,0.31,0.17,0,0,True,-1,-10.168158962853129,0.5102023959726594
18,T_10,C_10_3,-0.68,0.0,1,0,True,-1,48.52816340204168,0.49067997024431176
37,T_7,C_7_6,0.15,0.8,0,0,False,1,-38.53904497429798,0.5384504819682371
40,T_10,C_10_1,0.21,0.0,1,0,False,-1,3.2063120737547326,0.519624756550902
9,T_9,C_9_17,0.38,0.21,1,0,True,1,11.326398308348189,0.6595373429461231
12,T_10,C_10_3,-0.54,0.0,1,0,True,-1,12.438152899962983,0.41223975264829077
42,T_7,C_7_8,0.62,0.71,0,0,False,-1,-9.078048115818707,0.664778955072706
27,T_9,C_9_3,0.47,0.41,0,0,False,-1,-29.13529101840663,0.5870894188951727
6,T_9,C_9_3,0.66,0.4,0,0,False,1,-5.347005461790268,0.5599605539948751
25,T_9,C_9_12,0.72,0.08,1,0,False,-1,22.075854033108108,0.5223392582329441
3,T_7,C_7_10,0.0,0.65,0,0,True,-1,-9.15200627528165,0.4888819699744672
19,T_10,C_10_1,0.36,0.0,1,0,False,-1,12.433193861225481,0.5299115173864689
16,T_10,C_10_2,0.31,0.0,1,0,False,-1,4.8693643575918895,0.4472667667983024
30,T_10,C_10_5,-0.19,0.0,1,0,True,1,12.633607980836363,0.4406891908271139
35,T_9,C_9_17,0.73,0.13,1,0,True,1,14.071954006021103,0.6086131351752255
32,T_10,C_10_1,0.19,0.0,1,0,False,1,15.020508323654987,0.5398929524809748
11,T_9,C_9_12,0.88,0.72,0,0,True,1,-23.996169792832415,0.6445730585033993
2,T_8,C_8_5,0.63,0.77,1,0,False,1,5.700751891419724,0.4830918029381573
48,T_8,C_8_5,0.72,1.09,1,0,True,1,18.974324729308215,0.5044811954035439
39,T_8,C_8_5,0.79,1.23,1,0,False,-1,12.838532119646999,0.5272784022381208
0,T_10,C_10_2,0.31,0.0,1,0,False,-1,23.163527751956053,0.45003947569172226
13,T_7,C_7_2,0.05,0.68,1,0,False,-1,14.403530262322192,0.4850499257105543
18,T_10,C_10_4,-0.76,0.0,1,0,True,-1,13.678516666141768,0.46491656986023056
36,T_8,C_8_5,0.63,0.76,0,0,True,-1,-17.906748401832992,0.47307280243774275
12,T_10,C_10_4,-0.7,0.0,1,0,True,1,7.142052102872649,0.351727816297533
34,T_9,C_9_12,0.82,-0.18,1,0,False,1,20.088693316688417,0.6111528009883601
40,T_10,C_10_2,-0.05,0.0,1,0,True,-1,5.381911832426906,0.4764834097616719
9,T_10,C_10_2,0.33,0.0,1,0,False,-1,17.57252513478086,0.4653464790092223
10,T_8,C_8_2,0.69,0.82,1,0,False,1,14.788462075403622,0.5869634765508747
45,T_8,C_8_5,0.0,0.82,1,0,True,1,13.93690597848066,0.5518520016507282
33,T_7,C_7_13,0.0,0.8,0,0,True,-1,-14.848012885314365,0.5581305992084316
28,T_7,C_7_13,0.0,0.77,1,0,True,-1,17.21644841658943,0.49279405677061267
5,T_10,C_10_5,0.12,0.0,1,0,False,-1,29.27515980511231,0.5149019016657503
20,T_9,C_9_12,0.95,0.04,0,0,False,-1,-0.45815921924389613,0.6414656313383547
19,T_10,C_10_2,-0.23,0.0,1,0,True,-1,22.035272515456064,0.38585423049018464
6,T_10,C_10_5,0.75,0.0,0,0,False,-1,-31.307545454977998,0.37402763575295694
27,T_9,C_9_12,0.81,0.43,0,0,True,1,-16.815675536278818,0.5554948548509828
25,T_9,C_9_17,0.77,0.24,0,0,True,-1,-15.914280056463898,0.5683839881626471
3,T_7,C_7_13,0.0,0.83,0,0,True,-1,-21.712192225669305,0.4712095735471573
29,T_7,C_7_8,0.18,0.79,1,0,False,1,16.08488070875687,0.596314730089507
7,T_5,C_5_5,0.28,0.75,0,0,True,-1,-8.264987386539214,0.5298333074210204
42,T_7,C_7_11,0.42,0.83,0,0,True,1,-26.081511040985646,0.5290220270423669
47,T_6,C_6_1,0.82,0.44,1,0,True,1,9.269871982753376,0.3561601799381106
35,T_10,C_10_1,0.28,0.0,1,0,False,1,7.866387488673958,0.48924455371020836
23,T_8,C_8_5,0.54,0.18,0,0,True,1,-10.659663278057113,0.4013988757359902
0,T_10,C_10_1,0.29,0.0,1,0,True,-1,8.284097631503538,0.5312764928656442
21,T_8,C_8_5,0.63,0.34,0,0,True,1,-17.025315489821217,0.4302553930897366
16,T_10,C_10_5,0.44,0.0,1,0,True,-1,14.76783591527227,0.40317448128221434
41,T_8,C_8_5,0.8,0.59,1,0,True,1,10.081548856689405,0.4668924961113663
9,T_10,C_10_5,0.16,0.0,1,0,True,-1,8.417210336378554,0.42779183916689434
14,T_9,C_9_17,1.0,0.05,1,0,False,1,21.791489459792633,0.64031365823605
40,T_10,C_10_5,-0.2,0.0,1,0,True,-1,11.477188932209128,0.45113830416956174
13,T_7,C_7_6,0.11,0.42,1,0,True,-1,4.87963516941032,0.49499088598497515
11,T_10,C_10_1,0.62,0.0,0,0,False,1,-9.572595579557433,0.6390499070616357
34,T_10,C_10_4,-0.03,0.0,1,0,False,1,5.240970037074265,0.4786236280459756
5,T_10,C_10_1,-0.14,0.0,1,0,True,1,9.063069689204477,0.594373928270902
37,T_8,C_8_5,0.75,0.19,1,0,False,1,8.626074939291499,0.46486991512186315
6,T_10,C_10_1,-0.37,0.0,0,0,True,-1,-1.70215475537184,0.48373066270853365
19,T_10,C_10_5,0.2,0.0,1,0,True,-1,11.256294616086256,0.3965738884847508
20,T_9,C_9_3,0.68,-0.27,1,0,True,1,10.944785604085688,0.6504572181498571
27,T_10,C_10_1,0.46,0.0,0,0,False,1,-22.964127029669278,0.578201693590511
28,T_7,C_7_14,0.0,0.55,0,0,True,1,-8.18878629884302,0.4788184117129648
3,T_7,C_7_14,0.0,0.65,0,0,True,-1,-5.724581004487421,0.44536957104587077
0,T_10,C_10_4,-0.17,0.0,0,0,True,1,-1.33873625562899,0.4016989581070633
25,T_9,C_9_15,0.0,0.39,0,0,True,1,-18.42860760116148,0.509297587608415
39,T_8,C_8_2,0.67,1.32,1,0,True,1,17.54789143945025,0.649840423500733
33,T_7,C_7_14,0.0,0.55,1,0,True,-1,15.803400372259704,0.4709028403489631
36,T_8,C_8_3,0.0,0.26,0,0,True,-1,-19.872066267845476,0.4322739961009251
16,T_10,C_10_4,-0.01,0.0,1,0,True,1,20.977195886428568,0.4198569456859498
48,T_9,C_9_17,0.94,-0.42,1,0,False,1,30.35829931224789,0.6766544581837068
7,T_5,C_5_3,0.0,0.84,0,0,True,-1,-12.740122166172956,0.4698904888590004
2,T_9,C_9_12,0.22,0.57,0,0,False,-1,-8.074783520754627,0.5195922070982003
9,T_10,C_10_1,-0.17,0.0,1,0,True,-1,21.219347148238768,0.534539742555064
40,T_10,C_10_4,-0.38,0.0,1,0,True,-1,30.74859245045768,0.440054334402729
14,T_10,C_10_1,0.29,0.0,0,0,False,1,-8.805194122104863,0.5158131822433848
47,T_7,C_7_6,0.35,0.64,0,0,False,-1,-9.15786331489257,0.5759674979435673
19,T_10,C_10_4,-0.1,0.0,0,0,True,1,-16.932418684454742,0.42539192987184565
20,T_10,C_10_4,-0.14,0.0,1,0,False,1,22.485712379672115,0.5743018620881463
10,T_9,C_9_12,0.32,-0.02,0,0,False,-1,-16.574746362106524,0.5674559638645165
45,T_9,C_9_3,0.18,0.29,0,0,False,-1,-23.416469429810803,0.6792601836268977
25,T_10,C_10_1,0.16,0.0,1,0,False,-1,10.702793576628984,0.48932515332733684
3,T_7,C_7_4,0.0,0.86,1,0,True,-1,5.984180726169541,0.4277986146157827
29,T_8,C_8_5,0.77,0.76,0,0,False,-1,-9.37871288767678,0.4707045569728618
6,T_10,C_10_4,-0.37,0.0,1,0,True,1,7.344211716993875,0.45231823362093115
13,T_7,C_7_8,0.18,0.92,0,0,True,1,-25.257438669798802,0.5840951523440574
9,T_10,C_10_4,-0.16,0.0,1,0,True,1,8.126065077472157,0.48235661813925024
40,T_10,C_10_3,-0.89,0.0,1,0,True,-1,25.852059671076688,0.5299249085952772
42,T_8,C_8_2,0.28,0.8,0,0,False,1,-26.01680928904543,0.5873224418384465
33,T_7,C_7_4,0.0,0.59,1,0,True,-1,15.898341343866768,0.4539162692521324
21,T_9,C_9_15,0.73,0.35,0,0,False,-1,-18.280256540644473,0.46499757062439073
7,T_5,C_5_6,0.0,0.84,1,0,True,-1,33.337258314410334,0.49061912132830676
41,T_9,C_9_15,0.75,0.21,1,0,False,-1,17.12261326130806,0.5078469378806865
48,T_10,C_10_4,0.35,0.0,0,0,False,-1,-7.10923299741482,0.48300991028073004
23,T_9,C_9_15,0.71,0.31,0,0,False,1,-23.318991830841604,0.42471266594119905
25,T_10,C_10_4,-0.25,0.0,1,0,True,-1,18.012636323965072,0.3816074156639654
2,T_9,C_9_15,0.83,0.57,0,0,True,1,-1.4034694132374543,0.4897794663038523
47,T_7,C_7_8,0.34,0.48,0,0,True,1,-17.70143943288393,0.6571562001182091
37,T_9,C_9_15,0.76,0.52,0,0,False,1,-27.592687184863696,0.4816107654382615
3,T_7,C_7_1,0.0,0.78,1,0,True,1,13.700395184780128,0.45617452500029354
45,T_9,C_9_15,0.89,0.77,1,0,True,1,0.5785472888514178,0.6111011259395969
10,T_9,C_9_15,0.78,1.06,0,0,True,-1,-11.0365353614354,0.5341919401863926
48,T_10,C_10_5,-0.73,0.0,1,0,True,-1,51.40278703466005,0.45337121946303727
36,T_8,C_8_6,0.0,0.29,0,0,True,1,-23.341659068671753,0.40477816488874824
25,T_10,C_10_2,-0.51,0.0,1,0,True,1,30.21040720847972,0.45512542504543796
33,T_7,C_7_1,0.0,0.65,1,0,True,-1,7.588694861797229,0.5075436711862628
21,T_9,C_9_3,0.35,0.2,0,0,True,1,-4.028821767914534,0.5465288952702334
28,T_8,C_8_2,0.57,0.48,0,0,False,1,-12.660194029826016,0.5198112963943723
39,T_9,C_9_17,1.35,0.28,0,0,False,1,-34.453272511414646,0.7418780335375128
7,T_5,C_5_11,0.0,0.84,1,0,True,-1,4.023932196479889,0.48398597517015784
45,T_10,C_10_4,0.25,0.0,0,0,False,1,-11.433882433838594,0.5109211506631574
23,T_10,C_10_4,0.45,0.0,0,0,False,1,-21.625404086705952,0.3001825260555681
37,T_10,C_10_4,0.55,0.0,0,0,False,-1,-15.908206011972208,0.3805250742537206
2,T_10,C_10_1,0.34,0.0,0,0,False,-1,-10.191762926724163,0.5006703329403575
29,T_8,C_8_2,0.21,0.56,0,0,True,-1,-15.941325451895551,0.5309109004561561
48,T_10,C_10_1,-0.76,0.0,1,0,True,-1,24.449264054886953,0.5366870003922792
41,T_9,C_9_17,0.75,0.35,0,0,True,1,-13.540986188757465,0.6293296448027774
10,T_9,C_9_17,0.16,0.81,1,0,True,1,12.917353297692287,0.6771634297834614
33,T_7,C_7_5,0.0,0.71,1,0,True,1,41.26152589677038,0.49680007427288697
48,T_10,C_10_2,-0.67,0.0,1,0,True,1,42.96727818534354,0.5004186033025528
2,T_10,C_10_2,-0.39,0.0,1,0,True,-1,9.628792694918017,0.4294252261677625
39,T_10,C_10_4,0.15,0.0,1,0,False,-1,41.640710848232544,0.5420296187104858
37,T_10,C_10_1,0.16,0.0,1,0,True,1,12.731272871467855,0.5479806712402734
21,T_10,C_10_4,0.44,0.0,1,0,False,-1,13.440293773558043,0.40772150218509484
2,T_10,C_10_4,-0.38,0.0,1,0,True,-1,0.9269107213558598,0.3606209010315075
42,T_9,C_9_3,0.24,0.39,0,0,False,1,-29.262992449390484,0.6480355688113404
39,T_10,C_10_5,-0.39,0.0,1,0,True,-1,23.73479249475488,0.46280276660821823
7,T_5,C_5_13,0.0,0.84,0,0,True,-1,-33.47383202588264,0.438665462773858
13,T_8,C_8_5,0.57,0.26,0,0,False,1,-27.450096936083842,0.44471147057575766
21,T_10,C_10_5,-0.24,0.0,1,0,True,-1,24.20235023610082,0.32601112146167466
41,T_10,C_10_1,0.2,0.0,1,0,False,1,13.332449397456887,0.5329421793068169
39,T_10,C_10_1,-0.45,0.0,1,0,True,1,21.424939154984393,0.5447040696706866
2,T_10,C_10_5,-0.72,0.0,1,0,True,-1,18.60458054499785,0.3878584239651644
10,T_10,C_10_4,0.29,0.0,1,0,False,1,20.631902949369454,0.4602431082280082
21,T_10,C_10_1,-0.47,0.0,1,0,True,1,9.93403568890155,0.45095782433587195
36,T_9,C_9_15,0.69,0.39,0,0,False,-1,-48.18258022467627,0.5187052475620191
47,T_8,C_8_6,0.76,0.79,0,0,False,-1,-13.365044766774492,0.5125411137229453
42,T_10,C_10_1,0.58,0.0,0,0,False,1,-22.46340503233411,0.5699486605791679
3,T_8,C_8_5,0.78,0.76,0,0,False,-1,-14.173569756148492,0.44029235066144584
2,T_10,C_10_3,-0.84,0.0,1,0,True,1,6.237202822741582,0.47702368796706573
7,T_5,C_5_4,0.0,0.84,1,0,True,1,20.46794095482801,0.4446003209912519
28,T_9,C_9_3,0.61,0.39,1,0,False,-1,13.389849848537349,0.5117112932470128
29,T_8,C_8_6,0.68,0.56,1,0,True,-1,2.828252284622442,0.3938628812221516
36,T_9,C_9_3,0.17,0.45,0,0,True,1,-35.44964910327551,0.6370224944668348
28,T_9,C_9_17,0.58,0.39,1,0,True,-1,6.443478443525779,0.6142748668525024
36,T_10,C_10_1,0.45,0.0,0,0,False,1,-18.612768176268712,0.5617585637429107
33,T_8,C_8_6,0.71,0.81,1,0,False,1,15.093411351014126,0.46817815467849105
13,T_9,C_9_15,0.18,1.23,0,0,False,1,-18.490577908223514,0.4495932541889275
47,T_8,C_8_5,0.53,0.66,0,0,True,1,-24.966279852068016,0.5002095970960928
28,T_9,C_9_16,0.0,0.43,0,0,True,1,-17.23409842658206,0.47677080045664066
3,T_8,C_8_4,0.02,0.74,0,0,True,-1,-16.751284671757997,0.5033080188809287
13,T_10,C_10_4,1.23,0.0,0,0,False,1,-2.8188960824247458,0.3696155993606556
29,T_8,C_8_1,0.0,0.8,0,0,True,-1,-3.212215047942002,0.4115482437740286
28,T_10,C_10_1,0.43,0.0,0,0,False,-1,-1.9676029789764806,0.5070537251124012
7,T_6,C_6_1,0.84,0.77,1,0,False,1,22.568215452967394,0.30570077635278176
28,T_10,C_10_4,0.09,0.0,1,0,True,-1,13.777264208302476,0.395758862156104
28,T_10,C_10_2,-0.04,0.0,1,0,True,-1,15.44757524040304,0.38105126061810357
28,T_10,C_10_5,-0.45,0.0,1,0,True,-1,15.929712397989565,0.36586194973925723
28,T_10,C_10_3,-0.69,0.0,1,0,True,1,16.210580487237294,0.4190328856794742
33,T_9,C_9_16,0.84,-0.06,1,0,False,-1,1.1311686751017334,0.5579366054204036
3,T_8,C_8_1,0.0,0.74,1,0,True,-1,1.258314597848507,0.3863887743864086
47,T_9,C_9_16,0.88,0.93,0,0,False,-1,-2.353085357991019,0.5771382235146154
29,T_8,C_8_3,-0.68,0.33,0,0,True,-1,-6.365411188644845,0.48270764518321124
33,T_9,C_9_17,0.81,-0.06,1,0,True,-1,26.29510705826905,0.6700096926567917
7,T_7,C_7_5,0.77,0.29,1,0,False,-1,23.40627156884858,0.46669974923350194
47,T_9,C_9_3,0.66,0.93,1,0,True,-1,30.89385021624217,0.5983634012109387
33,T_9,C_9_3,0.34,-0.06,1,0,True,-1,22.87780743549351,0.5859677693888203
7,T_7,C_7_8,0.54,0.29,1,0,True,-1,21.72802168203128,0.60950142794221
47,T_9,C_9_17,0.5,0.93,1,0,True,-1,29.70904160755869,0.7153516368748942
3,T_8,C_8_6,-0.11,0.64,1,0,True,-1,22.122282397734867,0.42586339457036104
33,T_9,C_9_7,0.0,-0.06,1,0,True,1,20.40352896112714,0.5039893066810517
7,T_7,C_7_11,0.08,0.29,1,0,True,-1,18.40299534319757,0.5747261509325916
47,T_9,C_9_7,0.0,0.93,1,0,True,-1,28.11849643544576,0.5484604001964766
29,T_8,C_8_4,-1.01,0.75,1,0,True,-1,17.04231103320814,0.48444065145808524
33,T_10,C_10_3,-0.06,0.0,1,0,False,1,17.840571518438534,0.4637433537416391
7,T_7,C_7_1,0.04,0.29,1,0,True,-1,1.0068852745847163,0.4585405226495429
47,T_9,C_9_4,0.0,0.93,1,0,True,1,6.528336347463569,0.5971607850358011
7,T_7,C_7_12,0.0,0.29,0,0,True,-1,-22.590511677503372,0.4106378075282867
3,T_8,C_8_2,-0.13,0.72,0,0,True,-1,-15.905070657312079,0.4807026089411448
47,T_10,C_10_4,0.93,0.0,0,0,False,1,-23.45023537569677,0.5182142974235534
7,T_7,C_7_7,0.0,0.29,0,0,True,-1,-2.4027018869562946,0.4448832635485843
3,T_8,C_8_3,-0.8,0.72,0,0,True,-1,-3.7438159453117317,0.4657518168530162
29,T_9,C_9_4,0.75,0.51,1,0,False,-1,26.626876647107743,0.5105286477112728
7,T_7,C_7_9,0.0,0.29,1,0,True,-1,17.729381351463132,0.41424691854280876
29,T_9,C_9_3,0.23,0.51,1,0,True,1,22.50885534676152,0.5054572118801135
7,T_7,C_7_6,-0.36,0.29,0,0,True,1,-3.9024425880938622,0.5106779728920752
3,T_9,C_9_17,0.5,0.13,1,0,False,1,1.446234660583393,0.6092846030737917
29,T_10,C_10_4,0.51,0.0,0,0,False,1,-0.6402706178309199,0.44409376594138583
3,T_10,C_10_4,0.15,0.0,0,0,False,-1,-17.826364312848515,0.37643518552282174
3,T_10,C_10_1,-0.18,0.0,0,0,True,1,-3.7432567599288795,0.47480254667914457
7,T_8,C_8_5,0.29,0.42,1,0,False,-1,0.6174833079984516,0.4548920991096978
7,T_8,C_8_2,0.06,0.42,1,0,True,-1,20.123412468681117,0.5439372030228218
7,T_8,C_8_4,-0.31,0.42,1,0,True,1,17.778135727034858,0.509779766406816
7,T_9,C_9_17,0.42,0.6,1,0,False,1,3.843654851291289,0.676163705043239
7,T_10,C_10_4,0.6,0.0,0,0,False,1,-19.80720292921656,0.457424854606562
