student_number,topic,arm_pulled,pay-off,pay-off_next_topic,actual_decision,skip_decision,reward,confidence_score
6,T_1,C_1_13,0.6,0.61,0,0,0,-10.0
9,T_1,C_1_3,0.61,0.62,0,0,1,-10.0
0,T_1,C_1_13,0.58,0.62,1,1,1,29.544455544455538
7,T_1,C_1_12,0.55,0.6,1,1,0,32.31668331668331
2,T_1,C_1_13,0.55,0.6,1,1,0,24.115884115884107
3,T_1,C_1_13,0.54,0.57,1,1,0,28.904095904095904
1,T_1,C_1_13,0.6,0.64,1,1,1,33.93306693306693
15,T_1,C_1_12,0.73,0.75,1,1,1,43.21514935271884
22,T_1,C_1_12,0.57,0.63,1,1,1,25.95419317742003
4,T_1,C_1_13,0.59,0.61,1,1,1,31.0786951694519
18,T_1,C_1_12,0.63,0.61,1,1,0,30.616543775029594
29,T_1,C_1_12,0.58,0.6,1,1,1,28.49749261647971
34,T_1,C_1_13,0.58,0.65,1,1,0,30.8149055518031
27,T_1,C_1_13,0.53,0.61,1,1,1,17.128338387623995
30,T_1,C_1_13,0.59,0.63,1,1,1,35.56614933289761
8,T_1,C_1_13,0.59,0.69,1,1,0,31.88555231797225
11,T_1,C_1_13,0.64,0.7,1,1,1,25.77032823955717
39,T_1,C_1_9,0.66,0.67,0,0,0,-5.580019524898794
5,T_1,C_1_14,0.63,0.66,0,0,1,-15.229473348136128
33,T_1,C_1_13,0.6,0.6,0,0,0,-8.877934122714088
10,T_1,C_1_13,0.55,0.6,0,0,1,-11.698192315365526
16,T_1,C_1_13,0.57,0.61,0,0,0,-9.626692811889855
47,T_1,C_1_13,0.6,0.64,0,0,1,-12.290049316358575
21,T_1,C_1_12,0.54,0.54,0,0,1,-7.1947166450576825
38,T_1,C_1_13,0.51,0.53,0,0,1,-14.13000001858584
46,T_1,C_1_13,0.59,0.6,0,0,0,-14.622063510649335
12,T_1,C_1_13,0.51,0.56,0,0,0,-16.18577920712322
48,T_1,C_1_13,0.6,0.62,0,0,1,-8.9653174789033
45,T_1,C_1_13,0.61,0.68,0,0,1,-17.33734128842711
35,T_1,C_1_3,0.58,0.6,0,0,0,-25.776825415411235
31,T_1,C_1_13,0.62,0.65,0,0,1,-21.70837303445886
36,T_1,C_1_13,0.56,0.6,0,0,0,-24.024841288427112
25,T_1,C_1_3,0.57,0.58,0,0,1,-22.928642592562902
28,T_1,C_1_13,0.54,0.58,0,0,1,-14.441031096031685
40,T_1,C_1_13,0.62,0.66,0,0,0,-17.80277539732009
26,T_1,C_1_13,0.53,0.58,0,0,1,-18.717542493454875
17,T_1,C_1_3,0.64,0.68,0,0,0,-23.71283240896773
37,T_1,C_1_13,0.57,0.64,0,0,0,-21.294020527779615
49,T_1,C_1_3,0.62,0.69,0,0,1,-21.300951220848916
24,T_1,C_1_12,0.61,0.66,0,0,1,-14.965307656492488
32,T_1,C_1_12,0.56,0.61,0,0,1,-10.941545280254866
41,T_1,C_1_13,0.56,0.6,0,0,0,-10.109862111938034
23,T_1,C_1_13,0.48,0.55,1,1,0,10.808188832622301
43,T_1,C_1_13,0.6,0.62,1,1,1,18.471888140238526
44,T_1,C_1_13,0.63,0.69,1,1,1,28.88830752698432
14,T_1,C_1_12,0.61,0.62,1,1,1,30.00205629058472
42,T_1,C_1_13,0.61,0.65,1,1,0,29.046566676341392
20,T_1,C_1_12,0.68,0.73,0,0,0,-3.626472579590395
13,T_1,C_1_13,0.52,0.6,0,0,1,-3.7330252571281823
19,T_1,C_1_12,0.54,0.65,0,0,1,-9.633615808309282
6,T_1,C_1_12,0.56,0.61,1,1,,37.14069952881592
2,T_1,C_1_3,0.52,0.6,0,0,1,-26.342878179819458
7,T_1,C_1_9,0.54,0.6,0,0,0,-25.307151637534282
3,T_1,C_1_12,0.5,0.57,0,0,0,-18.249056399439052
18,T_1,C_1_14,0.58,0.61,0,0,0,-23.1535102076036
34,T_1,C_1_9,0.58,0.65,1,0,0,5.505865419650414
8,T_1,C_1_12,0.54,0.69,1,1,,16.96791475551378
39,T_1,C_1_12,0.63,0.67,1,1,,23.65199795919733
33,T_1,C_1_2,0.54,0.6,1,1,,27.854841561093064
16,T_1,C_1_9,0.53,0.61,1,0,0,8.23683208242009
46,T_1,C_1_2,0.57,0.6,1,1,,35.21641433863147
0,T_2,C_2_10,0.62,0.67,0,0,1,-3.885858388641219
9,T_2,C_2_10,0.62,0.67,1,1,1,15.889507319050644
12,T_1,C_1_4,0.48,0.56,0,0,0,-0.665837997884072
36,T_1,C_1_3,0.53,0.6,0,0,1,-36.466082295956326
35,T_1,C_1_13,0.56,0.6,0,0,1,-35.88668721089018
22,T_2,C_2_6,0.63,0.63,1,0,0,2.6403293953528153
1,T_2,C_2_6,0.64,0.67,0,0,1,-2.1774232014365973
29,T_2,C_2_6,0.6,0.66,0,0,1,-7.659009603702884
15,T_2,C_2_10,0.75,0.79,0,0,1,-54.29081774877955
40,T_1,C_1_3,0.59,0.66,0,0,1,-25.663108040956768
27,T_2,C_2_6,0.61,0.64,0,0,0,-15.70428790038384
4,T_2,C_2_8,0.61,0.66,0,0,1,-11.421052766453098
11,T_2,C_2_11,0.7,0.7,0,0,1,-52.72932344314478
37,T_1,C_1_3,0.51,0.64,0,0,0,-37.41102417384478
17,T_1,C_1_13,0.64,0.68,0,0,0,-43.81846280186056
30,T_2,C_2_5,0.63,0.75,0,0,0,-19.626986615159357
5,T_2,C_2_10,0.66,0.71,0,0,1,-52.997495140433955
21,T_2,C_2_10,0.54,0.6,1,1,0,32.50472440400235
10,T_2,C_2_6,0.6,0.65,1,1,1,36.42864820237742
23,T_1,C_1_3,0.46,0.55,1,1,,29.884804918795357
41,T_1,C_1_12,0.53,0.6,1,1,,42.198237754616244
47,T_2,C_2_10,0.64,0.73,0,0,1,-7.9138286027859515
42,T_1,C_1_12,0.56,0.65,1,1,,40.804556127542526
38,T_2,C_2_10,0.53,0.61,0,0,0,-23.65205987003229
48,T_2,C_2_10,0.62,0.7,0,0,1,-29.116245916543924
20,T_1,C_1_13,0.63,0.73,0,0,0,-1.9742791144344733
45,T_2,C_2_5,0.68,0.75,0,0,0,-23.77539435607015
31,T_2,C_2_6,0.65,0.65,1,0,1,2.4820405881677585
26,T_2,C_2_6,0.58,0.64,1,1,1,14.507775196122228
7,T_1,C_1_2,0.53,0.6,1,1,,19.153524003316804
18,T_1,C_1_13,0.56,0.61,1,1,,23.622042521835333
3,T_1,C_1_9,0.49,0.57,0,0,0,-8.065011646116162
28,T_2,C_2_6,0.58,0.61,0,0,0,-12.335131905135581
25,T_2,C_2_10,0.58,0.63,0,0,0,-30.729770606550208
34,T_1,C_1_3,0.56,0.65,1,1,,15.591924281511458
24,T_2,C_2_6,0.66,0.69,1,1,1,33.411845902201556
49,T_2,C_2_10,0.69,0.72,1,0,0,9.66253714644118
32,T_2,C_2_6,0.61,0.65,1,1,1,19.93995650127991
0,T_3,C_3_4,0.67,0.52,0,0,0,-39.99746573904734
16,T_1,C_1_3,0.53,0.61,0,0,1,-34.81238286611918
9,T_3,C_3_4,0.67,0.62,0,0,0,-16.598038198382774
22,T_2,C_2_10,0.58,0.63,1,1,,33.5675245143056
13,T_2,C_2_6,0.6,0.63,1,1,1,30.356209779011614
44,T_2,C_2_6,0.69,0.7,1,1,1,34.27738301457531
43,T_2,C_2_6,0.62,0.63,1,1,0,41.63668640595936
19,T_2,C_2_6,0.65,0.62,1,1,1,10.954669370138479
14,T_2,C_2_10,0.62,0.65,1,0,1,7.4262810917502
1,T_3,C_3_5,0.67,0.59,1,0,0,8.283423948893061
27,T_2,C_2_2,0.58,0.64,0,0,1,-2.1800406895486835
29,T_3,C_3_4,0.66,0.55,0,0,0,-9.189189820381271
12,T_1,C_1_9,0.48,0.56,0,0,1,-6.773371023349796
15,T_3,C_3_4,0.79,0.69,0,0,0,-8.082328975817834
4,T_3,C_3_5,0.66,0.53,0,0,1,-24.275206689874587
6,T_2,C_2_6,0.61,0.64,1,1,0,18.393634441812914
2,T_2,C_2_6,0.6,0.61,1,0,1,3.1297968187541825
21,T_2,C_2_16,0.53,0.6,1,1,,28.272262812843852
11,T_3,C_3_4,0.7,0.61,1,1,0,40.42239930055996
30,T_2,C_2_6,0.63,0.75,1,1,,40.69446481466369
5,T_3,C_3_4,0.71,0.6,0,0,1,-5.080827821787109
9,T_3,C_3_5,0.66,0.62,1,1,,22.80504174343028
38,T_2,C_2_6,0.53,0.61,1,0,1,6.314099714444788
0,T_3,C_3_5,0.61,0.52,0,0,1,-13.520139415990004
45,T_2,C_2_6,0.65,0.75,1,1,,40.83571588599701
8,T_2,C_2_6,0.69,0.7,1,1,0,75.7832271982142
39,T_2,C_2_16,0.67,0.71,1,1,0,51.88186973215084
37,T_1,C_1_12,0.49,0.64,1,1,,25.57343200457688
10,T_3,C_3_4,0.65,0.51,1,0,1,1.0264157297124965
28,T_2,C_2_10,0.53,0.61,0,0,0,-16.901084226692287
33,T_2,C_2_6,0.6,0.63,0,0,1,-21.929965093118305
29,T_3,C_3_5,0.63,0.55,0,0,0,-33.67545245773922
48,T_3,C_3_4,0.7,0.56,0,0,1,-57.22779902813636
17,T_1,C_1_12,0.62,0.68,0,0,1,-21.697113107558735
1,T_3,C_3_4,0.63,0.59,0,0,1,-9.915524659905289
47,T_3,C_3_5,0.73,0.59,0,0,1,-31.615623620493594
25,T_2,C_2_6,0.57,0.63,1,1,,11.068421741369628
46,T_2,C_2_8,0.6,0.64,1,1,1,41.51076408371195
15,T_3,C_3_5,0.77,0.69,0,0,1,-38.24978405241176
26,T_3,C_3_4,0.64,0.57,1,1,1,10.656805445621147
31,T_3,C_3_5,0.65,0.56,0,0,1,-12.942506424379406
20,T_1,C_1_9,0.6,0.73,1,1,,17.956366676107955
49,T_2,C_2_6,0.66,0.72,0,0,0,-47.93009281245625
11,T_3,C_3_5,0.69,0.61,0,0,1,-46.784035464786
36,T_2,C_2_6,0.6,0.65,0,0,1,-34.820301320268065
24,T_3,C_3_5,0.69,0.56,0,0,0,-27.421912779533955
35,T_2,C_2_11,0.6,0.62,0,0,0,-41.942369920194714
3,T_1,C_1_3,0.48,0.57,0,0,0,-28.435214285132112
43,T_2,C_2_8,0.6,0.63,0,0,1,-25.53185521829836
32,T_3,C_3_4,0.65,0.54,0,0,0,-31.53720281188123
22,T_3,C_3_4,0.63,0.58,0,0,0,-9.069288373378564
40,T_2,C_2_6,0.66,0.67,1,1,0,27.144225689252874
13,T_3,C_3_5,0.63,0.5,1,0,1,9.345472349983075
29,T_3,C_3_2,0.53,0.55,0,0,1,-24.422974045823786
19,T_3,C_3_5,0.62,0.5,1,1,0,19.093256683049873
44,T_3,C_3_4,0.7,0.6,1,1,0,49.64561042244506
41,T_2,C_2_6,0.6,0.65,1,1,0,39.59325904711233
14,T_3,C_3_4,0.65,0.61,1,1,0,63.81952346592334
6,T_2,C_2_8,0.58,0.64,1,1,,62.0860567212236
27,T_3,C_3_5,0.64,0.52,0,0,1,-5.505278107187889
23,T_2,C_2_6,0.55,0.57,1,1,1,14.554117395136206
42,T_2,C_2_6,0.65,0.66,1,0,0,7.202628918323274
4,T_4,C_4_4,0.53,0.6,0,0,1,-19.397025494489398
21,T_3,C_3_5,0.6,0.5,1,0,1,8.053355597741914
2,T_3,C_3_5,0.61,0.51,1,0,1,0.5317696946582187
38,T_3,C_3_4,0.61,0.51,0,0,0,-4.957610307823625
39,T_2,C_2_10,0.67,0.71,1,0,0,7.88280631239016
30,T_3,C_3_5,0.75,0.53,1,0,0,0.2750666466030127
9,T_4,C_4_1,0.62,0.6,1,1,0,27.390282125934593
8,T_2,C_2_8,0.62,0.7,1,1,,32.38588458855551
5,T_4,C_4_4,0.6,0.66,0,0,1,-8.740468485006238
24,T_3,C_3_4,0.67,0.56,1,1,,21.629478790916433
18,T_2,C_2_6,0.61,0.68,1,1,0,14.438793377911166
28,T_2,C_2_16,0.5,0.61,1,1,,19.379039423605366
0,T_4,C_4_1,0.52,0.57,0,0,1,-49.60479031770748
34,T_2,C_2_10,0.65,0.71,0,0,1,-35.41970259840924
7,T_2,C_2_10,0.6,0.66,0,0,1,-19.94514119490047
45,T_3,C_3_5,0.75,0.57,0,0,1,-49.27408856332152
22,T_3,C_3_5,0.6,0.58,1,1,,10.266157262528854
32,T_3,C_3_5,0.57,0.54,0,0,0,-23.345616034226914
33,T_3,C_3_4,0.63,0.53,1,1,0,17.364582609923666
10,T_4,C_4_1,0.51,0.58,1,1,0,12.54974916608637
48,T_4,C_4_3,0.56,0.66,0,0,0,-8.238037477412565
19,T_3,C_3_4,0.62,0.5,1,1,,24.075927176557578
16,T_2,C_2_10,0.61,0.66,0,0,0,-20.135763539826023
44,T_3,C_3_5,0.65,0.6,1,1,,12.999253881776758
14,T_3,C_3_5,0.59,0.61,0,0,0,-11.608608431460326
47,T_4,C_4_1,0.59,0.62,0,0,1,-35.48502270474144
1,T_4,C_4_1,0.59,0.58,1,1,1,13.840496650463455
25,T_3,C_3_4,0.63,0.53,1,0,0,7.070931433072168
15,T_4,C_4_1,0.69,0.72,1,1,1,18.186583606985195
46,T_3,C_3_5,0.64,0.55,1,1,0,26.78571404176779
49,T_2,C_2_5,0.64,0.72,1,0,0,7.0996270852460786
26,T_4,C_4_1,0.57,0.53,1,0,1,5.827853232589083
31,T_4,C_4_4,0.56,0.6,0,0,0,-22.414099070220246
35,T_2,C_2_10,0.6,0.62,0,0,1,-35.31011293503826
12,T_2,C_2_10,0.56,0.62,0,0,1,-43.755520214067715
38,T_3,C_3_5,0.59,0.51,0,0,1,-31.60560686918037
11,T_4,C_4_1,0.61,0.62,0,0,1,-0.5643967095495603
30,T_3,C_3_4,0.65,0.53,0,0,1,-2.4510749102416085
40,T_2,C_2_8,0.63,0.67,1,1,,17.375914709135557
36,T_3,C_3_5,0.65,0.54,1,1,0,43.8036641996663
43,T_3,C_3_5,0.63,0.52,1,1,1,34.684482792960324
41,T_2,C_2_10,0.55,0.65,1,1,,45.699137965374135
3,T_1,C_1_2,0.47,0.57,0,0,0,-28.258396151439594
13,T_4,C_4_1,0.5,0.53,0,0,1,-6.047546858185011
29,T_4,C_4_1,0.55,0.57,1,1,1,15.989426486612924
42,T_2,C_2_2,0.58,0.66,0,0,1,-1.8289892643749641
33,T_3,C_3_5,0.63,0.53,1,1,,37.42776836782197
32,T_3,C_3_1,0.55,0.54,1,1,,34.950924457015816
6,T_3,C_3_5,0.64,0.55,1,1,1,48.00238243300208
37,T_2,C_2_6,0.64,0.61,1,0,1,6.576594533395283
9,T_4,C_4_4,0.56,0.6,1,1,,14.121115081340488
39,T_2,C_2_6,0.64,0.71,1,0,0,4.67656233576033
23,T_3,C_3_4,0.57,0.55,0,0,1,-0.6618992027011796
27,T_4,C_4_1,0.52,0.52,0,0,0,-14.893991723521289
17,T_2,C_2_6,0.68,0.75,1,0,1,7.725991197059395
14,T_3,C_3_2,0.58,0.61,1,1,,25.019822003060938
2,T_4,C_4_3,0.51,0.55,1,0,1,9.641305379020016
21,T_4,C_4_3,0.5,0.52,1,0,0,9.252558575950967
18,T_2,C_2_16,0.59,0.68,1,0,0,8.828858661202453
25,T_3,C_3_5,0.59,0.53,1,1,,13.531353465508895
8,T_3,C_3_5,0.7,0.6,1,0,1,6.908695884588957
46,T_3,C_3_2,0.6,0.55,1,1,,20.102439768020737
24,T_4,C_4_1,0.56,0.58,0,0,0,-24.342486731599426
4,T_5,C_5_5,0.6,0.59,0,0,0,-10.739770263008616
20,T_2,C_2_6,0.73,0.76,0,0,1,-40.707512198492466
10,T_4,C_4_3,0.51,0.58,0,0,1,-36.99189250409518
28,T_3,C_3_4,0.61,0.57,0,0,1,-22.25222506413355
48,T_4,C_4_4,0.54,0.66,0,0,1,-51.45578740510048
34,T_3,C_3_5,0.71,0.53,0,0,1,-49.66019792248808
7,T_3,C_3_4,0.66,0.53,0,0,1,-39.96889604356167
22,T_4,C_4_1,0.58,0.57,0,0,1,-6.2127191466486975
5,T_5,C_5_2,0.66,0.65,0,0,0,-56.065386377808736
45,T_4,C_4_3,0.57,0.64,0,0,1,-58.440492220315065
16,T_2,C_2_5,0.59,0.66,0,0,1,-63.10687664029814
36,T_3,C_3_4,0.61,0.54,1,0,1,5.5506263424479165
19,T_4,C_4_1,0.5,0.55,1,1,0,47.90872231352466
0,T_5,C_5_2,0.57,0.63,0,0,1,-23.83383171201987
44,T_4,C_4_1,0.6,0.63,1,1,1,11.901189385026527
31,T_4,C_4_1,0.56,0.6,1,0,1,7.961722396805465
49,T_2,C_2_13,0.62,0.72,0,0,1,-5.572305753271533
1,T_5,C_5_1,0.58,0.56,0,0,1,-49.8772901057041
12,T_3,C_3_5,0.62,0.48,0,0,0,-58.970234570975386
35,T_3,C_3_4,0.62,0.54,0,0,1,-38.59083758605079
47,T_5,C_5_10,0.62,0.59,0,0,1,-64.9987102828682
38,T_4,C_4_1,0.51,0.53,0,0,0,-48.31110559275094
15,T_5,C_5_2,0.72,0.7,0,0,1,-57.84463439424311
40,T_3,C_3_5,0.67,0.55,1,0,1,2.547351971690659
30,T_4,C_4_4,0.53,0.61,0,0,1,-17.754566293530345
26,T_5,C_5_1,0.53,0.55,0,0,1,-13.539364736677395
43,T_4,C_4_4,0.52,0.57,1,0,1,9.06918056673074
41,T_3,C_3_4,0.65,0.55,1,1,1,21.386720051352526
11,T_5,C_5_2,0.62,0.67,0,0,1,-21.24914943882017
27,T_4,C_4_4,0.49,0.52,0,0,0,-56.074985801403045
42,T_3,C_3_5,0.66,0.56,0,0,1,-36.9326016954428
33,T_4,C_4_4,0.53,0.59,0,0,0,-35.22895931133684
6,T_4,C_4_1,0.55,0.6,0,0,1,-28.59319772193287
39,T_2,C_2_18,0.61,0.71,0,0,0,-4.3999230457373875
3,T_1,C_1_4,0.47,0.57,0,0,0,-16.566038748216712
32,T_4,C_4_1,0.54,0.59,0,0,0,-13.840418913505964
21,T_4,C_4_1,0.44,0.52,1,0,0,8.3373796410661
4,T_5,C_5_6,0.59,0.59,1,1,,31.76405971617516
37,T_3,C_3_4,0.61,0.58,0,0,1,-32.75617078997519
13,T_5,C_5_10,0.53,0.5,0,0,1,-47.50307928131894
23,T_4,C_4_1,0.55,0.47,0,0,0,-28.70063728633321
18,T_2,C_2_10,0.57,0.68,0,0,1,-23.231501483864086
24,T_4,C_4_3,0.5,0.58,0,0,0,-28.0573962748539
29,T_5,C_5_10,0.57,0.52,0,0,1,-25.853996251068054
14,T_4,C_4_1,0.61,0.58,0,0,0,-9.842227426007666
17,T_3,C_3_5,0.75,0.61,0,0,1,-37.44649671993213
5,T_5,C_5_5,0.64,0.65,0,0,0,-14.940059130764173
9,T_5,C_5_10,0.6,0.57,1,0,0,4.598465459399749
25,T_4,C_4_3,0.53,0.57,0,0,0,-1.0824123074912624
12,T_3,C_3_4,0.62,0.48,0,0,0,-46.62472394759173
8,T_4,C_4_1,0.6,0.59,1,1,1,24.893105430331996
2,T_5,C_5_10,0.55,0.57,1,1,0,30.342929335372332
46,T_4,C_4_4,0.55,0.6,1,1,1,54.43746886267468
20,T_3,C_3_5,0.76,0.61,1,0,1,0.40684147509504065
28,T_4,C_4_1,0.57,0.53,1,0,0,7.171916229337651
19,T_4,C_4_3,0.45,0.55,1,1,,12.346041534463765
34,T_4,C_4_3,0.53,0.61,1,1,1,12.161763219752228
10,T_5,C_5_1,0.58,0.57,0,0,1,-1.5111952382253424
16,T_3,C_3_5,0.66,0.5,1,1,0,11.392694808025471
7,T_4,C_4_1,0.53,0.57,1,1,0,31.70984691158533
36,T_4,C_4_4,0.54,0.56,1,1,1,35.001744785395275
38,T_4,C_4_4,0.48,0.53,1,1,,24.119235942827256
22,T_5,C_5_1,0.57,0.53,0,0,0,-21.757675643036738
48,T_5,C_5_2,0.66,0.6,0,0,1,-10.654895664680074
45,T_5,C_5_2,0.64,0.64,0,0,1,-54.3711678823466
27,T_4,C_4_3,0.47,0.52,0,0,1,-4.704734892975882
49,T_3,C_3_4,0.72,0.59,0,0,1,-8.980458365644706
35,T_4,C_4_3,0.54,0.56,1,0,0,2.355036023487373
33,T_4,C_4_1,0.51,0.59,0,0,1,-1.5024745154238897
31,T_5,C_5_5,0.6,0.59,0,0,1,-1.252274034269126
44,T_5,C_5_10,0.63,0.64,0,0,0,-6.158659455562372
40,T_4,C_4_4,0.55,0.64,0,0,0,-10.62623351480978
0,T_6,C_6_4,0.63,0.57,0,0,1,-12.984364499597575
32,T_4,C_4_3,0.47,0.59,0,0,0,-1.2691644995975846
12,T_3,C_3_9,0.55,0.48,0,0,1,-10.409164499597573
41,T_4,C_4_1,0.55,0.57,0,0,1,-40.389884563546424
21,T_4,C_4_4,0.43,0.52,1,1,,18.566035500402414
39,T_2,C_2_5,0.61,0.71,0,0,1,-35.35305843339624
1,T_6,C_6_5,0.56,0.66,0,0,1,-51.82031082956237
42,T_4,C_4_4,0.56,0.58,0,0,1,-37.456615867498485
5,T_5,C_5_10,0.61,0.65,0,0,1,-6.078369730874718
30,T_5,C_5_7,0.61,0.55,0,0,1,-17.29794013660263
43,T_5,C_5_1,0.57,0.57,1,1,1,13.067705728271076
24,T_4,C_4_4,0.49,0.58,1,1,,27.692507000131176
47,T_6,C_6_4,0.59,0.66,1,1,0,21.163095235425292
23,T_4,C_4_4,0.46,0.47,1,1,,16.247355966744855
15,T_6,C_6_4,0.7,0.72,1,1,0,47.03670413844595
26,T_6,C_6_4,0.55,0.56,1,1,1,26.059418180806787
9,T_5,C_5_1,0.6,0.57,1,1,,41.326296655786905
14,T_4,C_4_3,0.55,0.58,1,1,,59.40731333569159
2,T_5,C_5_6,0.54,0.57,1,1,,33.68292890360264
16,T_3,C_3_4,0.66,0.5,0,0,1,-22.856792719756765
37,T_4,C_4_1,0.58,0.53,1,1,1,16.47592256038116
11,T_6,C_6_4,0.67,0.67,0,0,1,-5.3250441823664145
3,T_1,C_1_14,0.47,0.57,0,0,1,-3.1793593050900837
6,T_5,C_5_10,0.6,0.57,1,0,0,3.5118520963350743
25,T_4,C_4_1,0.53,0.57,1,1,,10.125470465297878
18,T_3,C_3_4,0.68,0.6,0,0,1,-24.913861878239278
4,T_6,C_6_2,0.59,0.71,0,0,1,-27.51101116181663
28,T_4,C_4_4,0.5,0.53,0,0,1,-26.615194271524587
17,T_4,C_4_4,0.61,0.65,0,0,0,-47.89272419863722
22,T_5,C_5_10,0.55,0.53,0,0,0,-20.058208832206958
13,T_6,C_6_4,0.5,0.56,0,0,0,-24.309507827633908
7,T_4,C_4_3,0.49,0.57,1,1,,43.76364369915693
20,T_4,C_4_1,0.61,0.67,1,1,0,10.778400192583094
29,T_6,C_6_4,0.52,0.58,1,1,0,45.20817556383042
44,T_5,C_5_2,0.63,0.64,1,1,,17.278400192583074
35,T_4,C_4_4,0.53,0.56,0,0,0,-7.657402212558948
8,T_5,C_5_10,0.59,0.58,0,0,0,-37.67231587032975
40,T_4,C_4_1,0.55,0.64,1,1,,18.230962024166395
46,T_5,C_5_1,0.6,0.59,1,1,1,37.51287275243577
32,T_4,C_4_4,0.46,0.59,0,0,0,-20.127862024274588
19,T_5,C_5_1,0.55,0.52,0,0,0,-49.249865961720815
49,T_4,C_4_3,0.59,0.65,0,0,1,-15.064447757730214
34,T_5,C_5_10,0.61,0.64,0,0,0,-26.083183120727863
10,T_6,C_6_4,0.57,0.6,1,1,0,45.74815005786955
36,T_5,C_5_7,0.56,0.54,1,1,1,36.88532854578849
38,T_5,C_5_2,0.53,0.51,1,1,0,34.40598326129902
12,T_4,C_4_1,0.48,0.53,1,1,0,25.94918241454819
27,T_5,C_5_7,0.52,0.55,1,1,0,24.07213961299177
48,T_6,C_6_4,0.6,0.63,1,1,1,39.833229107155184
45,T_6,C_6_4,0.64,0.68,1,1,0,31.452652287650324
0,T_7,C_7_8,0.57,0.58,1,1,0,24.871423683871164
33,T_5,C_5_10,0.59,0.56,1,1,0,48.40289221533967
31,T_6,C_6_9,0.59,0.69,1,1,1,13.661428382028427
39,T_3,C_3_4,0.71,0.58,1,1,1,21.91588920437134
47,T_6,C_6_5,0.58,0.66,1,0,0,5.508704378684716
6,T_5,C_5_13,0.57,0.57,1,1,,16.100092120664826
41,T_5,C_5_10,0.57,0.53,0,0,1,-20.932719798466945
15,T_6,C_6_5,0.68,0.72,0,0,1,-19.697016552717333
1,T_7,C_7_8,0.66,0.55,0,0,0,-33.177696614541134
21,T_5,C_5_10,0.52,0.51,1,1,0,44.464976524300226
22,T_5,C_5_6,0.52,0.53,1,1,,16.00486338728029
42,T_5,C_5_2,0.58,0.58,1,1,0,33.62968442420451
5,T_6,C_6_5,0.65,0.66,1,1,1,37.30100437446212
17,T_4,C_4_1,0.6,0.65,1,1,,39.76837148851639
43,T_6,C_6_2,0.57,0.63,0,0,1,-15.096008505131401
24,T_5,C_5_10,0.58,0.56,1,0,1,8.293392416527597
16,T_4,C_4_3,0.5,0.58,0,0,0,-46.96495621294968
26,T_7,C_7_8,0.56,0.55,0,0,1,-34.98337524595046
30,T_6,C_6_5,0.55,0.7,0,0,1,-2.8660639680594233
23,T_5,C_5_10,0.47,0.46,1,0,1,0.0810219215111232
20,T_4,C_4_4,0.56,0.67,1,0,0,1.358093355119479
8,T_5,C_5_1,0.58,0.58,0,0,1,-44.57352904195153
13,T_6,C_6_5,0.46,0.56,0,0,1,-38.62176793934812
9,T_6,C_6_2,0.57,0.66,0,0,1,-40.14091035895001
14,T_5,C_5_1,0.58,0.57,0,0,1,-37.18838355956257
19,T_5,C_5_10,0.53,0.52,0,0,1,-10.874542198813323
18,T_4,C_4_1,0.6,0.61,0,0,0,-8.126263698430781
11,T_7,C_7_8,0.67,0.63,0,0,1,-28.250976781827866
29,T_6,C_6_5,0.49,0.58,1,1,,24.528002087539402
34,T_5,C_5_1,0.6,0.64,1,1,,10.95307854013879
35,T_4,C_4_1,0.53,0.56,1,1,,12.059347653288611
32,T_4,C_4_5,0.4,0.59,1,0,0,8.739438788992278
2,T_6,C_6_9,0.57,0.66,0,0,0,-20.47387479459522
4,T_7,C_7_8,0.71,0.57,0,0,1,-20.863951130473097
37,T_5,C_5_10,0.53,0.51,0,0,1,-22.809752657190643
25,T_5,C_5_10,0.57,0.58,0,0,1,-16.43341677932804
0,T_7,C_7_6,0.55,0.58,0,0,1,-41.85439429780061
27,T_5,C_5_1,0.51,0.55,0,0,0,-23.969089838348687
38,T_5,C_5_13,0.52,0.51,1,1,,11.854698544241906
28,T_5,C_5_10,0.53,0.51,0,0,1,-20.783485242524566
10,T_6,C_6_5,0.54,0.6,1,1,,17.956349999463786
33,T_5,C_5_1,0.57,0.56,1,1,,16.534937698780393
12,T_4,C_4_4,0.45,0.53,1,1,,10.064170804323325
7,T_5,C_5_10,0.57,0.56,0,0,1,-9.262734321419984
1,T_7,C_7_2,0.6,0.55,0,0,1,-24.519747209971936
40,T_5,C_5_6,0.64,0.64,0,0,1,-19.898272866070002
45,T_6,C_6_5,0.61,0.68,1,1,,21.456659020956153
44,T_6,C_6_4,0.64,0.68,0,0,1,-36.07749616511965
46,T_6,C_6_2,0.59,0.7,0,0,0,-14.131121542763164
21,T_5,C_5_2,0.52,0.51,1,0,1,7.904376946662845
49,T_5,C_5_1,0.65,0.68,0,0,1,-27.295018823729894
47,T_6,C_6_2,0.57,0.66,0,0,1,-21.80559284185679
42,T_5,C_5_7,0.58,0.58,1,0,1,6.103454641469874
48,T_7,C_7_8,0.63,0.63,1,1,1,18.821498410501448
3,T_2,C_2_6,0.57,0.62,0,0,1,-18.1541942153214
39,T_4,C_4_3,0.58,0.65,0,0,0,-22.423684138898334
31,T_7,C_7_8,0.69,0.58,0,0,1,-9.457316924037556
36,T_6,C_6_5,0.54,0.64,1,0,1,8.835695848314066
16,T_4,C_4_4,0.49,0.58,0,0,0,-25.522133619019513
15,T_7,C_7_8,0.72,0.73,0,0,1,-32.7672788017116
20,T_4,C_4_3,0.54,0.67,0,0,0,-16.34867415054881
41,T_6,C_6_4,0.53,0.58,0,0,1,-25.730624694364536
6,T_6,C_6_2,0.57,0.66,1,1,0,13.054610851703972
18,T_4,C_4_3,0.53,0.61,1,1,,19.003002773917895
43,T_7,C_7_8,0.63,0.56,0,0,1,-13.448754892499453
5,T_7,C_7_8,0.66,0.66,0,0,0,-30.347310944876057
17,T_5,C_5_1,0.65,0.64,0,0,1,-23.02214149013634
22,T_6,C_6_2,0.53,0.62,0,0,0,-16.041530006169168
32,T_4,C_4_2,0.39,0.59,0,0,0,-12.428573643597009
30,T_7,C_7_8,0.7,0.6,0,0,1,-6.241991895114652
24,T_6,C_6_4,0.56,0.67,0,0,1,-4.08597406450544
27,T_5,C_5_2,0.5,0.55,0,0,1,-1.0349002457391645
13,T_7,C_7_8,0.56,0.55,0,0,1,-16.608216814705482
2,T_6,C_6_4,0.56,0.66,1,0,0,7.18446234317163
9,T_7,C_7_8,0.66,0.58,0,0,1,-23.019282543301216
26,T_8,C_8_2,0.55,0.56,0,0,0,-2.9047446152917598
23,T_6,C_6_4,0.46,0.53,1,0,0,1.55533536053154
8,T_6,C_6_2,0.58,0.67,1,0,1,7.756518792484196
14,T_6,C_6_9,0.57,0.64,0,0,1,-1.5676767297713567
29,T_7,C_7_8,0.58,0.58,1,1,0,25.38710616761517
19,T_6,C_6_4,0.52,0.62,0,0,1,-22.140808077480667
34,T_6,C_6_4,0.64,0.67,0,0,1,-34.4375680185705
35,T_5,C_5_1,0.56,0.59,0,0,0,-43.80534851644592
11,T_8,C_8_2,0.63,0.71,0,0,1,-26.291676093396365
46,T_6,C_6_5,0.54,0.7,0,0,1,-6.594365927462828
37,T_6,C_6_4,0.51,0.59,0,0,0,-16.058207429200287
10,T_7,C_7_8,0.6,0.57,0,0,0,-7.752936565364259
5,T_7,C_7_7,0.62,0.66,0,0,1,-23.32071330660118
25,T_6,C_6_9,0.58,0.63,0,0,0,-1.7955547017251732
4,T_8,C_8_4,0.57,0.69,0,0,1,-14.249979966250013
38,T_6,C_6_4,0.51,0.56,1,0,1,1.8208746721722022
39,T_4,C_4_1,0.56,0.65,0,0,0,-18.176317131579687
0,T_8,C_8_2,0.58,0.64,0,0,1,-29.109788050425472
45,T_7,C_7_8,0.68,0.62,0,0,1,-15.838651024186404
28,T_6,C_6_5,0.51,0.56,0,0,0,-10.240983385702464
12,T_5,C_5_10,0.53,0.56,0,0,1,-21.282528575206804
33,T_6,C_6_2,0.56,0.64,0,0,1,-16.272324493574196
16,T_4,C_4_1,0.45,0.58,1,1,,13.803694375111595
20,T_4,C_4_5,0.52,0.67,1,1,,10.885995904609036
7,T_6,C_6_4,0.56,0.6,1,1,1,15.616513020413837
44,T_7,C_7_8,0.68,0.62,1,0,1,2.3710650961603683
47,T_7,C_7_8,0.66,0.62,0,0,0,-3.5353529360648572
6,T_6,C_6_5,0.53,0.66,0,0,0,-19.31464489617364
40,T_6,C_6_2,0.64,0.72,0,0,1,-37.836102008825726
3,T_3,C_3_4,0.62,0.49,0,0,1,-25.96962885933369
1,T_8,C_8_2,0.55,0.62,1,0,1,1.3661848337254696
36,T_7,C_7_8,0.64,0.52,1,0,1,5.063374376659446
29,T_7,C_7_6,0.56,0.58,1,1,,26.355706426053956
21,T_6,C_6_4,0.51,0.61,0,0,0,-9.22377125294663
49,T_6,C_6_4,0.68,0.69,0,0,1,-36.8928463974553
22,T_6,C_6_4,0.52,0.62,0,0,0,-23.111777033293468
42,T_6,C_6_5,0.58,0.66,0,0,1,-33.05252847838018
41,T_7,C_7_8,0.58,0.58,0,0,1,-30.264381734308568
48,T_8,C_8_2,0.63,0.67,1,1,0,19.417231493447417
2,T_6,C_6_2,0.53,0.66,1,0,1,3.2953857832815885
10,T_7,C_7_6,0.54,0.57,1,1,,12.201039662759408
31,T_8,C_8_2,0.58,0.68,0,0,1,-42.354871228124445
23,T_6,C_6_5,0.45,0.53,1,0,0,0.8791356713164937
35,T_5,C_5_2,0.56,0.59,0,0,0,-29.125896679510276
18,T_5,C_5_2,0.61,0.56,0,0,1,-8.756446519615375
24,T_7,C_7_8,0.67,0.6,0,0,1,-19.980988057832782
32,T_5,C_5_10,0.59,0.53,0,0,0,-23.486726938751005
17,T_6,C_6_2,0.64,0.75,0,0,1,-42.83751603487726
43,T_8,C_8_4,0.56,0.63,0,0,1,-50.94942421278257
26,T_8,C_8_4,0.52,0.56,0,0,0,-1.6217916493911346
15,T_8,C_8_2,0.73,0.79,0,0,1,-1.4577515347779766
37,T_6,C_6_5,0.5,0.59,1,0,0,1.191526705307549
25,T_6,C_6_4,0.57,0.63,1,1,,12.30376299653599
47,T_7,C_7_2,0.58,0.62,0,0,1,-2.955324390024625
8,T_7,C_7_8,0.67,0.61,0,0,1,-7.197294411437909
27,T_6,C_6_4,0.55,0.6,0,0,1,-13.171598479960394
14,T_7,C_7_8,0.64,0.58,1,1,0,39.73317607988629
39,T_4,C_4_4,0.54,0.65,0,0,0,-1.7559744361772154
19,T_7,C_7_8,0.62,0.56,0,0,1,-2.439509717716767
30,T_8,C_8_4,0.6,0.67,0,0,1,-45.242382276113204
13,T_8,C_8_4,0.55,0.55,0,0,1,-27.145516179247075
34,T_7,C_7_8,0.67,0.62,0,0,0,-19.0299642736596
28,T_6,C_6_4,0.48,0.56,1,1,,13.18569408932972
9,T_8,C_8_2,0.58,0.64,1,1,0,40.04749093905472
46,T_7,C_7_8,0.7,0.55,1,1,1,19.79393980269107
38,T_7,C_7_8,0.56,0.52,0,0,0,-1.4729627223753816
11,T_9,C_9_1,0.71,0.61,0,0,0,-11.292268098319525
6,T_6,C_6_9,0.5,0.66,0,0,0,-7.26917712389297
33,T_7,C_7_8,0.64,0.58,0,0,0,-20.525014102847972
7,T_7,C_7_8,0.6,0.58,1,1,1,14.054878369949677
35,T_5,C_5_5,0.55,0.59,1,1,,17.870607062045877
21,T_6,C_6_9,0.49,0.61,0,0,0,-9.430927762665949
5,T_8,C_8_2,0.66,0.69,0,0,0,-29.97842952199037
12,T_6,C_6_4,0.56,0.59,0,0,1,-22.286663160273257
4,T_9,C_9_1,0.69,0.51,1,0,1,1.516787522834779
22,T_6,C_6_5,0.51,0.62,1,1,,20.28699131763451
20,T_5,C_5_10,0.67,0.6,1,0,1,6.2940187245213615
16,T_5,C_5_10,0.58,0.6,1,1,0,11.143801486845017
0,T_9,C_9_1,0.64,0.53,1,1,0,14.638183509316919
3,T_4,C_4_1,0.49,0.56,1,1,0,13.699279014934888
32,T_5,C_5_2,0.56,0.53,1,1,,28.213444203186423
40,T_7,C_7_8,0.72,0.59,1,0,1,8.826777536519739
45,T_8,C_8_4,0.62,0.69,0,0,1,-12.123742873903211
23,T_6,C_6_9,0.42,0.53,1,1,,35.88571458399895
14,T_7,C_7_1,0.57,0.58,1,1,,26.667074079443903
49,T_7,C_7_8,0.69,0.63,0,0,1,-19.234226514103465
44,T_8,C_8_2,0.62,0.71,0,0,1,-11.389471269348238
42,T_7,C_7_8,0.66,0.58,0,0,0,-14.066081102561835
34,T_7,C_7_6,0.57,0.62,1,0,1,3.4167736030977807
11,T_9,C_9_17,0.68,0.61,1,0,1,4.979193926909581
48,T_8,C_8_4,0.6,0.67,1,1,,30.812796370214006
2,T_7,C_7_8,0.66,0.52,1,1,1,21.67541840647621
38,T_7,C_7_3,0.49,0.52,1,1,,35.075697346504114
37,T_6,C_6_2,0.49,0.59,0,0,1,-6.602846625426945
36,T_8,C_8_2,0.52,0.59,1,0,0,0.17833804356260075
1,T_9,C_9_17,0.62,0.49,0,0,0,-15.89950449232396
33,T_7,C_7_2,0.53,0.58,0,0,0,-16.806189729092768
39,T_4,C_4_5,0.54,0.65,0,0,0,-21.081259366975782
4,T_10,C_10_3,0.51,0.0,0,0,0,-34.074663879239225
29,T_8,C_8_4,0.58,0.57,1,0,1,2.2128681933544634
41,T_8,C_8_2,0.58,0.6,0,0,1,-18.875800940700508
10,T_8,C_8_4,0.57,0.63,0,0,1,-8.08934911326585
31,T_9,C_9_1,0.68,0.52,0,0,1,-32.58553231937274
18,T_6,C_6_5,0.56,0.62,0,0,0,-1.2582183008484655
26,T_8,C_8_5,0.47,0.56,0,0,0,-8.348370866729166
17,T_7,C_7_8,0.75,0.62,0,0,1,-28.75694106330056
25,T_7,C_7_8,0.63,0.54,1,0,0,6.315409816455542
6,T_6,C_6_4,0.49,0.66,0,0,1,-9.804396277727292
0,T_9,C_9_3,0.61,0.53,1,1,,10.530002115816231
24,T_8,C_8_4,0.6,0.63,1,1,1,13.608004671488228
27,T_7,C_7_8,0.6,0.5,1,1,0,12.322388702549784
43,T_9,C_9_1,0.63,0.46,0,0,0,-5.313409500629209
16,T_5,C_5_13,0.58,0.6,1,1,,35.85829982749109
11,T_10,C_10_2,0.61,0.0,1,1,0,28.141448998761778
15,T_9,C_9_1,0.79,0.7,1,0,1,3.2816051933558654
4,T_10,C_10_4,0.48,0.0,1,0,1,0.5479958075725655
21,T_6,C_6_5,0.48,0.61,0,0,0,-4.1689853198611395
42,T_7,C_7_3,0.54,0.58,0,0,1,-9.383448889205361
28,T_7,C_7_8,0.56,0.56,1,0,1,6.020821083246435
9,T_8,C_8_4,0.58,0.64,0,0,1,-2.0390962721254695
47,T_8,C_8_4,0.62,0.66,1,0,1,3.7805875854989566
3,T_4,C_4_4,0.47,0.56,0,0,1,-21.839665585041363
8,T_8,C_8_4,0.61,0.64,0,0,0,-45.60805046476645
19,T_8,C_8_4,0.56,0.61,0,0,0,-28.02184947275492
30,T_9,C_9_1,0.67,0.52,0,0,0,-43.56268680974871
13,T_9,C_9_15,0.55,0.45,0,0,0,-22.102151463146104
1,T_9,C_9_1,0.6,0.49,0,0,1,-16.078460431816364
5,T_8,C_8_4,0.58,0.69,1,1,,34.07214893454701
33,T_7,C_7_3,0.53,0.58,1,1,,32.96735441399906
31,T_10,C_10_2,0.52,0.0,1,1,1,24.66803934550591
12,T_7,C_7_8,0.59,0.52,1,1,1,17.08516263317717
22,T_7,C_7_8,0.62,0.55,1,1,1,31.14612153728673
35,T_6,C_6_9,0.59,0.63,1,0,1,4.970330258685458
46,T_8,C_8_4,0.55,0.65,0,0,0,-10.784115705746853
11,T_10,C_10_4,0.56,0.0,0,0,0,-13.393554830233828
7,T_8,C_8_4,0.58,0.62,0,0,1,-41.30445490571988
0,T_10,C_10_2,0.53,0.0,0,0,1,-38.1202802808904
20,T_6,C_6_4,0.6,0.71,0,0,1,-61.87217890213638
25,T_7,C_7_5,0.53,0.54,0,0,1,-10.037353639626705
23,T_7,C_7_8,0.53,0.47,0,0,0,-2.7691439731869387
39,T_4,C_4_2,0.49,0.65,1,1,,10.182802507087626
27,T_7,C_7_6,0.52,0.5,1,1,,26.286133574388817
15,T_10,C_10_2,0.7,0.0,0,0,1,-0.46875717576639175
43,T_9,C_9_17,0.59,0.46,0,0,0,-22.09622568794854
32,T_6,C_6_4,0.53,0.58,0,0,0,-0.43950927003810847
45,T_9,C_9_1,0.69,0.59,0,0,0,-12.062734898444582
40,T_8,C_8_4,0.59,0.69,0,0,1,-20.21595523742767
14,T_8,C_8_1,0.58,0.63,0,0,1,-7.578150709238372
36,T_8,C_8_4,0.49,0.59,1,0,1,9.77156569099142
37,T_7,C_7_8,0.59,0.54,1,0,1,0.6538390333459496
49,T_8,C_8_4,0.63,0.72,1,1,1,14.508909249571118
44,T_9,C_9_1,0.71,0.59,1,1,1,20.172195253627912
18,T_6,C_6_9,0.55,0.62,1,1,,24.264014050112017
48,T_9,C_9_1,0.67,0.57,1,1,1,19.21333837443636
11,T_10,C_10_3,0.54,0.0,0,0,1,-20.959618630509162
1,T_10,C_10_1,0.49,0.0,0,0,0,-7.684804315856908
34,T_8,C_8_4,0.62,0.7,0,0,1,-25.119354502157314
13,T_9,C_9_17,0.54,0.45,0,0,0,-7.071862139319087
30,T_9,C_9_3,0.63,0.52,0,0,0,-20.322705025360918
2,T_8,C_8_4,0.52,0.63,0,0,1,-0.3001255608827016
38,T_8,C_8_2,0.52,0.54,1,0,1,2.886406425649291
26,T_8,C_8_6,0.44,0.56,0,0,1,-11.890024550781671
21,T_6,C_6_2,0.46,0.61,1,1,,16.65294425405664
41,T_9,C_9_1,0.6,0.46,1,0,1,7.280215280370733
29,T_9,C_9_3,0.57,0.5,1,1,1,17.28491958144599
6,T_7,C_7_8,0.66,0.57,1,1,1,15.479511463130304
10,T_9,C_9_3,0.63,0.52,0,0,1,-10.887231677845335
17,T_8,C_8_4,0.62,0.72,0,0,1,-60.14480155754401
24,T_9,C_9_1,0.63,0.51,0,0,0,-41.586667675510164
23,T_7,C_7_2,0.46,0.47,1,1,,14.446847062020083
1,T_10,C_10_4,0.48,0.0,0,0,1,-7.944182204486921
43,T_9,C_9_15,0.58,0.46,1,0,0,4.026643234694781
8,T_8,C_8_2,0.55,0.64,1,1,,34.26310825801255
16,T_6,C_6_4,0.6,0.61,1,1,1,26.924667218705448
19,T_8,C_8_2,0.51,0.61,1,0,0,0.8313462691276108
45,T_9,C_9_17,0.65,0.59,0,0,0,-25.26313144211655
42,T_8,C_8_2,0.58,0.64,0,0,0,-10.11647263207708
44,T_10,C_10_2,0.59,0.0,0,0,1,-24.044664121438775
9,T_9,C_9_18,0.64,0.53,0,0,1,-19.532031142715365
3,T_5,C_5_10,0.56,0.52,0,0,1,-14.753397421785134
28,T_8,C_8_2,0.56,0.58,1,0,0,2.0313201861882746
48,T_10,C_10_4,0.57,0.0,0,0,1,-23.320174830423003
47,T_9,C_9_1,0.66,0.55,0,0,1,-27.109927889063282
35,T_7,C_7_8,0.63,0.54,0,0,1,-2.72271822880807
46,T_8,C_8_2,0.53,0.65,1,0,1,7.055427466556154
5,T_9,C_9_1,0.69,0.59,0,0,0,-38.247763262797235
30,T_9,C_9_17,0.58,0.52,1,1,,14.607107018280878
32,T_6,C_6_5,0.52,0.58,1,1,,18.213588499762334
13,T_9,C_9_1,0.54,0.45,1,1,,31.514514425688283
41,T_10,C_10_2,0.46,0.0,1,1,0,11.8617366479105
29,T_10,C_10_4,0.5,0.0,1,0,1,1.3806184203448133
33,T_8,C_8_2,0.58,0.64,0,0,1,-13.724441120874786
20,T_7,C_7_8,0.71,0.67,1,1,0,24.424103376903908
10,T_10,C_10_4,0.52,0.0,1,1,1,20.634664433009533
12,T_8,C_8_4,0.52,0.6,1,0,0,6.972584267209328
7,T_9,C_9_1,0.62,0.5,0,0,0,-13.428899879914834
22,T_8,C_8_4,0.55,0.61,0,0,1,-5.634592847537835
39,T_5,C_5_2,0.65,0.62,0,0,0,-27.42016683685895
24,T_9,C_9_3,0.61,0.51,0,0,1,-0.06135727597449048
43,T_9,C_9_3,0.58,0.46,0,0,0,-15.138323090098734
25,T_8,C_8_4,0.54,0.61,0,0,0,-13.423286977163752
27,T_8,C_8_2,0.5,0.57,1,1,0,32.562617891355025
9,T_10,C_10_4,0.53,0.0,1,1,0,12.96851953069929
18,T_7,C_7_8,0.62,0.62,1,1,1,23.092453956928775
45,T_9,C_9_3,0.64,0.59,1,1,,18.28327362905996
41,T_10,C_10_4,0.46,0.0,0,0,0,-5.063022011164655
14,T_9,C_9_1,0.63,0.54,1,1,1,20.54639693697741
47,T_10,C_10_1,0.55,0.0,1,1,1,18.135016950057878
40,T_9,C_9_1,0.69,0.49,1,1,1,20.755030030502596
36,T_9,C_9_17,0.59,0.47,1,1,1,41.50257744711476
37,T_8,C_8_2,0.54,0.6,1,1,0,22.889035887628374
49,T_9,C_9_1,0.72,0.62,0,0,0,-10.578979778167941
30,T_10,C_10_1,0.52,0.0,0,0,0,-16.446611207863477
13,T_10,C_10_1,0.45,0.0,1,0,1,1.375958916076513
21,T_7,C_7_8,0.61,0.54,0,0,1,-8.114982615146403
5,T_9,C_9_17,0.63,0.59,0,0,1,-5.525830199294049
2,T_9,C_9_1,0.63,0.45,1,0,0,9.677497986661724
34,T_9,C_9_1,0.7,0.54,0,0,1,-1.768535823481301
26,T_9,C_9_1,0.56,0.48,1,0,1,7.530621246028009
9,T_10,C_10_2,0.51,0.0,0,0,0,-0.6174307020239524
20,T_7,C_7_6,0.64,0.67,1,0,0,6.338413453820198
38,T_9,C_9_3,0.54,0.46,1,1,0,18.237114752521506
41,T_10,C_10_1,0.44,0.0,1,0,0,4.91947616542766
7,T_9,C_9_3,0.59,0.5,0,0,1,-24.232553460017723
24,T_10,C_10_4,0.51,0.0,0,0,0,-20.8644393965051
17,T_9,C_9_1,0.72,0.58,0,0,1,-32.90138042048436
6,T_8,C_8_4,0.57,0.61,0,0,0,-12.447718722493452
42,T_8,C_8_4,0.54,0.64,1,1,,12.008887877944709
19,T_8,C_8_6,0.45,0.61,1,1,,19.547050879238363
16,T_7,C_7_8,0.61,0.58,0,0,1,-0.3740357960526808
43,T_9,C_9_18,0.55,0.46,1,1,,42.67626302288654
45,T_10,C_10_4,0.59,0.0,1,0,1,2.6259809370864176
30,T_10,C_10_3,0.5,0.0,1,1,,25.661405141749576
28,T_8,C_8_4,0.5,0.58,1,0,1,7.483211616609065
8,T_9,C_9_15,0.64,0.49,1,0,0,1.3480721644346332
14,T_10,C_10_2,0.54,0.0,1,0,0,2.7923594383583286
23,T_8,C_8_2,0.47,0.52,1,1,1,38.082952221863486
39,T_5,C_5_10,0.65,0.62,1,0,1,3.836173871348027
40,T_10,C_10_2,0.49,0.0,0,0,1,-17.283170438335805
9,T_10,C_10_1,0.51,0.0,1,1,,11.496886984225675
36,T_10,C_10_4,0.47,0.0,1,1,0,23.860640197593277
3,T_6,C_6_4,0.52,0.6,1,1,0,13.307946747497272
41,T_10,C_10_5,0.42,0.0,0,0,1,-16.50345929272003
24,T_10,C_10_1,0.5,0.0,0,0,0,-15.846045893986872
32,T_7,C_7_8,0.58,0.58,0,0,0,-10.450786444915789
5,T_10,C_10_2,0.59,0.0,0,0,0,-47.70639182608167
49,T_9,C_9_3,0.68,0.62,0,0,1,-3.3961401816861496
34,T_10,C_10_2,0.54,0.0,0,0,1,-12.82955887566822
26,T_10,C_10_2,0.48,0.0,1,0,1,5.608149559553112
46,T_9,C_9_1,0.65,0.48,1,0,1,6.823760564031659
35,T_8,C_8_2,0.54,0.63,1,0,0,5.4635558295467135
12,T_8,C_8_2,0.5,0.6,0,0,0,-1.5588370047463052
2,T_9,C_9_3,0.59,0.45,1,1,,16.304889058156512
7,T_10,C_10_4,0.5,0.0,0,0,1,-4.1991863592914775
33,T_9,C_9_1,0.64,0.49,1,1,0,13.071715894325372
17,T_10,C_10_4,0.58,0.0,0,0,0,-14.747013104932261
14,T_10,C_10_4,0.5,0.0,0,0,1,-15.907089635544533
20,T_7,C_7_4,0.61,0.67,0,0,0,-12.53052227820005
38,T_9,C_9_17,0.54,0.46,0,0,0,-6.228419027722033
43,T_10,C_10_1,0.46,0.0,1,0,1,3.876138623912148
25,T_8,C_8_2,0.52,0.61,1,1,,19.183618544608528
27,T_8,C_8_4,0.49,0.57,1,1,,22.693865903302925
36,T_10,C_10_1,0.46,0.0,1,1,,26.019565648849987
22,T_9,C_9_1,0.61,0.48,1,1,0,20.674069157390107
24,T_10,C_10_2,0.48,0.0,1,1,,24.321464328927597
5,T_10,C_10_4,0.59,0.0,0,0,1,-9.178062578416334
8,T_9,C_9_17,0.62,0.49,1,1,,23.07106496597948
37,T_8,C_8_4,0.51,0.6,1,1,,36.8427284700908
18,T_8,C_8_2,0.62,0.62,1,0,1,7.886620820065321
17,T_10,C_10_1,0.56,0.0,1,1,,15.144148527276194
49,T_10,C_10_2,0.62,0.0,1,0,1,2.095608757248147
46,T_10,C_10_3,0.48,0.0,0,0,0,-8.460488354947685
32,T_7,C_7_6,0.54,0.58,1,0,1,1.3349804933846023
2,T_10,C_10_3,0.45,0.0,1,0,0,6.008989303957293
6,T_8,C_8_2,0.57,0.61,1,1,,32.086960497421785
21,T_8,C_8_4,0.54,0.6,1,1,1,19.72846993138406
33,T_9,C_9_3,0.61,0.49,1,1,,22.72441212192915
3,T_6,C_6_2,0.5,0.6,0,0,1,-4.955519986760116
20,T_7,C_7_3,0.59,0.67,0,0,1,-6.765974093451771
19,T_9,C_9_3,0.61,0.45,1,1,1,10.567435091510758
38,T_9,C_9_1,0.53,0.46,1,0,1,0.13232537364243413
46,T_10,C_10_1,0.47,0.0,1,0,0,3.7661811730154575
42,T_9,C_9_1,0.64,0.51,1,0,0,4.954294481364695
2,T_10,C_10_2,0.44,0.0,1,0,0,4.246900997655434
8,T_10,C_10_1,0.49,0.0,1,0,0,6.79464559396148
22,T_9,C_9_3,0.59,0.48,0,0,1,-0.2814014658203341
28,T_9,C_9_18,0.58,0.45,0,0,1,-16.023103701592692
16,T_8,C_8_4,0.58,0.65,0,0,1,-42.00326102514043
46,T_10,C_10_4,0.46,0.0,1,1,,12.199320860012692
39,T_6,C_6_4,0.62,0.66,0,0,0,-23.50530015140137
2,T_10,C_10_4,0.44,0.0,1,0,1,4.923627529396633
23,T_9,C_9_17,0.52,0.38,1,1,1,14.386844487002614
8,T_10,C_10_4,0.45,0.0,0,0,0,-19.423740352269064
33,T_10,C_10_1,0.49,0.0,0,0,0,-22.447142953212044
12,T_8,C_8_6,0.44,0.6,0,0,1,-39.34328723181898
35,T_8,C_8_1,0.53,0.63,0,0,0,-30.10821260495333
19,T_10,C_10_4,0.45,0.0,1,0,1,6.61327203214703
38,T_10,C_10_1,0.46,0.0,0,0,0,-7.023769994650962
8,T_10,C_10_2,0.43,0.0,1,0,0,0.9516450629622106
33,T_10,C_10_4,0.49,0.0,1,1,,45.148441381879906
22,T_10,C_10_2,0.48,0.0,1,1,0,33.80354974101303
28,T_10,C_10_4,0.45,0.0,1,1,1,21.41205754225755
42,T_9,C_9_17,0.62,0.51,1,1,,18.517255562059525
38,T_10,C_10_4,0.46,0.0,1,1,,18.84166443990654
8,T_10,C_10_5,0.42,0.0,1,1,,20.546856034467716
23,T_10,C_10_1,0.38,0.0,0,0,0,-1.022999296759675
22,T_10,C_10_4,0.47,0.0,0,0,0,-10.05633263009302
23,T_10,C_10_4,0.37,0.0,1,1,,17.676629202946728
27,T_9,C_9_17,0.57,0.44,1,0,0,2.0070854298271357
25,T_9,C_9_1,0.61,0.49,1,1,1,10.06997075658423
22,T_10,C_10_5,0.43,0.0,1,0,1,6.685877045116882
42,T_10,C_10_4,0.51,0.0,0,0,0,-9.117356510731582
37,T_9,C_9_17,0.6,0.44,0,0,0,-0.9461742447217283
18,T_9,C_9_1,0.62,0.54,0,0,1,-7.024603029651434
42,T_10,C_10_3,0.5,0.0,1,1,,18.12044921374129
39,T_6,C_6_5,0.61,0.66,0,0,1,-1.4588921827482224
3,T_7,C_7_8,0.6,0.54,1,0,1,4.702041478185457
6,T_9,C_9_18,0.61,0.5,1,1,0,30.44712747327143
32,T_8,C_8_2,0.58,0.6,0,0,1,-31.649511634367176
25,T_10,C_10_2,0.49,0.0,0,0,0,-14.960976993042816
21,T_9,C_9_1,0.6,0.45,0,0,1,-15.565892027726232
20,T_8,C_8_4,0.67,0.72,0,0,1,-36.62471035356664
27,T_9,C_9_3,0.57,0.44,0,0,1,-13.882972287471162
25,T_10,C_10_4,0.48,0.0,0,0,1,-7.6204263878383465
18,T_10,C_10_4,0.54,0.0,0,0,0,-28.228137526149258
37,T_9,C_9_15,0.56,0.44,1,0,1,5.516608176239412
16,T_9,C_9_1,0.65,0.52,1,0,0,1.0271727830166455
18,T_10,C_10_5,0.53,0.0,1,0,1,2.669419425263257
35,T_8,C_8_4,0.5,0.63,0,0,0,-9.249276718265072
21,T_10,C_10_4,0.45,0.0,1,1,1,10.22454915711995
6,T_9,C_9_1,0.61,0.5,1,1,,32.37820475775763
27,T_10,C_10_4,0.44,0.0,0,0,0,-10.184460608098913
12,T_9,C_9_1,0.6,0.45,0,0,1,-1.0287324803638747
27,T_10,C_10_2,0.44,0.0,1,1,,14.88306800625409
37,T_10,C_10_1,0.44,0.0,1,1,0,29.03939404031734
37,T_10,C_10_4,0.43,0.0,1,1,,29.09209867264876
16,T_9,C_9_3,0.6,0.52,1,1,,13.339972305698629
6,T_10,C_10_1,0.5,0.0,1,1,1,29.957226254665777
12,T_10,C_10_2,0.45,0.0,0,0,0,-16.609890879399504
12,T_10,C_10_4,0.41,0.0,1,0,0,4.431646470062002
39,T_7,C_7_8,0.66,0.66,0,0,1,-9.419081685277828
16,T_10,C_10_1,0.52,0.0,1,1,0,11.034195013751326
12,T_10,C_10_1,0.41,0.0,1,0,0,4.454046440641584
16,T_10,C_10_3,0.5,0.0,1,1,,11.181761507726737
12,T_10,C_10_3,0.4,0.0,1,0,0,4.53934616916165
12,T_10,C_10_5,0.35,0.0,1,0,0,4.865040226045533
3,T_8,C_8_4,0.54,0.59,1,0,1,4.214707497672865
32,T_9,C_9_1,0.6,0.47,0,0,0,-8.072043863488659
20,T_9,C_9_1,0.72,0.6,0,0,0,-42.09260740903344
35,T_8,C_8_3,0.48,0.63,1,1,,24.910388927642146
32,T_9,C_9_17,0.57,0.47,1,1,,27.7474423884394
20,T_9,C_9_15,0.68,0.6,1,1,,31.187394108415244
32,T_10,C_10_2,0.47,0.0,1,1,1,27.025052527244465
20,T_10,C_10_4,0.6,0.0,1,0,1,1.901360080898833
39,T_8,C_8_2,0.66,0.73,0,0,1,-30.843660863454833
35,T_9,C_9_1,0.63,0.51,1,0,1,6.206777417698726
3,T_9,C_9_1,0.59,0.43,0,0,0,-34.44483178854226
35,T_10,C_10_2,0.51,0.0,0,0,0,-2.4608918077700856
35,T_10,C_10_3,0.48,0.0,1,1,,25.33426222424114
3,T_9,C_9_3,0.55,0.43,1,0,1,6.039613998143725
3,T_10,C_10_1,0.43,0.0,0,0,0,-13.033791122930335
3,T_10,C_10_4,0.42,0.0,1,0,1,5.831024293447584
39,T_9,C_9_1,0.73,0.59,0,0,1,-33.571701481547095
39,T_10,C_10_4,0.59,0.0,0,0,0,-31.65780874988936
39,T_10,C_10_2,0.58,0.0,1,0,0,5.353309530051792
39,T_10,C_10_3,0.57,0.0,1,0,0,5.412344506983352
39,T_10,C_10_1,0.54,0.0,1,0,1,5.56831477136771
