student_number,topic,arm_pulled,pay-off,pay-off_next_topic,actual_decision,skip_decision,reward,confidence_score
1,T_1,C_1_12,0.59,0.61,0,0,1,-10.0
0,T_1,C_1_3,0.58,0.65,0,0,1,-10.0
31,T_1,C_1_6,0.57,0.65,0,0,0,-10.0
12,T_1,C_1_9,0.52,0.57,0,0,1,-10.0
11,T_1,C_1_3,0.6,0.7,0,0,0,-10.0
19,T_1,C_1_6,0.56,0.62,0,0,0,-10.0
8,T_1,C_1_9,0.59,0.62,0,0,1,-10.0
42,T_1,C_1_13,0.57,0.62,0,0,1,-10.0
35,T_1,C_1_5,0.54,0.61,0,0,1,-10.0
32,T_1,C_1_3,0.55,0.63,1,1,1,33.071784646061815
37,T_1,C_1_13,0.53,0.58,1,1,0,31.605184446660026
47,T_1,C_1_12,0.62,0.65,1,1,1,37.14257228315056
5,T_1,C_1_10,0.61,0.66,1,1,1,42.21734795613161
46,T_1,C_1_12,0.56,0.61,1,1,1,37.0518444666002
15,T_1,C_1_9,0.69,0.79,1,0,1,1.0447909260267032
14,T_1,C_1_3,0.57,0.64,1,0,0,1.5746714041143548
9,T_1,C_1_12,0.59,0.62,0,0,0,-0.014970030148598212
24,T_1,C_1_13,0.6,0.63,0,0,1,-2.310786763216326
17,T_1,C_1_12,0.64,0.68,1,0,1,2.236025985787659
13,T_1,C_1_13,0.53,0.62,0,0,0,-7.090667241303977
27,T_1,C_1_13,0.55,0.59,0,0,1,-2.5757270022601517
7,T_1,C_1_9,0.54,0.59,0,0,1,-4.946244930547003
25,T_1,C_1_3,0.54,0.59,0,0,1,-1.7649700301485964
44,T_1,C_1_3,0.64,0.67,1,0,0,3.0069423204490136
45,T_1,C_1_13,0.62,0.72,0,0,0,-4.540866444491227
4,T_1,C_1_6,0.56,0.64,1,0,0,1.1842331571024012
36,T_1,C_1_13,0.56,0.59,1,0,0,0.11949212124582331
2,T_1,C_1_9,0.5,0.59,0,0,1,-0.8984361656067659
16,T_1,C_1_12,0.57,0.65,0,0,1,-6.818925353135258
40,T_1,C_1_9,0.59,0.68,1,0,0,1.1910248956209628
38,T_1,C_1_12,0.51,0.57,0,0,1,-4.342308437712372
26,T_1,C_1_9,0.52,0.59,0,0,0,-4.1005173929362515
39,T_1,C_1_3,0.65,0.72,1,0,0,1.4736119602975783
10,T_1,C_1_13,0.55,0.59,1,1,1,39.005954225116625
22,T_1,C_1_6,0.54,0.6,1,0,1,1.3163980299493172
33,T_1,C_1_3,0.57,0.6,1,1,1,38.97016893684625
21,T_1,C_1_13,0.5,0.56,1,1,0,31.31609339012656
20,T_1,C_1_13,0.67,0.72,0,0,1,-5.42806331808494
28,T_1,C_1_3,0.53,0.56,0,0,1,-5.901747528611254
43,T_1,C_1_12,0.57,0.6,0,0,1,-10.371459544500032
41,T_1,C_1_3,0.53,0.61,0,0,1,-49.432579325083566
3,T_1,C_1_9,0.51,0.57,0,0,1,-47.30559519809944
49,T_1,C_1_9,0.62,0.67,0,0,0,-53.18952376952802
6,T_1,C_1_12,0.58,0.6,0,0,1,-52.264559755180954
30,T_1,C_1_13,0.62,0.65,0,0,1,-50.10301366994804
23,T_1,C_1_13,0.46,0.54,0,0,0,-43.60152704953179
18,T_1,C_1_9,0.56,0.62,0,0,1,-51.11667487749595
48,T_1,C_1_12,0.6,0.69,0,0,1,-16.66047721025149
34,T_1,C_1_9,0.59,0.64,0,0,0,-15.922593926374137
29,T_1,C_1_13,0.55,0.61,0,0,1,-11.976039620575865
31,T_1,C_1_3,0.57,0.65,1,0,1,10.452699756582962
19,T_1,C_1_13,0.56,0.62,0,0,1,-2.873966910083708
11,T_1,C_1_6,0.6,0.7,1,0,1,15.292699756582952
37,T_1,C_1_12,0.52,0.58,0,0,0,-41.90858995580729
14,T_1,C_1_9,0.55,0.64,1,0,1,1.461786721653505
9,T_1,C_1_9,0.56,0.62,0,0,1,-4.1738869026349175
13,T_1,C_1_9,0.51,0.62,0,0,0,-38.38810916677927
45,T_1,C_1_9,0.6,0.72,0,0,1,-11.481897690617464
4,T_1,C_1_9,0.54,0.64,0,0,0,-26.198075552490693
1,T_2,C_2_10,0.61,0.69,0,0,1,-12.497034871317561
0,T_2,C_2_14,0.65,0.68,0,0,1,-3.3759374257168053
44,T_1,C_1_9,0.59,0.67,0,0,1,-7.833107466832567
36,T_1,C_1_14,0.53,0.59,1,0,1,17.722861623385235
12,T_2,C_2_14,0.57,0.6,1,0,1,26.17517512669024
42,T_2,C_2_10,0.62,0.72,0,0,1,-20.01428976784752
8,T_2,C_2_18,0.62,0.66,0,0,0,-10.577908994991734
26,T_1,C_1_3,0.51,0.59,0,0,1,-15.181934440907622
32,T_2,C_2_14,0.63,0.64,0,0,1,-7.128191259455843
47,T_2,C_2_14,0.65,0.69,0,0,1,-20.375604241581904
40,T_1,C_1_3,0.57,0.68,0,0,1,-9.00589586905133
35,T_2,C_2_10,0.61,0.65,0,0,0,-20.200488948645887
39,T_1,C_1_12,0.6,0.72,0,0,0,-15.3301881967662
21,T_1,C_1_6,0.49,0.56,0,0,0,-17.875467768936055
5,T_2,C_2_10,0.66,0.71,0,0,1,-27.78359716587893
46,T_2,C_2_2,0.61,0.66,0,0,1,-18.369983442639363
24,T_2,C_2_5,0.63,0.68,0,0,0,-4.145169745074697
27,T_2,C_2_10,0.59,0.72,1,0,0,24.74843899221333
15,T_2,C_2_16,0.79,0.79,1,1,0,50.10664794743722
7,T_2,C_2_14,0.59,0.64,1,1,0,31.863562060469434
17,T_2,C_2_8,0.68,0.74,1,1,1,35.32861331862416
49,T_1,C_1_6,0.6,0.67,0,0,1,-9.178884932854062
23,T_1,C_1_9,0.44,0.54,1,0,1,9.34082151830207
25,T_2,C_2_14,0.59,0.63,1,0,1,23.692321855078973
34,T_1,C_1_13,0.57,0.64,1,1,,34.28506130151893
16,T_2,C_2_14,0.65,0.64,0,0,1,-22.74088951027525
2,T_2,C_2_5,0.59,0.66,0,0,0,-17.083178016493644
38,T_2,C_2_14,0.57,0.61,0,0,1,-30.211601011249904
22,T_2,C_2_18,0.6,0.66,1,0,1,19.679603564080764
37,T_1,C_1_3,0.52,0.58,1,0,0,15.136325479366219
33,T_2,C_2_2,0.6,0.66,1,0,1,13.770763785075244
10,T_2,C_2_14,0.59,0.68,1,0,1,14.597684622159544
3,T_2,C_2_14,0.57,0.6,0,0,1,-23.14647573137581
13,T_1,C_1_12,0.47,0.62,0,0,1,-6.590001902174716
28,T_2,C_2_6,0.56,0.64,0,0,1,-36.683016282845465
41,T_2,C_2_14,0.61,0.64,0,0,1,-24.521131378758724
20,T_2,C_2_5,0.72,0.73,0,0,1,-19.58852087000143
43,T_2,C_2_14,0.6,0.66,0,0,1,-14.89776665915203
6,T_2,C_2_2,0.6,0.65,0,0,1,-40.044421104614905
1,T_3,C_3_4,0.69,0.51,0,0,1,-32.09930320693054
8,T_2,C_2_5,0.61,0.66,0,0,0,-18.00678387813493
0,T_3,C_3_4,0.68,0.52,0,0,0,-21.67860187900802
42,T_3,C_3_4,0.72,0.56,0,0,1,-31.449168606613135
18,T_2,C_2_14,0.62,0.65,0,0,1,-38.08993643111039
30,T_2,C_2_5,0.65,0.69,0,0,0,-27.502136687318767
48,T_2,C_2_14,0.69,0.68,0,0,1,-37.26074058558104
35,T_2,C_2_6,0.58,0.65,0,0,0,-38.210649510899806
12,T_3,C_3_4,0.6,0.47,1,0,1,13.955169390535664
4,T_1,C_1_3,0.54,0.64,1,0,0,6.748617980162601
29,T_2,C_2_14,0.61,0.62,1,0,0,15.458049694944627
47,T_3,C_3_5,0.69,0.53,0,0,1,-36.56132773053633
32,T_3,C_3_4,0.64,0.48,0,0,1,-17.500890180775436
19,T_2,C_2_5,0.62,0.68,0,0,0,-5.623394717980524
11,T_2,C_2_10,0.7,0.78,1,0,1,19.381740591923347
27,T_2,C_2_6,0.59,0.72,1,0,0,19.60381535960428
31,T_2,C_2_10,0.65,0.72,1,0,0,13.563091377703813
24,T_2,C_2_14,0.61,0.68,1,0,1,23.11784250892553
15,T_2,C_2_18,0.75,0.79,1,0,1,1.7323221469345809
7,T_2,C_2_16,0.58,0.64,1,0,0,4.101500656446079
5,T_3,C_3_5,0.71,0.59,0,0,1,-65.04639008325175
17,T_3,C_3_4,0.74,0.62,0,0,1,-32.416111185208656
21,T_1,C_1_9,0.48,0.56,1,0,1,1.3017498192206092
46,T_3,C_3_5,0.66,0.55,0,0,1,-5.662311276915958
39,T_1,C_1_1,0.6,0.72,0,0,0,-6.998340028039055
14,T_2,C_2_10,0.64,0.65,0,0,1,-5.591646487847337
0,T_3,C_3_5,0.63,0.52,1,0,1,0.714457641416594
25,T_3,C_3_4,0.63,0.52,0,0,1,-35.21348513337791
9,T_2,C_2_10,0.62,0.65,0,0,0,-55.53097392261559
2,T_2,C_2_7,0.57,0.66,1,0,0,21.919665106798778
16,T_3,C_3_5,0.64,0.54,0,0,1,-53.09809848547069
45,T_2,C_2_14,0.72,0.7,0,0,1,-51.405495892515816
38,T_3,C_3_4,0.61,0.45,0,0,1,-57.45009892552207
44,T_2,C_2_10,0.67,0.74,0,0,1,-32.24592403822962
22,T_3,C_3_4,0.66,0.54,0,0,1,-24.429597426920814
36,T_2,C_2_6,0.59,0.7,0,0,1,-41.501597426920775
10,T_3,C_3_4,0.68,0.52,1,0,1,5.293288497437482
33,T_3,C_3_5,0.66,0.51,1,0,1,2.1806998449552073
3,T_3,C_3_4,0.6,0.45,1,0,0,5.862561499969064
26,T_2,C_2_14,0.59,0.64,0,0,0,-1.6408544762648969
8,T_2,C_2_14,0.6,0.66,1,0,1,23.860030479487307
37,T_1,C_1_9,0.5,0.58,0,0,1,-30.744785083029015
41,T_3,C_3_4,0.64,0.47,0,0,1,-35.59650617746857
30,T_2,C_2_14,0.59,0.69,0,0,0,-25.531464482977015
43,T_3,C_3_4,0.66,0.53,0,0,1,-31.446808398320943
28,T_3,C_3_4,0.64,0.48,0,0,1,-44.42336559323351
20,T_3,C_3_4,0.73,0.6,1,1,1,51.80791945411895
40,T_2,C_2_15,0.68,0.66,0,0,0,-3.846062855853601
35,T_2,C_2_7,0.57,0.65,0,0,1,-21.41234907183251
29,T_2,C_2_5,0.55,0.62,0,0,0,-2.235878483597242
1,T_4,C_4_3,0.51,0.61,0,0,0,-17.932103242157368
42,T_4,C_4_1,0.56,0.59,0,0,0,-9.810944330831637
6,T_3,C_3_5,0.65,0.51,0,0,0,-17.13842457666133
18,T_3,C_3_4,0.65,0.58,0,0,1,-6.736665260892862
48,T_3,C_3_5,0.68,0.56,0,0,1,-20.30971862922181
12,T_4,C_4_4,0.47,0.52,0,0,0,-40.64513059258654
19,T_2,C_2_10,0.56,0.68,0,0,0,-24.7508998233558
23,T_2,C_2_14,0.54,0.61,0,0,0,-17.94741629814735
47,T_4,C_4_1,0.53,0.62,1,0,0,19.411639983095135
27,T_2,C_2_5,0.56,0.72,1,0,0,29.255087820052026
31,T_2,C_2_7,0.63,0.72,1,0,0,27.219373534337734
3,T_3,C_3_5,0.58,0.45,1,0,1,22.850766383141263
49,T_2,C_2_16,0.67,0.71,1,1,1,30.382533136840124
34,T_2,C_2_14,0.64,0.67,1,0,0,29.883669853077315
4,T_1,C_1_13,0.53,0.64,0,0,0,-6.949729385979663
11,T_3,C_3_4,0.78,0.6,0,0,1,-19.993132163757423
7,T_2,C_2_18,0.57,0.64,1,0,1,17.50903157576264
32,T_4,C_4_1,0.48,0.56,1,0,1,16.254409092932086
24,T_3,C_3_4,0.68,0.55,1,0,1,29.958048607663443
15,T_3,C_3_5,0.79,0.7,1,0,1,17.986970126316784
9,T_2,C_2_8,0.61,0.65,1,0,1,3.582990887562474
17,T_4,C_4_1,0.62,0.65,1,0,0,17.191122375451755
5,T_4,C_4_1,0.59,0.63,1,0,1,2.3027140709534955
46,T_4,C_4_1,0.55,0.6,1,0,1,13.427495378056612
2,T_2,C_2_10,0.57,0.66,1,0,1,26.17814062072609
13,T_2,C_2_14,0.62,0.61,0,0,0,-3.9594809963847375
0,T_4,C_4_5,0.52,0.59,1,0,1,18.01641226750741
14,T_3,C_3_4,0.65,0.59,1,0,0,16.989427251029525
6,T_3,C_3_4,0.62,0.51,1,0,0,8.060855822458105
25,T_4,C_4_1,0.52,0.58,0,0,1,-24.500967937389035
16,T_4,C_4_5,0.54,0.6,0,0,1,-19.750807546019345
45,T_3,C_3_4,0.7,0.59,0,0,1,-23.65842350284226
39,T_1,C_1_6,0.6,0.72,0,0,1,-21.062022474564657
38,T_4,C_4_1,0.45,0.56,0,0,1,-28.933487770194446
26,T_2,C_2_10,0.58,0.64,0,0,1,-25.77595792549256
36,T_3,C_3_4,0.7,0.53,1,0,1,14.593449541374115
44,T_3,C_3_4,0.74,0.59,0,0,1,-24.405676748171363
22,T_4,C_4_1,0.54,0.55,0,0,0,-11.844992987487611
30,T_2,C_2_2,0.58,0.69,1,0,1,4.424237781743164
33,T_4,C_4_1,0.51,0.61,0,0,1,-22.395481596337987
10,T_4,C_4_1,0.52,0.58,0,0,0,-14.017495248215127
8,T_3,C_3_4,0.66,0.51,0,0,1,-3.2042946484375197
40,T_2,C_2_5,0.65,0.66,0,0,1,-14.172778464451133
1,T_4,C_4_1,0.51,0.61,0,0,1,-32.0858960112995
42,T_4,C_4_3,0.5,0.59,0,0,1,-27.69918391589917
41,T_4,C_4_3,0.47,0.56,0,0,0,-22.586739854811082
29,T_2,C_2_6,0.55,0.62,0,0,0,-6.205608141011903
12,T_4,C_4_5,0.45,0.52,0,0,1,-11.912987275871945
43,T_4,C_4_3,0.53,0.6,0,0,0,-18.10027253629087
20,T_4,C_4_1,0.6,0.65,0,0,1,-0.07640236019764135
28,T_4,C_4_1,0.48,0.56,0,0,1,-34.718231318707375
19,T_2,C_2_6,0.55,0.68,1,0,0,17.660988692701775
47,T_4,C_4_4,0.53,0.62,0,0,0,-24.63655991253912
35,T_3,C_3_4,0.65,0.52,0,0,1,-45.11567565127024
23,T_2,C_2_6,0.52,0.61,0,0,0,-0.39313887398661684
48,T_4,C_4_5,0.56,0.64,0,0,1,-51.84856176991387
18,T_4,C_4_1,0.58,0.58,0,0,1,-32.72808999232332
21,T_2,C_2_5,0.56,0.61,0,0,1,-5.613515434614804
31,T_2,C_2_5,0.63,0.72,0,0,1,-20.627837254328366
6,T_3,C_3_9,0.58,0.51,0,0,0,-30.681774828333012
14,T_3,C_3_5,0.64,0.59,0,0,1,-22.9391339536484
27,T_2,C_2_14,0.56,0.72,0,0,1,-13.867645307727448
34,T_2,C_2_16,0.63,0.67,0,0,1,-18.447413146021432
17,T_4,C_4_5,0.59,0.65,1,0,1,14.364448511063634
49,T_3,C_3_4,0.71,0.64,0,0,1,-24.986332287085602
3,T_4,C_4_3,0.45,0.55,0,0,0,-23.239995103001284
7,T_3,C_3_5,0.64,0.5,1,0,0,14.380679469338478
11,T_4,C_4_4,0.6,0.63,0,0,1,-5.660487609818713
24,T_4,C_4_1,0.55,0.59,1,0,1,15.431781716864581
15,T_4,C_4_4,0.7,0.7,0,0,1,-6.625574891614232
37,T_2,C_2_14,0.58,0.67,1,0,0,10.695929625056452
13,T_2,C_2_5,0.53,0.61,0,0,0,-11.72417831390221
9,T_3,C_3_5,0.65,0.57,0,0,1,-34.43123225581092
4,T_1,C_1_14,0.52,0.64,0,0,1,-34.63471621912024
2,T_3,C_3_4,0.66,0.51,0,0,1,-35.70940824953673
32,T_5,C_5_5,0.56,0.53,0,0,0,-39.34831078743319
22,T_4,C_4_4,0.53,0.55,1,0,1,14.13027311794826
10,T_4,C_4_5,0.51,0.58,0,0,0,-34.959276914023924
45,T_4,C_4_5,0.59,0.64,0,0,0,-66.50228401193507
5,T_5,C_5_5,0.63,0.61,0,0,1,-42.69136170574458
46,T_5,C_5_5,0.6,0.61,0,0,0,-3.1026917550056723
26,T_3,C_3_4,0.64,0.5,0,0,0,-9.515723783465846
36,T_4,C_4_1,0.53,0.55,0,0,1,-25.460045923354734
44,T_4,C_4_3,0.59,0.64,0,0,0,-22.368242644666232
0,T_5,C_5_5,0.59,0.54,0,0,1,-21.42493428414476
6,T_3,C_3_2,0.56,0.51,1,0,1,2.8396029803925096
41,T_4,C_4_1,0.46,0.56,0,0,0,-9.019994677077486
16,T_5,C_5_5,0.6,0.54,0,0,1,-17.454603226636536
25,T_5,C_5_5,0.58,0.58,1,0,1,6.148558037869247
38,T_5,C_5_10,0.56,0.51,1,0,1,19.599155634167154
30,T_3,C_3_4,0.69,0.53,1,0,0,26.67419641720141
29,T_2,C_2_18,0.55,0.62,1,1,,33.03390277935474
43,T_4,C_4_5,0.48,0.6,1,1,,38.358898395510664
47,T_4,C_4_5,0.53,0.62,1,0,0,28.98837722287223
40,T_3,C_3_4,0.66,0.6,1,0,1,24.20692306003759
7,T_3,C_3_4,0.62,0.5,1,0,1,26.014083352958654
19,T_2,C_2_7,0.54,0.68,1,0,1,16.225113538118116
8,T_4,C_4_3,0.51,0.59,1,1,1,64.34877398999475
33,T_5,C_5_5,0.61,0.57,0,0,0,-33.03619374545059
1,T_5,C_5_5,0.61,0.59,1,0,1,21.53667344675047
23,T_2,C_2_10,0.51,0.61,1,0,1,21.626334189884552
42,T_5,C_5_5,0.59,0.59,1,0,1,23.5617138344726
35,T_4,C_4_1,0.52,0.59,0,0,0,-5.6523410928294915
12,T_5,C_5_5,0.52,0.52,1,0,1,20.02576582804185
3,T_4,C_4_1,0.44,0.55,0,0,0,-0.31173710095916896
26,T_3,C_3_5,0.59,0.5,0,0,0,-38.942590005991555
20,T_5,C_5_8,0.65,0.63,0,0,0,-30.446615770886893
32,T_5,C_5_10,0.53,0.53,0,0,0,-37.17642573405584
21,T_3,C_3_4,0.61,0.53,0,0,1,-35.40570972440175
31,T_3,C_3_4,0.72,0.57,0,0,0,-19.185107953576054
28,T_5,C_5_5,0.56,0.52,0,0,0,-0.7312926925318699
14,T_4,C_4_1,0.59,0.58,0,0,1,-22.215907878798607
27,T_3,C_3_4,0.72,0.47,0,0,1,-9.664543512827493
34,T_3,C_3_4,0.67,0.56,0,0,1,-10.977211733571746
37,T_2,C_2_10,0.57,0.67,1,0,0,8.75895506674903
39,T_2,C_2_16,0.72,0.75,0,0,1,-0.7823440511339008
13,T_2,C_2_7,0.5,0.61,1,0,1,24.20482515496073
46,T_5,C_5_10,0.55,0.61,0,0,0,-6.798382543515594
49,T_4,C_4_4,0.64,0.64,1,0,0,23.00228778321726
18,T_5,C_5_5,0.58,0.54,0,0,0,-17.30880211434179
48,T_5,C_5_5,0.64,0.6,0,0,1,-17.628999392164037
45,T_4,C_4_1,0.56,0.64,0,0,0,-20.472199392164036
30,T_3,C_3_5,0.63,0.53,1,1,,33.07689477250421
10,T_4,C_4_4,0.5,0.58,1,1,,38.5333296246225
44,T_4,C_4_4,0.58,0.64,0,0,1,-6.483644356001609
17,T_5,C_5_5,0.65,0.67,1,1,1,30.587230041146665
9,T_4,C_4_1,0.57,0.63,1,1,0,32.88762844752116
11,T_5,C_5_8,0.63,0.64,0,0,1,-48.010879326851004
15,T_5,C_5_10,0.7,0.69,0,0,0,-8.429072730338564
2,T_4,C_4_1,0.51,0.56,0,0,1,-48.399022883278356
41,T_4,C_4_4,0.46,0.56,0,0,0,-27.845493937996856
24,T_5,C_5_10,0.59,0.6,0,0,1,-64.51159610579816
26,T_3,C_3_2,0.55,0.5,0,0,0,-29.574049600546292
47,T_4,C_4_2,0.52,0.62,1,0,1,8.403878679518249
33,T_5,C_5_10,0.57,0.57,1,0,0,16.06368880610053
22,T_5,C_5_5,0.55,0.6,1,1,1,57.568847750477005
31,T_3,C_3_2,0.65,0.57,1,1,,43.90270726113212
6,T_4,C_4_1,0.51,0.62,1,1,1,52.65566700856701
5,T_6,C_6_5,0.61,0.66,0,0,0,-24.046385994489373
29,T_3,C_3_4,0.62,0.5,1,0,1,4.826054950392481
36,T_5,C_5_5,0.55,0.55,0,0,1,-13.813315128347636
20,T_5,C_5_10,0.63,0.63,1,0,1,2.796133690549964
32,T_5,C_5_8,0.52,0.53,1,1,,38.56130478944563
3,T_4,C_4_5,0.44,0.55,1,0,1,17.56031915159713
35,T_4,C_4_3,0.52,0.59,0,0,0,-7.823812820123189
40,T_4,C_4_3,0.6,0.63,1,0,0,16.244691843208074
0,T_6,C_6_4,0.54,0.63,1,0,1,8.414236584181365
16,T_6,C_6_5,0.54,0.62,1,0,0,0.7690246532551761
19,T_3,C_3_4,0.68,0.49,1,0,1,20.31018536639499
28,T_5,C_5_10,0.55,0.52,1,1,,32.06175276451414
7,T_4,C_4_1,0.5,0.57,1,0,1,15.580481719222437
25,T_6,C_6_4,0.58,0.62,0,0,0,-9.011850049165648
23,T_3,C_3_4,0.61,0.39,1,0,1,14.672813487610544
38,T_6,C_6_5,0.51,0.57,0,0,0,-14.02322557361807
43,T_5,C_5_5,0.6,0.58,0,0,0,-4.692498443047339
46,T_5,C_5_4,0.52,0.61,0,0,1,-15.634441611538325
8,T_5,C_5_5,0.59,0.6,1,1,0,42.40400857386366
4,T_2,C_2_5,0.64,0.66,0,0,0,-26.57491292491661
18,T_5,C_5_10,0.57,0.54,0,0,1,-25.526431827449798
1,T_6,C_6_4,0.59,0.63,0,0,1,-8.228917793282566
49,T_4,C_4_1,0.59,0.64,0,0,0,-29.173664874994643
42,T_6,C_6_4,0.59,0.64,0,0,1,-19.37911234581174
26,T_3,C_3_9,0.54,0.5,1,0,0,26.025246478038014
37,T_2,C_2_6,0.56,0.67,1,1,,33.07034756668497
21,T_4,C_4_1,0.53,0.51,0,0,0,-4.6839292606866945
45,T_4,C_4_3,0.53,0.64,0,0,0,-42.31733560517053
12,T_6,C_6_4,0.52,0.61,0,0,0,-23.998236226288554
27,T_4,C_4_1,0.47,0.53,0,0,1,-3.7269897980785167
34,T_4,C_4_5,0.56,0.6,1,0,1,7.968122692224032
15,T_5,C_5_1,0.7,0.69,0,0,1,-21.964878672934944
39,T_3,C_3_5,0.75,0.6,0,0,0,-12.677281773710138
13,T_3,C_3_4,0.61,0.42,1,0,1,10.245816841500933
33,T_5,C_5_7,0.51,0.57,1,0,1,7.230780626457502
9,T_4,C_4_4,0.54,0.63,1,0,0,6.865853699088536
41,T_4,C_4_5,0.44,0.56,0,0,0,-32.59187426697277
14,T_5,C_5_5,0.58,0.6,0,0,1,-37.232306365738204
30,T_4,C_4_1,0.53,0.56,1,0,1,12.618266387393266
48,T_6,C_6_5,0.6,0.66,1,0,1,28.695092256860264
44,T_5,C_5_5,0.64,0.65,1,0,1,24.032730646254485
10,T_5,C_5_10,0.58,0.56,1,0,1,27.88931895500753
5,T_6,C_6_9,0.59,0.66,0,0,1,-15.856534354272746
31,T_4,C_4_3,0.57,0.6,1,0,0,25.439686202722356
17,T_6,C_6_4,0.67,0.71,1,0,0,27.965640401195635
35,T_4,C_4_4,0.52,0.59,1,0,1,4.238207813752932
40,T_4,C_4_1,0.53,0.63,0,0,1,-24.19743582543519
2,T_5,C_5_5,0.56,0.59,0,0,1,-44.651704118118104
11,T_6,C_6_4,0.64,0.69,0,0,1,-10.030681927535834
43,T_5,C_5_10,0.54,0.58,1,0,1,16.352118681292165
26,T_3,C_3_1,0.52,0.5,0,0,0,-24.18756509853432
29,T_4,C_4_1,0.5,0.58,0,0,0,-28.963990954047635
16,T_6,C_6_9,0.54,0.62,0,0,0,-18.400140364058355
24,T_6,C_6_4,0.6,0.63,0,0,1,-40.39178170144439
8,T_5,C_5_10,0.58,0.6,0,0,0,-16.95939357147231
47,T_5,C_5_5,0.62,0.59,0,0,0,-20.89564335975508
25,T_6,C_6_9,0.52,0.62,0,0,1,-28.491242752774795
6,T_5,C_5_5,0.62,0.57,0,0,0,-9.441159982737554
22,T_6,C_6_4,0.6,0.64,1,0,1,16.186019839710976
38,T_6,C_6_9,0.48,0.57,1,0,0,5.977583673555309
39,T_3,C_3_9,0.71,0.6,1,0,1,19.194678983691453
19,T_4,C_4_1,0.49,0.54,0,0,1,-2.251614511013565
49,T_4,C_4_5,0.59,0.64,0,0,1,-29.43498953639221
36,T_6,C_6_4,0.55,0.62,0,0,1,-46.30356959681516
20,T_6,C_6_4,0.63,0.69,0,0,1,-37.58932174867062
3,T_5,C_5_5,0.55,0.53,0,0,0,-18.557623635463063
4,T_2,C_2_7,0.6,0.66,0,0,1,-22.730747293593893
32,T_6,C_6_4,0.53,0.6,0,0,0,-32.831726946947335
0,T_7,C_7_8,0.63,0.54,1,0,0,5.969407507978626
23,T_4,C_4_1,0.39,0.51,0,0,0,-3.597610564310532
21,T_4,C_4_5,0.46,0.51,0,0,1,-4.064975135376738
45,T_4,C_4_4,0.52,0.64,0,0,0,-14.270238293271461
28,T_6,C_6_5,0.52,0.56,1,0,1,13.783145165375124
12,T_6,C_6_9,0.49,0.61,0,0,0,-2.289273879235636
7,T_5,C_5_10,0.57,0.53,1,0,0,12.091821394582809
37,T_3,C_3_4,0.67,0.46,0,0,1,-1.3527803382607608
1,T_7,C_7_8,0.63,0.53,1,0,1,1.7265016363091918
9,T_4,C_4_3,0.5,0.63,0,0,1,-26.404385621042504
41,T_4,C_4_2,0.42,0.56,0,0,1,-34.64504331909933
26,T_3,C_3_10,0.51,0.5,0,0,1,-28.32781363047776
42,T_7,C_7_6,0.64,0.59,0,0,1,-48.106753137572596
18,T_6,C_6_4,0.54,0.61,0,0,1,-18.727803732113916
46,T_6,C_6_4,0.61,0.66,1,0,1,4.368994480842146
13,T_4,C_4_5,0.42,0.53,1,0,1,20.409444342025118
31,T_4,C_4_1,0.56,0.6,1,0,0,14.293459211913628
17,T_6,C_6_9,0.6,0.71,1,0,0,17.76296628118225
34,T_5,C_5_5,0.6,0.6,0,0,1,-8.423054858221954
27,T_5,C_5_8,0.53,0.54,0,0,1,-18.35828807775072
15,T_6,C_6_2,0.69,0.76,1,0,0,2.543970879948656
8,T_5,C_5_9,0.57,0.6,0,0,0,-17.28078951488633
47,T_5,C_5_10,0.62,0.59,0,0,0,-17.888328317547053
6,T_5,C_5_10,0.59,0.57,0,0,1,-14.245389706342756
48,T_7,C_7_6,0.66,0.57,0,0,0,-20.5112835334226
29,T_4,C_4_4,0.48,0.58,0,0,0,-26.983997397729425
5,T_7,C_7_8,0.66,0.62,0,0,1,-30.03085074357461
30,T_5,C_5_8,0.56,0.57,0,0,1,-36.60448844607832
16,T_6,C_6_4,0.51,0.62,0,0,1,-7.522750596299224
33,T_6,C_6_4,0.57,0.64,0,0,0,-18.54134858646136
14,T_6,C_6_4,0.6,0.66,0,0,1,-30.17388981487325
10,T_6,C_6_4,0.56,0.62,0,0,0,-26.448411144345542
44,T_6,C_6_4,0.65,0.7,0,0,1,-35.92967492098036
0,T_7,C_7_6,0.6,0.54,1,0,0,14.146780479676274
3,T_5,C_5_10,0.51,0.53,1,0,1,10.962492667635164
35,T_5,C_5_5,0.59,0.58,0,0,1,-23.08797326783146
11,T_7,C_7_8,0.69,0.62,0,0,0,-41.1187650566878
40,T_5,C_5_5,0.63,0.65,0,0,0,-22.280055379268433
38,T_6,C_6_8,0.48,0.57,1,0,0,16.38684564819794
2,T_6,C_6_4,0.59,0.61,0,0,1,-0.641447999537796
24,T_7,C_7_8,0.63,0.56,1,0,0,4.887520915169744
7,T_5,C_5_5,0.56,0.53,0,0,0,-12.395076575017026
43,T_6,C_6_4,0.58,0.66,0,0,1,-2.662374462853893
23,T_4,C_4_4,0.37,0.51,0,0,0,-16.61441055929056
39,T_4,C_4_1,0.6,0.64,0,0,0,-12.515429482143547
32,T_6,C_6_9,0.48,0.6,1,0,1,11.41093812404939
45,T_4,C_4_2,0.48,0.64,1,0,0,12.687301760413034
25,T_7,C_7_8,0.62,0.51,1,0,1,11.893119942231225
22,T_7,C_7_8,0.64,0.55,0,0,1,-24.99959834529523
36,T_7,C_7_6,0.62,0.53,0,0,0,-41.77989443404245
4,T_3,C_3_4,0.66,0.57,0,0,0,-2.1163480388611537
12,T_6,C_6_2,0.45,0.61,1,0,1,4.16646559420628
20,T_7,C_7_8,0.69,0.64,0,0,1,-34.60503023873296
19,T_5,C_5_8,0.54,0.58,0,0,0,-28.45523960182841
49,T_5,C_5_10,0.64,0.66,1,0,0,19.257286504487332
48,T_7,C_7_8,0.64,0.57,1,0,1,1.259238366227005
8,T_5,C_5_8,0.54,0.6,1,0,0,26.027255349609405
37,T_4,C_4_3,0.46,0.56,0,0,0,-11.252673134108257
47,T_5,C_5_1,0.57,0.59,1,0,1,23.844903958859778
31,T_4,C_4_4,0.54,0.6,0,0,0,-2.4481125998155333
28,T_7,C_7_8,0.56,0.51,1,0,0,17.725937361079684
17,T_6,C_6_5,0.6,0.71,1,0,1,17.466111009612195
26,T_4,C_4_4,0.5,0.55,1,0,1,22.977605262485763
21,T_5,C_5_10,0.51,0.53,0,0,0,-20.03041598892066
0,T_7,C_7_2,0.52,0.54,1,0,0,27.47806274482303
15,T_6,C_6_5,0.68,0.76,1,1,,65.73163567721562
11,T_7,C_7_6,0.66,0.62,1,0,1,11.216172230164737
9,T_5,C_5_10,0.63,0.59,1,0,1,23.78524882286339
29,T_4,C_4_5,0.45,0.58,0,0,0,-15.08121344094944
18,T_7,C_7_8,0.61,0.58,0,0,0,-3.133108264658558
1,T_8,C_8_2,0.53,0.64,1,0,1,19.35946244911657
46,T_7,C_7_8,0.66,0.54,1,0,1,13.960891020545155
41,T_5,C_5_5,0.56,0.52,1,0,1,5.592319591973714
24,T_7,C_7_6,0.59,0.56,0,0,1,-28.42204616717793
33,T_6,C_6_5,0.56,0.64,0,0,0,-16.547747114067317
40,T_5,C_5_4,0.59,0.65,0,0,0,-35.24646506278526
13,T_5,C_5_10,0.53,0.49,1,0,1,13.694706312315658
7,T_5,C_5_1,0.53,0.53,0,0,0,-24.993452163745378
42,T_8,C_8_4,0.59,0.66,0,0,1,-27.133834363945684
10,T_6,C_6_5,0.54,0.62,0,0,0,-16.074175273036598
4,T_3,C_3_5,0.64,0.57,0,0,0,-11.151944907367817
34,T_6,C_6_4,0.6,0.68,0,0,1,-3.296911157764222
36,T_7,C_7_2,0.55,0.53,0,0,1,-4.711804774785493
27,T_6,C_6_4,0.54,0.58,1,0,1,0.9562803315974611
38,T_6,C_6_4,0.47,0.57,1,0,1,4.0351503599938505
6,T_6,C_6_5,0.57,0.64,0,0,1,-0.520326671808272
16,T_7,C_7_6,0.62,0.51,0,0,1,-2.270149993363031
14,T_7,C_7_8,0.66,0.55,0,0,0,-18.161586578777577
23,T_4,C_4_3,0.36,0.51,0,0,0,-4.677829516630708
30,T_6,C_6_4,0.57,0.64,1,0,1,4.1766902573805815
39,T_4,C_4_4,0.58,0.64,1,0,1,1.8106203595699197
44,T_7,C_7_8,0.7,0.6,0,0,0,-17.160010793674047
49,T_5,C_5_8,0.63,0.66,0,0,0,-10.804397223657613
28,T_7,C_7_6,0.55,0.51,1,0,1,26.901419707527804
19,T_5,C_5_10,0.52,0.58,1,0,1,11.79979865114018
8,T_5,C_5_1,0.51,0.6,1,0,1,11.643570642695428
5,T_8,C_8_4,0.62,0.74,0,0,1,-4.747985759064133
0,T_7,C_7_11,0.52,0.54,1,0,1,2.8327726679021343
2,T_7,C_7_8,0.61,0.52,0,0,0,-15.407395871423713
3,T_6,C_6_4,0.53,0.61,0,0,0,-0.12298575906416609
43,T_7,C_7_8,0.66,0.53,1,0,0,2.5117792109431365
35,T_6,C_6_4,0.58,0.63,0,0,1,-11.698599470683751
18,T_7,C_7_6,0.59,0.58,0,0,1,-11.821122815788346
21,T_5,C_5_5,0.5,0.53,1,0,0,3.130755132307494
37,T_4,C_4_1,0.44,0.56,0,0,0,-23.930595580125868
32,T_7,C_7_8,0.6,0.55,0,0,1,-34.23032055773745
31,T_4,C_4_5,0.51,0.6,0,0,0,-29.057229707288116
45,T_5,C_5_10,0.64,0.6,0,0,1,-60.90878885804246
4,T_3,C_3_9,0.62,0.57,0,0,1,-9.031079289263534
12,T_7,C_7_8,0.61,0.5,0,0,1,-10.519240849152112
40,T_5,C_5_9,0.58,0.65,0,0,1,-16.453320540092825
29,T_4,C_4_3,0.38,0.58,0,0,1,-24.623490797215847
7,T_5,C_5_8,0.52,0.53,0,0,1,-23.52765746388249
25,T_8,C_8_2,0.51,0.62,0,0,0,-14.042935241660256
22,T_8,C_8_4,0.55,0.62,1,0,1,14.176491877766832
17,T_7,C_7_8,0.71,0.6,0,0,1,-26.73307584507888
20,T_8,C_8_4,0.64,0.73,0,0,0,-35.211134613112364
33,T_6,C_6_8,0.53,0.64,0,0,0,-25.61058174510957
14,T_7,C_7_2,0.6,0.55,1,0,1,8.268064917733328
48,T_8,C_8_1,0.57,0.75,0,0,1,-10.10667628309483
15,T_7,C_7_8,0.76,0.7,1,0,1,0.8281710551407961
47,T_6,C_6_5,0.59,0.67,0,0,0,-4.899415151755754
44,T_7,C_7_6,0.65,0.6,0,0,1,-28.22153205613908
26,T_5,C_5_10,0.55,0.52,0,0,1,-25.65167658470067
10,T_6,C_6_8,0.53,0.62,0,0,0,-25.163441081901645
9,T_6,C_6_4,0.59,0.66,1,0,1,4.811942510931384
2,T_7,C_7_6,0.6,0.52,0,0,0,-21.67825007132167
23,T_4,C_4_5,0.35,0.51,0,0,1,-21.106332263102498
49,T_5,C_5_5,0.62,0.66,1,0,1,17.37871269578286
1,T_9,C_9_17,0.64,0.54,1,0,1,3.9563992118677325
43,T_7,C_7_6,0.58,0.53,1,0,1,8.025094547315312
41,T_6,C_6_4,0.52,0.61,0,0,1,-0.7553432091826346
11,T_8,C_8_4,0.62,0.69,0,0,0,-26.222777028153644
46,T_8,C_8_4,0.54,0.65,0,0,1,-26.599873974677553
13,T_6,C_6_4,0.49,0.55,1,0,0,9.896820147844748
34,T_7,C_7_8,0.68,0.55,1,0,1,11.00255002506169
24,T_8,C_8_2,0.56,0.63,0,0,0,-21.486630314393622
27,T_7,C_7_6,0.58,0.56,0,0,1,-25.197090130623142
21,T_5,C_5_8,0.49,0.53,0,0,0,-22.80911853121995
30,T_7,C_7_6,0.64,0.6,0,0,0,-0.7136414155813586
42,T_9,C_9_1,0.66,0.54,0,0,0,-8.086603372103086
38,T_7,C_7_6,0.57,0.47,0,0,0,-5.592686098287556
6,T_7,C_7_8,0.64,0.52,0,0,1,-11.732663154711766
37,T_4,C_4_4,0.43,0.56,0,0,0,-31.02710144794478
3,T_6,C_6_9,0.47,0.61,0,0,0,-32.406762464893916
36,T_8,C_8_4,0.53,0.61,0,0,1,-0.8753081885894538
31,T_4,C_4_2,0.46,0.6,0,0,0,-2.8015099489144353
39,T_5,C_5_5,0.64,0.62,0,0,1,-10.458619950130352
16,T_8,C_8_6,0.51,0.68,0,0,0,-2.540989552580281
1,T_10,C_10_3,0.54,0.0,1,0,1,8.328198168819297
35,T_7,C_7_8,0.63,0.51,1,0,0,8.198059404718292
19,T_6,C_6_4,0.58,0.59,1,1,0,37.16163685755775
2,T_7,C_7_2,0.57,0.52,1,0,1,26.8103944129641
4,T_4,C_4_1,0.57,0.59,1,0,1,19.723759087242144
8,T_6,C_6_4,0.6,0.68,1,0,0,25.117983398860645
33,T_6,C_6_9,0.49,0.64,1,0,0,22.446747887025122
28,T_8,C_8_4,0.51,0.65,1,0,1,5.511403156176483
5,T_9,C_9_1,0.74,0.6,1,0,1,4.124932961936716
0,T_8,C_8_3,0.54,0.68,0,0,1,-4.678993617343142
25,T_8,C_8_5,0.48,0.62,0,0,1,-4.633228449312475
47,T_6,C_6_4,0.57,0.67,1,0,0,24.22935640462933
45,T_6,C_6_9,0.6,0.66,1,0,0,27.1599768182384
10,T_6,C_6_9,0.52,0.62,1,0,1,27.87979002704426
20,T_8,C_8_2,0.63,0.73,1,0,0,6.1158532430723325
42,T_9,C_9_17,0.64,0.54,0,0,1,-9.35783096745396
38,T_7,C_7_8,0.53,0.47,0,0,1,-13.734246690305369
30,T_7,C_7_8,0.62,0.6,1,0,0,7.270416867322833
18,T_8,C_8_4,0.58,0.7,0,0,1,-15.210595790904968
29,T_5,C_5_10,0.58,0.52,0,0,0,-2.5370448248823356
32,T_8,C_8_4,0.55,0.66,0,0,1,-4.507064811557885
40,T_6,C_6_4,0.65,0.73,1,0,0,4.771157607406475
7,T_6,C_6_4,0.53,0.61,0,0,0,-28.969619604259833
21,T_5,C_5_2,0.47,0.53,1,0,0,5.45722327697658
12,T_8,C_8_4,0.5,0.57,1,0,1,6.621342878305485
22,T_9,C_9_17,0.62,0.49,0,0,0,-26.995441695124832
13,T_6,C_6_9,0.45,0.55,1,0,0,20.38966036616648
35,T_7,C_7_6,0.59,0.51,0,0,0,-11.559278625875887
48,T_9,C_9_1,0.75,0.62,0,0,1,-36.895549364319336
17,T_8,C_8_2,0.6,0.7,1,0,1,8.719697763805076
9,T_7,C_7_8,0.66,0.55,0,0,0,-35.23263545703456
15,T_8,C_8_3,0.7,0.81,1,0,1,8.634143066155747
23,T_5,C_5_10,0.51,0.46,0,0,1,-10.079190144781553
37,T_4,C_4_5,0.42,0.56,0,0,0,-0.24112008529710938
5,T_10,C_10_3,0.6,0.0,0,0,0,-20.685270779282508
14,T_8,C_8_4,0.55,0.67,0,0,1,-35.343760696259224
26,T_6,C_6_4,0.52,0.59,0,0,0,-28.075596891767827
41,T_7,C_7_8,0.61,0.56,1,0,1,4.303205089799084
11,T_8,C_8_5,0.61,0.69,1,0,0,6.1193246877418215
3,T_6,C_6_5,0.47,0.61,1,0,1,15.778520468888836
44,T_8,C_8_3,0.6,0.71,1,0,0,11.062634105568797
49,T_6,C_6_4,0.66,0.72,1,0,1,22.608877305735117
42,T_10,C_10_2,0.54,0.0,0,0,0,-3.68322795742277
24,T_8,C_8_4,0.54,0.63,1,1,,55.43185128407344
19,T_6,C_6_9,0.47,0.59,0,0,1,-7.754870764275682
43,T_8,C_8_3,0.53,0.62,0,0,1,-21.494713490356915
30,T_7,C_7_11,0.55,0.6,1,0,1,4.695391058519089
46,T_9,C_9_17,0.65,0.55,1,0,1,23.305108552013195
5,T_10,C_10_2,0.58,0.0,0,0,1,-34.581364230731545
8,T_6,C_6_5,0.52,0.68,1,1,,48.23573682426446
33,T_6,C_6_2,0.49,0.64,0,0,0,-10.509421784688424
16,T_8,C_8_3,0.5,0.68,1,0,1,11.029700714103992
48,T_10,C_10_3,0.62,0.0,0,0,1,-9.65788098524239
47,T_6,C_6_9,0.57,0.67,1,0,1,27.20018166586027
27,T_8,C_8_4,0.56,0.57,1,1,0,33.07616077813178
34,T_8,C_8_2,0.55,0.66,1,1,1,35.55592579118663
22,T_9,C_9_1,0.62,0.49,1,0,0,3.5541800376257298
29,T_5,C_5_5,0.53,0.52,1,0,1,24.775042063920765
35,T_7,C_7_2,0.58,0.51,0,0,1,-10.88157005911875
31,T_5,C_5_5,0.6,0.64,1,0,1,5.401166097233007
45,T_6,C_6_4,0.58,0.66,1,0,1,25.26962938442083
42,T_10,C_10_3,0.53,0.0,1,0,0,20.969499176087513
6,T_8,C_8_4,0.52,0.67,0,0,1,-5.385802260016365
39,T_6,C_6_5,0.62,0.7,0,0,0,-43.72926727089242
21,T_5,C_5_1,0.47,0.53,0,0,0,-24.140190547875523
36,T_9,C_9_1,0.61,0.51,0,0,1,-21.24942331770648
9,T_7,C_7_2,0.62,0.55,0,0,0,-33.98284334371426
4,T_5,C_5_5,0.59,0.61,0,0,1,-25.206375004120893
40,T_6,C_6_9,0.53,0.73,1,0,1,10.91429259343521
2,T_8,C_8_5,0.52,0.58,1,0,0,7.109648297997801
7,T_6,C_6_9,0.53,0.61,0,0,1,-3.5495236602693385
20,T_8,C_8_3,0.61,0.73,1,0,1,8.56835198739902
28,T_9,C_9_1,0.65,0.48,0,0,1,-38.321110929917374
10,T_7,C_7_6,0.62,0.53,0,0,1,-9.061604614423183
25,T_9,C_9_1,0.62,0.51,0,0,1,-11.93159167781255
13,T_6,C_6_5,0.45,0.55,1,0,0,3.1479684774267276
0,T_9,C_9_1,0.68,0.54,0,0,0,-14.207431658545628
46,T_10,C_10_3,0.55,0.0,1,0,1,16.789048567414774
37,T_4,C_4_2,0.39,0.56,1,0,1,5.809418849892828
42,T_10,C_10_1,0.47,0.0,1,0,1,29.14368382444438
38,T_8,C_8_4,0.47,0.64,1,0,0,9.277445882322194
26,T_6,C_6_5,0.5,0.59,1,0,1,17.494986529872598
18,T_9,C_9_1,0.7,0.53,1,0,1,15.769780372172395
32,T_9,C_9_1,0.66,0.49,0,0,1,-36.803566285949394
12,T_9,C_9_1,0.57,0.45,0,0,1,-27.821515003898103
22,T_9,C_9_15,0.57,0.49,1,0,1,2.1975519157293455
11,T_8,C_8_3,0.6,0.69,0,0,0,-32.90471555171755
15,T_9,C_9_1,0.81,0.65,0,0,1,-29.28278538068682
33,T_6,C_6_6,0.47,0.64,0,0,0,-18.515076382601325
44,T_8,C_8_5,0.59,0.71,0,0,1,-14.492740709340323
36,T_10,C_10_2,0.51,0.0,0,0,0,-6.967533306660027
23,T_6,C_6_4,0.46,0.5,1,0,1,14.33750451095585
3,T_7,C_7_8,0.61,0.51,1,0,0,6.089417776261977
17,T_9,C_9_17,0.7,0.61,0,0,0,-11.594062212291758
49,T_7,C_7_8,0.72,0.59,0,0,1,-35.908756548819944
14,T_9,C_9_17,0.67,0.52,0,0,1,-46.51800215083414
9,T_7,C_7_6,0.59,0.55,0,0,0,-20.332159726911335
19,T_7,C_7_8,0.59,0.56,1,0,0,0.037382767096853176
28,T_10,C_10_1,0.48,0.0,0,0,1,-17.28282053658798
21,T_5,C_5_3,0.46,0.53,0,0,0,-13.331321776982499
25,T_10,C_10_3,0.51,0.0,0,0,0,-16.745243701082064
8,T_7,C_7_8,0.68,0.57,0,0,0,-8.514913751843533
43,T_9,C_9_1,0.62,0.53,0,0,0,-8.017849119546865
41,T_8,C_8_4,0.56,0.65,0,0,0,-20.973517263942043
24,T_9,C_9_1,0.63,0.5,1,0,1,9.98553669586266
0,T_9,C_9_17,0.61,0.54,0,0,1,-14.957800739068452
27,T_8,C_8_5,0.5,0.57,1,0,1,5.838788016458999
39,T_6,C_6_2,0.61,0.7,0,0,1,-32.98433264052137
36,T_10,C_10_3,0.49,0.0,0,0,0,-5.128362962694478
32,T_10,C_10_1,0.49,0.0,0,0,1,-7.02095013720093
47,T_7,C_7_8,0.67,0.56,0,0,1,-0.7408239542356343
18,T_10,C_10_1,0.53,0.0,0,0,0,-15.25628136748482
12,T_10,C_10_1,0.45,0.0,0,0,1,-22.032505107544743
30,T_8,C_8_4,0.6,0.64,0,0,0,-14.81308518320683
22,T_10,C_10_1,0.49,0.0,0,0,0,-31.400255452998152
16,T_9,C_9_1,0.68,0.58,1,0,1,1.5750266327139943
15,T_10,C_10_3,0.65,0.0,0,0,0,-12.94475316637702
34,T_9,C_9_1,0.66,0.55,1,0,1,26.17980959797672
45,T_7,C_7_6,0.66,0.59,1,0,0,28.58710060991888
29,T_6,C_6_4,0.52,0.57,1,0,1,18.336432914237392
25,T_10,C_10_1,0.51,0.0,1,0,0,11.750117785549413
13,T_6,C_6_8,0.43,0.55,1,0,1,26.818682253529374
31,T_6,C_6_4,0.64,0.68,0,0,1,-2.881122509161015
2,T_8,C_8_2,0.51,0.58,0,0,0,-22.67289098796606
14,T_10,C_10_1,0.52,0.0,0,0,1,-42.48002937243688
35,T_8,C_8_4,0.51,0.64,0,0,0,-31.614020044872625
17,T_9,C_9_1,0.68,0.61,0,0,1,-31.115572955366616
40,T_7,C_7_8,0.73,0.58,0,0,1,-18.03337392472246
36,T_10,C_10_1,0.44,0.0,1,0,0,12.53732329576473
7,T_7,C_7_8,0.61,0.52,0,0,1,-12.939878453142189
3,T_7,C_7_6,0.55,0.51,0,0,0,-12.765612369444508
6,T_9,C_9_1,0.67,0.56,0,0,1,-15.179208818605105
9,T_7,C_7_11,0.55,0.55,0,0,1,-15.810294960927184
4,T_6,C_6_4,0.61,0.67,1,0,1,16.519376387192708
18,T_10,C_10_3,0.51,0.0,1,0,0,10.775146817635655
19,T_7,C_7_6,0.57,0.56,1,0,1,6.036441102198662
22,T_10,C_10_2,0.46,0.0,1,0,0,1.0489411785091312
24,T_10,C_10_1,0.5,0.0,1,0,0,2.5878335244954234
8,T_7,C_7_11,0.6,0.57,0,0,1,-3.88447512516234
0,T_10,C_10_3,0.54,0.0,0,0,0,-13.037555398964411
43,T_9,C_9_3,0.59,0.53,0,0,1,-10.764375560756605
15,T_10,C_10_2,0.64,0.0,1,1,,36.88065413937906
33,T_6,C_6_3,0.44,0.64,1,0,0,3.932171849531657
21,T_5,C_5_7,0.43,0.53,1,0,0,8.042662228178463
20,T_9,C_9_1,0.73,0.56,0,0,1,-22.844348685244963
38,T_8,C_8_6,0.45,0.64,1,0,1,6.909055341282692
25,T_10,C_10_5,0.47,0.0,0,0,1,-13.266543353564817
10,T_8,C_8_3,0.53,0.67,0,0,0,-13.013598530254257
26,T_7,C_7_8,0.59,0.51,0,0,0,-17.373176955548715
37,T_5,C_5_5,0.56,0.55,0,0,0,-10.953797203741395
11,T_8,C_8_2,0.59,0.69,0,0,1,-15.02484972866668
16,T_10,C_10_3,0.58,0.0,0,0,0,-29.268517896613574
34,T_10,C_10_3,0.55,0.0,0,0,1,-27.457604998079475
36,T_10,C_10_4,0.41,0.0,1,0,1,7.105010671260421
23,T_7,C_7_8,0.5,0.45,0,0,0,-10.405770136667963
18,T_10,C_10_4,0.49,0.0,0,0,1,-16.595114243352796
45,T_7,C_7_8,0.65,0.59,0,0,1,-4.281178946934434
22,T_10,C_10_5,0.46,0.0,1,0,1,4.325086409330931
17,T_10,C_10_3,0.61,0.0,1,0,0,8.495319047795618
24,T_10,C_10_2,0.49,0.0,1,0,1,3.4794532413051087
44,T_9,C_9_1,0.71,0.59,0,0,0,-2.7034876837549664
0,T_10,C_10_2,0.53,0.0,1,0,0,3.167835845656811
6,T_10,C_10_3,0.56,0.0,0,0,0,-4.414271997480455
41,T_8,C_8_2,0.51,0.65,1,0,1,17.825196516501975
49,T_8,C_8_3,0.59,0.69,0,0,1,-39.82352430706216
3,T_7,C_7_11,0.53,0.51,0,0,0,-34.90604264447049
39,T_7,C_7_8,0.7,0.63,0,0,1,-42.51848071697773
43,T_10,C_10_3,0.53,0.0,1,0,1,14.690949303518266
30,T_8,C_8_5,0.53,0.64,0,0,0,-16.510118234122398
16,T_10,C_10_1,0.49,0.0,0,0,1,-7.3151085444759865
20,T_10,C_10_1,0.56,0.0,0,0,1,-43.97388951158115
27,T_9,C_9_1,0.57,0.53,0,0,1,-6.934655380283065
47,T_8,C_8_4,0.56,0.7,1,0,1,9.13527776516202
29,T_7,C_7_8,0.57,0.51,1,0,0,6.883003659643518
2,T_8,C_8_4,0.5,0.58,1,0,1,8.128000627502821
13,T_7,C_7_8,0.55,0.49,0,0,1,-21.500131757597444
31,T_7,C_7_8,0.68,0.59,0,0,1,-11.057101454567109
17,T_10,C_10_2,0.6,0.0,0,0,0,-4.571040848506495
21,T_5,C_5_13,0.42,0.53,1,0,0,12.394756327759104
35,T_8,C_8_5,0.5,0.64,1,1,,31.871148579575113
26,T_7,C_7_6,0.54,0.51,1,0,0,22.81787981444192
0,T_10,C_10_1,0.5,0.0,1,0,0,29.324538410083576
6,T_10,C_10_1,0.53,0.0,1,0,0,20.58611212813088
33,T_6,C_6_7,0.34,0.64,0,0,0,-13.005891849020422
23,T_7,C_7_6,0.49,0.45,1,0,0,3.618957366902376
37,T_5,C_5_10,0.55,0.55,0,0,0,-5.847870136113323
4,T_7,C_7_8,0.67,0.58,1,0,0,7.6057232693055585
40,T_8,C_8_2,0.58,0.63,0,0,1,-42.51980094079911
7,T_8,C_8_4,0.52,0.66,0,0,0,-13.478749911278438
44,T_9,C_9_17,0.68,0.59,0,0,1,-12.15213602247967
9,T_8,C_8_2,0.55,0.68,1,0,1,26.81466508645311
17,T_10,C_10_1,0.55,0.0,1,1,,33.65878978669292
19,T_8,C_8_4,0.56,0.59,1,0,1,9.418665718282929
3,T_7,C_7_2,0.5,0.51,1,0,1,8.516952089884466
27,T_10,C_10_2,0.53,0.0,1,0,0,26.889184286174114
0,T_10,C_10_4,0.45,0.0,1,0,1,20.30211067755654
6,T_10,C_10_4,0.51,0.0,1,0,1,24.006657099537193
10,T_8,C_8_4,0.53,0.67,1,0,1,18.39190908230118
8,T_8,C_8_2,0.57,0.62,0,0,1,-21.892809720820964
38,T_9,C_9_1,0.64,0.49,1,0,1,26.43769383887296
29,T_7,C_7_6,0.54,0.51,0,0,1,-11.341213876926423
27,T_10,C_10_3,0.42,0.0,1,0,1,2.704620228602405
26,T_7,C_7_11,0.51,0.51,0,0,1,-6.851199248832264
11,T_9,C_9_1,0.69,0.66,0,0,0,-19.990934019091
21,T_5,C_5_9,0.41,0.53,0,0,1,-5.818809956394787
23,T_7,C_7_11,0.45,0.45,1,0,1,1.493578899562526
44,T_10,C_10_2,0.59,0.0,0,0,0,-15.242639239145207
4,T_7,C_7_6,0.63,0.58,0,0,0,-39.258078604012326
45,T_8,C_8_2,0.59,0.72,0,0,1,-10.72349013989536
37,T_5,C_5_9,0.5,0.55,1,0,0,2.5938592453705818
44,T_10,C_10_3,0.58,0.0,1,0,1,12.621031630855128
30,T_8,C_8_2,0.53,0.64,0,0,1,-1.3435653144968294
38,T_10,C_10_3,0.49,0.0,1,0,0,14.198248584207555
41,T_9,C_9_1,0.65,0.49,0,0,0,-28.546024531482328
49,T_9,C_9_1,0.69,0.59,0,0,0,-9.037690099532693
33,T_6,C_6_1,0.34,0.64,0,0,0,-21.89229604067461
38,T_10,C_10_1,0.46,0.0,1,1,,32.80056430393908
47,T_9,C_9_1,0.7,0.57,1,0,0,20.093693624318878
11,T_9,C_9_17,0.67,0.66,1,0,0,23.025618506947982
39,T_8,C_8_3,0.63,0.76,1,0,1,21.38829456328601
2,T_9,C_9_1,0.58,0.49,1,0,0,12.139359569973253
4,T_7,C_7_2,0.61,0.58,1,0,1,10.197296654622434
13,T_8,C_8_4,0.49,0.6,0,0,0,-1.155747841864729
7,T_8,C_8_3,0.5,0.66,1,0,0,2.9322911940362193
31,T_8,C_8_4,0.59,0.65,1,0,1,7.4685485039777415
41,T_9,C_9_3,0.59,0.49,1,0,1,3.7088993811707294
35,T_9,C_9_17,0.64,0.53,1,0,0,12.675566047837414
37,T_5,C_5_8,0.49,0.55,0,0,0,-10.43206908360495
49,T_9,C_9_17,0.67,0.59,0,0,1,-27.10321394341799
40,T_9,C_9_3,0.63,0.55,0,0,1,-36.563924984876664
47,T_9,C_9_17,0.65,0.57,0,0,1,-27.212842990410728
9,T_9,C_9_17,0.68,0.56,0,0,1,-21.652984532996978
11,T_9,C_9_3,0.66,0.66,0,0,0,-24.311308165127357
2,T_9,C_9_17,0.56,0.49,0,0,1,-22.34914285662912
19,T_9,C_9_1,0.59,0.47,0,0,1,-27.126791285034273
41,T_10,C_10_1,0.49,0.0,0,0,0,-8.791630550666074
10,T_9,C_9_1,0.67,0.52,0,0,0,-14.27188606750699
3,T_8,C_8_4,0.51,0.61,0,0,0,-23.479783860770624
40,T_10,C_10_3,0.55,0.0,0,0,1,-4.578919824769333
49,T_10,C_10_2,0.59,0.0,1,0,1,6.298619351086744
8,T_9,C_9_1,0.62,0.52,0,0,1,-4.7018364717981775
41,T_10,C_10_3,0.47,0.0,1,0,1,13.840506915672869
47,T_10,C_10_3,0.57,0.0,1,1,1,36.38234591496672
35,T_9,C_9_1,0.61,0.53,1,1,,31.39567924830006
29,T_8,C_8_4,0.51,0.65,0,0,1,-20.44216981768765
9,T_10,C_10_1,0.56,0.0,0,0,1,-16.951723957815005
2,T_10,C_10_2,0.49,0.0,0,0,0,-25.6914939373342
21,T_6,C_6_4,0.53,0.58,0,0,1,-24.064300620173782
26,T_8,C_8_4,0.51,0.63,0,0,1,-10.329161861761529
19,T_10,C_10_2,0.47,0.0,0,0,1,-20.748237006270223
23,T_8,C_8_4,0.45,0.56,1,0,1,3.3627456526893145
11,T_9,C_9_12,0.63,0.66,0,0,1,-24.965178665172964
37,T_5,C_5_7,0.49,0.55,0,0,0,-11.289846487241173
33,T_7,C_7_8,0.64,0.54,0,0,1,-7.534490921262758
2,T_10,C_10_3,0.48,0.0,0,0,0,-1.7201710926558214
45,T_9,C_9_1,0.72,0.59,0,0,0,-1.935280665896883
8,T_10,C_10_1,0.52,0.0,0,0,0,-30.23937107123261
30,T_9,C_9_1,0.64,0.51,0,0,0,-25.136260472154262
10,T_9,C_9_17,0.62,0.52,0,0,0,-23.608034665702654
35,T_10,C_10_3,0.53,0.0,1,0,1,27.594264617183548
2,T_10,C_10_1,0.44,0.0,1,0,1,23.2989904467904
13,T_8,C_8_6,0.47,0.6,1,0,1,12.862136256204819
8,T_10,C_10_3,0.49,0.0,1,0,0,11.048907498792177
7,T_8,C_8_2,0.49,0.66,1,0,1,6.876315755672927
39,T_9,C_9_1,0.76,0.61,0,0,0,-19.71091179984058
11,T_10,C_10_2,0.66,0.0,0,0,1,-19.25341964251382
8,T_10,C_10_2,0.44,0.0,1,0,0,4.762605860127059
4,T_8,C_8_4,0.58,0.63,0,0,0,-12.312331499825152
8,T_10,C_10_4,0.44,0.0,1,0,1,4.882192173877054
31,T_9,C_9_17,0.65,0.56,0,0,1,-8.731612731998567
45,T_9,C_9_4,0.64,0.59,1,0,0,1.5721801306222076
30,T_9,C_9_3,0.62,0.51,1,0,1,8.89696645540851
37,T_5,C_5_6,0.46,0.55,1,0,0,9.285122650853985
10,T_9,C_9_3,0.59,0.52,1,0,1,7.328500068615428
3,T_8,C_8_2,0.49,0.61,0,0,1,-23.784030792824215
39,T_9,C_9_17,0.7,0.61,0,0,1,-34.995005658582784
31,T_10,C_10_2,0.56,0.0,0,0,1,-24.02235571572319
30,T_10,C_10_3,0.51,0.0,0,0,0,-22.56810923281016
10,T_10,C_10_3,0.52,0.0,0,0,1,-17.563004298039885
21,T_7,C_7_6,0.58,0.51,0,0,1,-25.762663969055193
45,T_9,C_9_3,0.64,0.59,0,0,1,-29.513656595260517
30,T_10,C_10_2,0.5,0.0,0,0,1,-15.213755952342197
29,T_9,C_9_1,0.65,0.49,0,0,0,-19.994032757850082
39,T_10,C_10_3,0.61,0.0,0,0,0,-30.758386334457978
37,T_5,C_5_4,0.46,0.55,1,1,,32.32737891693162
39,T_10,C_10_4,0.56,0.0,1,0,0,29.243198125971226
26,T_9,C_9_1,0.63,0.48,1,0,1,27.611559707892116
23,T_9,C_9_1,0.56,0.43,1,1,1,34.2532923304648
39,T_10,C_10_1,0.55,0.0,1,0,1,6.398815322538033
45,T_10,C_10_3,0.59,0.0,0,0,1,-12.871868333353767
33,T_8,C_8_4,0.54,0.67,0,0,1,-9.802134171101658
13,T_9,C_9_1,0.6,0.45,0,0,1,-9.437113146695072
29,T_9,C_9_17,0.58,0.49,0,0,0,-8.604342876424779
4,T_8,C_8_5,0.53,0.63,0,0,1,-16.357611937551177
26,T_10,C_10_1,0.48,0.0,0,0,1,-8.541629945429609
7,T_9,C_9_1,0.66,0.49,1,0,0,8.747671609940106
23,T_10,C_10_1,0.43,0.0,1,0,0,17.11268848283099
23,T_10,C_10_3,0.39,0.0,1,0,0,19.341725515745118
23,T_10,C_10_2,0.38,0.0,1,0,0,19.41021278137204
13,T_10,C_10_1,0.45,0.0,1,0,0,16.934049012443253
23,T_10,C_10_4,0.34,0.0,1,0,0,19.69723313302404
13,T_10,C_10_3,0.42,0.0,1,0,0,17.14639687924
29,T_9,C_9_3,0.55,0.49,1,0,0,17.779646037884998
23,T_10,C_10_5,0.31,0.0,1,0,0,19.901638203525742
13,T_10,C_10_2,0.39,0.0,1,0,0,17.358269429043354
3,T_9,C_9_1,0.61,0.47,1,0,0,3.5541284105766664
7,T_9,C_9_17,0.61,0.49,1,0,0,10.72100057546711
13,T_10,C_10_4,0.38,0.0,1,0,0,17.417669207266687
13,T_10,C_10_5,0.29,0.0,1,0,1,18.06355526518222
21,T_8,C_8_4,0.51,0.59,0,0,1,-4.042692803455808
29,T_9,C_9_4,0.54,0.49,1,0,0,0.08094122268517534
37,T_6,C_6_4,0.55,0.58,0,0,1,-7.373654877593396
3,T_9,C_9_3,0.56,0.47,0,0,1,-11.222805680751442
7,T_9,C_9_3,0.58,0.49,0,0,0,-2.5845196484754283
33,T_9,C_9_1,0.67,0.56,1,0,1,15.936289692520585
29,T_9,C_9_16,0.53,0.49,1,0,0,5.172126268396084
3,T_10,C_10_1,0.47,0.0,0,0,0,-7.596207064937228
4,T_9,C_9_1,0.63,0.54,0,0,1,-17.818593085049528
3,T_10,C_10_3,0.47,0.0,0,0,1,-9.97668531069403
7,T_9,C_9_7,0.56,0.49,0,0,1,-5.756496736096147
33,T_10,C_10_3,0.56,0.0,0,0,1,-9.098163057078569
4,T_10,C_10_3,0.54,0.0,0,0,1,-19.268158731699625
29,T_9,C_9_8,0.52,0.49,1,0,0,2.355872276052289
7,T_10,C_10_3,0.49,0.0,1,0,0,0.3791280900058007
7,T_10,C_10_1,0.49,0.0,1,0,1,22.242329616518674
37,T_7,C_7_8,0.58,0.51,1,0,0,1.3147453158000086
21,T_9,C_9_1,0.59,0.44,1,0,0,9.162719239928057
29,T_9,C_9_7,0.52,0.49,1,0,0,21.679414490804767
21,T_9,C_9_17,0.57,0.44,1,0,0,9.30530257648473
37,T_7,C_7_6,0.55,0.51,1,0,0,7.688645102684369
29,T_9,C_9_14,0.52,0.49,1,0,1,21.662447712850636
37,T_7,C_7_11,0.54,0.51,1,0,0,7.762723194944286
21,T_9,C_9_3,0.54,0.44,1,0,0,9.517544131583428
29,T_10,C_10_1,0.49,0.0,1,0,0,4.248214269081758
29,T_10,C_10_3,0.44,0.0,1,0,1,22.254803730071522
21,T_9,C_9_7,0.52,0.44,0,0,1,-12.4659893031734
37,T_7,C_7_2,0.49,0.51,0,0,1,-5.320803708976305
21,T_10,C_10_3,0.44,0.0,0,0,1,-8.177972873938522
37,T_8,C_8_4,0.51,0.62,0,0,0,-6.374848929559116
37,T_8,C_8_2,0.49,0.62,1,0,0,17.26127597540763
37,T_8,C_8_3,0.49,0.62,1,0,1,17.258064007130777
37,T_9,C_9_1,0.62,0.48,0,0,1,-6.179427027993527
37,T_10,C_10_1,0.48,0.0,0,0,0,-1.0573129559417591
37,T_10,C_10_3,0.46,0.0,1,0,1,20.25996291690643
