student_number,topic,arm_pulled,pay-off,pay-off_next_topic,actual_decision,skip_decision,reward,confidence_score
1,T_1,C_1_13,0.58,0.62,0,0,0,-10.0
0,T_1,C_1_9,0.58,0.6,1,0,1,33.599400599400596
11,T_1,C_1_3,0.64,0.66,0,0,0,-11.509990009990013
2,T_1,C_1_9,0.56,0.56,0,0,1,-9.007994002005981
34,T_1,C_1_9,0.62,0.62,0,0,1,-12.640728532944104
29,T_1,C_1_13,0.59,0.56,1,0,1,31.73280157533386
28,T_1,C_1_13,0.59,0.57,1,0,0,34.194416729870255
14,T_1,C_1_9,0.66,0.62,1,1,1,43.87138582259209
20,T_1,C_1_9,0.65,0.7,1,1,1,47.822532382911135
37,T_1,C_1_13,0.55,0.57,1,0,1,6.760936294681793
3,T_1,C_1_9,0.55,0.54,0,0,0,-2.269940199342116
8,T_1,C_1_13,0.57,0.62,1,0,1,8.113525936116057
43,T_1,C_1_9,0.55,0.61,1,0,0,1.2967928683869676
42,T_1,C_1_13,0.61,0.62,1,0,0,4.502968167191749
19,T_1,C_1_13,0.56,0.58,1,0,1,0.8794621910961329
40,T_1,C_1_9,0.65,0.62,1,0,1,0.9253730749240052
5,T_1,C_1_9,0.66,0.67,1,0,0,3.8278606371130532
48,T_1,C_1_9,0.65,0.64,0,0,1,-5.128358268359579
27,T_1,C_1_13,0.54,0.57,0,0,1,-29.23656079449629
7,T_1,C_1_13,0.59,0.58,0,0,0,-42.00097431338297
6,T_1,C_1_9,0.61,0.67,0,0,1,-37.38467212650424
25,T_1,C_1_9,0.59,0.58,0,0,1,-38.96021884618615
45,T_1,C_1_13,0.61,0.68,0,0,1,-46.50693852809469
31,T_1,C_1_9,0.63,0.62,0,0,1,-32.95027848833327
46,T_1,C_1_9,0.64,0.67,0,0,0,-32.30813137103705
39,T_1,C_1_9,0.72,0.66,0,0,1,-49.22662043664341
4,T_1,C_1_9,0.65,0.62,0,0,1,-39.32801208674281
15,T_1,C_1_9,0.77,0.73,0,0,1,-51.74948325970504
10,T_1,C_1_13,0.61,0.6,0,0,1,-40.917475307418755
17,T_1,C_1_9,0.66,0.68,1,0,1,5.058688563378306
41,T_1,C_1_9,0.56,0.57,0,0,0,-0.22730945052437335
47,T_1,C_1_13,0.62,0.65,1,0,0,3.1877848890982694
18,T_1,C_1_9,0.63,0.63,0,0,1,-0.8827215657180165
9,T_1,C_1_9,0.64,0.65,1,0,1,7.314895117499459
21,T_1,C_1_9,0.56,0.53,0,0,0,-10.615591476343639
33,T_1,C_1_9,0.62,0.62,0,0,1,-41.300486693947406
49,T_1,C_1_9,0.67,0.66,0,0,0,-56.26378034474106
36,T_1,C_1_13,0.58,0.61,0,0,1,-32.29751050347121
12,T_1,C_1_1,0.53,0.53,0,0,0,-44.903661297122
32,T_1,C_1_9,0.57,0.58,0,0,0,-47.66060574156644
16,T_1,C_1_9,0.58,0.59,0,0,1,-46.10802637648708
38,T_1,C_1_13,0.58,0.54,0,0,0,-34.07809830846437
26,T_1,C_1_13,0.56,0.56,0,0,1,-37.63878034474105
30,T_1,C_1_13,0.59,0.61,0,0,0,-43.49930742640292
24,T_1,C_1_13,0.59,0.61,0,0,0,-48.10089315484693
23,T_1,C_1_13,0.51,0.54,0,0,0,-25.855105246026305
22,T_1,C_1_9,0.6,0.58,0,0,1,-43.50921822917795
13,T_1,C_1_13,0.52,0.55,0,0,0,-3.0174306673824693
35,T_1,C_1_9,0.61,0.58,0,0,0,-7.814661132268719
44,T_1,C_1_9,0.67,0.67,0,0,0,-9.010506829598096
1,T_1,C_1_9,0.56,0.62,0,0,1,-9.596752256427072
11,T_1,C_1_2,0.64,0.66,1,0,0,19.127265001425307
28,T_1,C_1_9,0.55,0.57,0,0,1,-36.929410393146185
3,T_1,C_1_13,0.53,0.54,0,0,1,-16.540478137340813
42,T_1,C_1_9,0.59,0.62,0,0,0,-15.33209096848559
43,T_1,C_1_3,0.55,0.61,0,0,1,-9.02469058897895
5,T_1,C_1_13,0.64,0.67,0,0,1,-21.258087173419177
7,T_1,C_1_9,0.59,0.58,0,0,1,-21.790196251914615
0,T_2,C_2_14,0.6,0.62,0,0,0,-20.193223688054644
34,T_2,C_2_14,0.62,0.71,1,0,1,36.7969591212753
46,T_1,C_1_13,0.59,0.67,1,0,0,23.150122482937263
47,T_1,C_1_9,0.62,0.65,1,0,1,19.885625481749344
2,T_2,C_2_14,0.56,0.63,1,0,1,28.91295818674464
14,T_2,C_2_10,0.62,0.65,1,0,1,14.092034529817212
41,T_1,C_1_13,0.56,0.57,1,0,1,14.959141033115989
29,T_2,C_2_14,0.56,0.63,1,0,0,4.022289006725793
37,T_2,C_2_5,0.57,0.56,0,0,0,-24.7295751515586
49,T_1,C_1_13,0.62,0.66,0,0,1,-26.794546902971042
8,T_2,C_2_4,0.62,0.64,0,0,1,-28.914094500379505
20,T_2,C_2_14,0.7,0.73,0,0,1,-31.175618489090702
21,T_1,C_1_13,0.56,0.53,0,0,1,-15.144319639898086
32,T_1,C_1_13,0.55,0.58,1,0,0,4.755812961774952
19,T_2,C_2_14,0.58,0.61,0,0,1,-12.037962196995059
12,T_1,C_1_9,0.52,0.53,1,0,1,17.772698515245864
48,T_2,C_2_14,0.64,0.69,1,0,1,2.094848957210231
40,T_2,C_2_10,0.62,0.68,1,0,1,13.58594548954388
38,T_1,C_1_9,0.51,0.54,0,0,0,-33.41921891333429
6,T_2,C_2_10,0.67,0.61,0,0,0,-42.774691317450305
23,T_1,C_1_9,0.42,0.54,0,0,1,-26.968225321629223
30,T_1,C_1_14,0.57,0.61,0,0,0,-9.531776723498394
27,T_2,C_2_5,0.57,0.59,0,0,0,-4.176337226827441
25,T_2,C_2_7,0.58,0.64,0,0,1,-7.6946951919040245
13,T_1,C_1_2,0.46,0.55,0,0,0,-28.903300058994482
44,T_1,C_1_3,0.63,0.67,0,0,1,-37.0002245697121
35,T_1,C_1_3,0.57,0.58,0,0,0,-24.813862518969387
39,T_2,C_2_10,0.66,0.7,0,0,0,-43.46133556041411
24,T_1,C_1_9,0.57,0.61,0,0,1,-33.90040532785597
4,T_2,C_2_10,0.62,0.66,0,0,1,-23.275289048786203
31,T_2,C_2_5,0.62,0.65,0,0,1,-22.514668317395177
15,T_2,C_2_14,0.73,0.8,0,0,1,-4.394271579934326
45,T_2,C_2_14,0.68,0.72,1,1,1,51.779041908540336
11,T_1,C_1_9,0.63,0.66,1,0,0,17.307248641566346
10,T_2,C_2_14,0.6,0.63,1,0,0,12.979167084569132
9,T_2,C_2_10,0.65,0.68,1,0,1,5.231650154256254
17,T_2,C_2_14,0.68,0.74,0,0,1,-30.059279036043005
18,T_2,C_2_5,0.63,0.64,0,0,1,-24.404935228279584
33,T_2,C_2_10,0.62,0.61,1,0,1,15.069311362026307
0,T_2,C_2_18,0.58,0.62,1,0,0,4.315961196945707
36,T_2,C_2_5,0.61,0.6,1,1,1,54.04290422852692
16,T_2,C_2_14,0.59,0.65,1,0,1,15.5374869498221
42,T_1,C_1_3,0.56,0.62,0,0,1,-24.540714150075072
26,T_2,C_2_5,0.56,0.59,0,0,0,-31.01038326772213
34,T_3,C_3_5,0.71,0.63,1,0,1,11.387171164530024
29,T_2,C_2_5,0.56,0.63,0,0,0,-43.421387211653126
22,T_2,C_2_10,0.58,0.62,0,0,1,-44.05459889048524
37,T_2,C_2_14,0.57,0.56,0,0,1,-27.177356544072666
1,T_2,C_2_5,0.62,0.63,0,0,0,-28.939847270678456
2,T_3,C_3_5,0.63,0.5,0,0,0,-27.207821462092127
28,T_2,C_2_5,0.57,0.55,0,0,0,-27.515094189364852
46,T_1,C_1_12,0.57,0.67,0,0,1,-32.308730553001226
14,T_3,C_3_5,0.65,0.62,0,0,1,-6.170622979993479
8,T_3,C_3_5,0.64,0.64,0,0,1,-1.5739333090234564
3,T_2,C_2_10,0.54,0.59,1,0,0,6.650998940299052
20,T_3,C_3_5,0.73,0.66,1,0,0,2.6166719303622754
6,T_2,C_2_5,0.61,0.61,1,0,0,30.086000218931076
19,T_3,C_3_5,0.61,0.52,1,0,0,32.511608875378336
27,T_2,C_2_14,0.54,0.59,1,0,0,24.450221699203077
48,T_3,C_3_4,0.69,0.68,1,0,1,10.32143017140162
40,T_3,C_3_5,0.68,0.62,0,0,0,-8.350937065322054
43,T_2,C_2_4,0.61,0.61,1,0,1,7.6265606844529295
5,T_2,C_2_5,0.67,0.69,1,0,1,22.03430145853033
32,T_1,C_1_3,0.53,0.58,1,1,,46.179874670560054
7,T_2,C_2_10,0.58,0.64,1,0,1,36.04265493961836
39,T_2,C_2_14,0.66,0.7,1,1,,45.62598312088542
25,T_3,C_3_5,0.64,0.57,0,0,0,-9.49172773089652
38,T_1,C_1_3,0.45,0.54,0,0,0,-0.5577991594679474
2,T_3,C_3_4,0.58,0.5,0,0,1,-32.60155234539887
30,T_1,C_1_9,0.57,0.61,0,0,0,-32.8780911500376
10,T_2,C_2_18,0.56,0.63,0,0,1,-46.361734319413046
4,T_3,C_3_5,0.66,0.6,1,0,1,24.095184482865946
13,T_1,C_1_9,0.45,0.55,1,0,1,25.70550476756347
31,T_3,C_3_5,0.65,0.59,1,0,1,33.36831615546381
45,T_3,C_3_5,0.72,0.65,1,0,1,35.71084284585526
15,T_3,C_3_5,0.8,0.76,0,0,0,-18.14998831270544
35,T_1,C_1_13,0.55,0.58,0,0,1,-6.005099423816537
0,T_2,C_2_7,0.56,0.62,1,0,1,36.21993787636108
20,T_3,C_3_9,0.67,0.66,0,0,1,-4.757836784356548
9,T_3,C_3_5,0.68,0.68,0,0,1,-20.32950999573176
49,T_2,C_2_14,0.66,0.75,0,0,0,-21.478446165944526
19,T_3,C_3_1,0.56,0.52,0,0,0,-38.11540522090434
47,T_2,C_2_10,0.65,0.69,0,0,0,-42.29432461860143
41,T_2,C_2_5,0.57,0.59,0,0,0,-29.045800981895752
17,T_3,C_3_5,0.74,0.67,0,0,1,-48.50597797304619
26,T_2,C_2_7,0.53,0.59,1,0,0,15.858056236904078
40,T_3,C_3_1,0.65,0.62,1,0,1,10.034734682133758
18,T_3,C_3_5,0.64,0.62,1,0,0,21.959646342911142
29,T_2,C_2_6,0.55,0.63,0,0,0,-22.014782937314788
11,T_1,C_1_1,0.62,0.66,0,0,1,-20.7178367455466
36,T_3,C_3_5,0.6,0.55,0,0,1,-15.289179444163558
33,T_3,C_3_5,0.61,0.64,0,0,0,-20.814289576322167
16,T_3,C_3_4,0.65,0.63,0,0,1,-20.817813805397062
1,T_2,C_2_14,0.6,0.63,1,0,1,19.22416156064466
25,T_3,C_3_4,0.59,0.57,1,0,1,9.082787303163819
21,T_2,C_2_10,0.53,0.62,1,0,0,18.117936688049596
28,T_2,C_2_10,0.57,0.55,1,0,1,18.601011595740026
12,T_2,C_2_5,0.53,0.61,1,0,1,23.563063564995907
34,T_4,C_4_1,0.63,0.58,1,0,1,24.498151284294142
22,T_3,C_3_5,0.62,0.59,0,0,0,-26.005931007324463
37,T_3,C_3_5,0.56,0.57,1,0,1,11.848343901311013
3,T_2,C_2_5,0.54,0.59,1,0,0,13.371986633360038
23,T_2,C_2_5,0.54,0.51,0,0,0,-15.537059214893148
6,T_2,C_2_4,0.6,0.61,0,0,1,-35.22209858497191
14,T_4,C_4_1,0.62,0.58,1,0,0,8.440218277296818
15,T_3,C_3_9,0.74,0.76,1,0,1,22.043711727078463
44,T_2,C_2_14,0.67,0.69,0,0,1,-49.34958563530597
8,T_4,C_4_1,0.64,0.59,0,0,0,-38.49007429150144
27,T_2,C_2_8,0.54,0.59,0,0,1,-22.695135373525854
19,T_3,C_3_9,0.53,0.52,0,0,0,-26.15414929837651
48,T_4,C_4_1,0.68,0.62,1,0,1,5.8026927019135845
43,T_3,C_3_5,0.61,0.61,0,0,0,-50.51085077163367
5,T_3,C_3_5,0.69,0.69,0,0,1,-21.179720016358843
18,T_3,C_3_4,0.63,0.62,1,0,1,24.113175763627133
24,T_2,C_2_14,0.61,0.68,1,0,0,5.490143252030805
7,T_3,C_3_5,0.64,0.63,1,0,1,13.565337720483694
39,T_3,C_3_5,0.7,0.69,1,0,1,14.166977808675554
2,T_4,C_4_1,0.5,0.54,0,0,0,-19.470243491520723
33,T_3,C_3_4,0.59,0.64,0,0,1,-11.629726250141426
10,T_3,C_3_5,0.63,0.6,1,0,1,30.138492289167743
4,T_4,C_4_1,0.6,0.59,1,0,0,30.393444916213376
42,T_2,C_2_5,0.62,0.62,0,0,0,-11.061088374570572
31,T_4,C_4_1,0.59,0.59,0,0,1,-15.067721797134913
45,T_4,C_4_1,0.65,0.63,0,0,1,-28.537249694130622
38,T_1,C_1_12,0.44,0.54,0,0,0,-14.494331239194985
49,T_2,C_2_7,0.62,0.75,1,0,1,10.884554795007249
47,T_2,C_2_5,0.64,0.69,0,0,1,-23.58932818770341
41,T_2,C_2_18,0.56,0.59,0,0,0,-3.4976400985860012
30,T_1,C_1_2,0.56,0.61,1,0,1,29.10839699054757
22,T_3,C_3_2,0.56,0.59,1,0,1,34.48248984471787
0,T_3,C_3_5,0.62,0.6,1,0,1,4.406291214580881
20,T_4,C_4_1,0.66,0.65,0,0,1,-15.236609139310152
9,T_4,C_4_1,0.68,0.6,0,0,1,-38.594179712449574
26,T_2,C_2_14,0.53,0.59,0,0,1,-19.31326962581103
46,T_2,C_2_10,0.67,0.64,0,0,0,-33.58042903446247
29,T_2,C_2_18,0.55,0.63,0,0,0,-13.952978054070302
17,T_4,C_4_1,0.67,0.63,0,0,1,-43.92569757666195
40,T_4,C_4_1,0.62,0.62,1,0,1,11.595993292077907
19,T_3,C_3_2,0.51,0.52,1,0,0,36.56602038451732
21,T_2,C_2_15,0.52,0.62,0,0,0,-0.330831177546699
43,T_3,C_3_1,0.6,0.61,0,0,0,-6.092897223270681
1,T_3,C_3_5,0.63,0.63,0,0,1,-6.3628590125140665
36,T_4,C_4_1,0.55,0.54,0,0,1,-0.7308793170825787
32,T_2,C_2_18,0.58,0.59,1,0,0,8.548531627302976
16,T_4,C_4_1,0.63,0.56,0,0,0,-31.176752379231047
25,T_4,C_4_1,0.57,0.56,0,0,1,-47.48055911318016
3,T_2,C_2_14,0.53,0.59,0,0,0,-32.28562240431942
14,T_4,C_4_4,0.54,0.58,0,0,1,-32.68889271311476
23,T_2,C_2_6,0.49,0.51,0,0,1,-11.736912932154347
28,T_3,C_3_5,0.55,0.61,0,0,1,-25.138335186146115
12,T_3,C_3_5,0.61,0.54,0,0,1,-33.27276916175656
8,T_4,C_4_4,0.55,0.59,1,0,1,17.530460240835694
37,T_4,C_4_1,0.57,0.55,1,0,1,14.197966538064925
13,T_2,C_2_14,0.55,0.57,1,0,1,7.516611615035752
6,T_3,C_3_5,0.61,0.68,0,0,1,-3.866228312435174
34,T_5,C_5_6,0.58,0.59,1,0,0,18.287313479591237
35,T_2,C_2_5,0.58,0.63,1,0,1,14.455373680260141
15,T_4,C_4_1,0.76,0.71,1,0,1,35.82744725885545
44,T_3,C_3_5,0.69,0.62,0,0,1,-11.70376557636043
27,T_3,C_3_5,0.59,0.49,1,0,0,3.9012135555260707
2,T_4,C_4_4,0.49,0.54,1,0,1,17.99520398017219
24,T_2,C_2_5,0.6,0.68,1,0,0,38.12676101597569
5,T_4,C_4_1,0.69,0.64,0,0,1,-25.011583845230305
4,T_4,C_4_4,0.52,0.59,0,0,0,-9.957015745204858
19,T_3,C_3_4,0.51,0.52,1,0,1,17.483282762257836
18,T_4,C_4_1,0.62,0.6,0,0,1,-8.982902604748604
48,T_5,C_5_2,0.62,0.62,0,0,0,-61.67430951916068
39,T_4,C_4_1,0.69,0.64,0,0,1,-49.87381283041896
7,T_4,C_4_1,0.63,0.55,0,0,0,-39.16711869318113
42,T_2,C_2_14,0.61,0.62,0,0,1,-42.637625703277585
43,T_3,C_3_2,0.55,0.61,0,0,0,-52.0772951247652
33,T_4,C_4_1,0.64,0.58,0,0,0,-45.13295433680905
11,T_2,C_2_14,0.66,0.69,0,0,1,-16.465749424740643
10,T_4,C_4_1,0.6,0.57,0,0,0,-3.1085886880569156
41,T_2,C_2_14,0.55,0.59,1,0,0,0.5822604463206655
49,T_3,C_3_5,0.75,0.64,0,0,0,-18.353953458959857
47,T_3,C_3_5,0.69,0.7,1,0,1,27.214394944376075
29,T_2,C_2_15,0.53,0.63,0,0,1,-28.332057043937567
45,T_5,C_5_9,0.63,0.63,0,0,1,-19.58654591598836
46,T_2,C_2_5,0.59,0.64,0,0,1,-11.48834624332061
31,T_5,C_5_10,0.59,0.58,0,0,1,-18.646276145425055
0,T_4,C_4_1,0.6,0.57,1,0,0,10.088763203647897
38,T_1,C_1_14,0.44,0.54,0,0,1,-17.120982776310143
22,T_4,C_4_1,0.59,0.54,0,0,1,-11.191945255918633
26,T_3,C_3_5,0.59,0.59,1,0,1,13.499966341619627
21,T_2,C_2_5,0.52,0.62,1,0,0,3.6228997685512008
27,T_3,C_3_1,0.52,0.49,0,0,1,-24.09656160332402
32,T_2,C_2_5,0.56,0.59,1,0,1,13.631807022103455
16,T_4,C_4_3,0.49,0.56,1,0,1,16.933433038363606
20,T_5,C_5_3,0.65,0.65,1,0,0,30.647481369748633
34,T_5,C_5_3,0.57,0.59,0,0,1,-24.10875634703389
3,T_2,C_2_18,0.53,0.59,0,0,1,-16.00251141597144
9,T_5,C_5_6,0.6,0.58,0,0,1,-41.428914057536915
40,T_5,C_5_6,0.62,0.6,0,0,0,-31.6538164519096
1,T_4,C_4_1,0.63,0.58,0,0,1,-42.6121736967768
17,T_5,C_5_7,0.63,0.65,0,0,1,-43.68215849662402
43,T_3,C_3_4,0.53,0.61,1,0,1,8.715659586888766
23,T_3,C_3_5,0.51,0.52,0,0,0,-26.871452829585706
28,T_4,C_4_1,0.61,0.53,0,0,1,-1.4973025871315162
12,T_4,C_4_1,0.54,0.53,0,0,0,-15.114058837593031
36,T_5,C_5_10,0.54,0.53,0,0,1,-40.88018127759787
49,T_3,C_3_1,0.66,0.64,0,0,1,-27.272464235797262
48,T_5,C_5_9,0.62,0.62,0,0,0,-21.418766486601132
4,T_4,C_4_3,0.47,0.59,0,0,1,-10.810534846213208
13,T_3,C_3_5,0.57,0.55,0,0,0,-3.8089284205103926
25,T_5,C_5_6,0.56,0.54,0,0,1,-30.215354123321628
14,T_5,C_5_6,0.58,0.56,0,0,1,-30.311739665490304
35,T_3,C_3_5,0.63,0.59,0,0,1,-44.80708175602223
6,T_4,C_4_1,0.68,0.58,0,0,0,-10.084547674225947
24,T_2,C_2_6,0.58,0.68,0,0,1,-4.492463852541059
30,T_2,C_2_14,0.61,0.67,1,0,0,6.892106624353268
7,T_4,C_4_4,0.51,0.55,1,0,0,28.124061788484575
8,T_5,C_5_1,0.59,0.58,0,0,1,-7.334066007042597
44,T_4,C_4_1,0.62,0.62,0,0,1,-31.083267284997863
37,T_5,C_5_1,0.55,0.51,0,0,1,-28.294129904806166
33,T_4,C_4_4,0.51,0.58,0,0,0,-11.966801116900342
10,T_4,C_4_4,0.5,0.57,0,0,1,-23.10496385269724
19,T_4,C_4_1,0.52,0.55,1,0,1,26.729399331508617
15,T_5,C_5_8,0.71,0.71,1,0,0,2.5353560376484996
41,T_2,C_2_10,0.54,0.59,1,0,0,15.03893598991581
42,T_3,C_3_5,0.62,0.59,0,0,0,-6.470510427619798
11,T_3,C_3_5,0.69,0.6,0,0,0,-26.454946713792868
0,T_4,C_4_3,0.52,0.57,0,0,0,-9.719815865259967
2,T_5,C_5_10,0.54,0.5,0,0,1,-9.425422690019808
5,T_5,C_5_8,0.64,0.64,0,0,0,-21.468787857099922
18,T_5,C_5_6,0.6,0.56,0,0,0,-34.700368048699694
39,T_5,C_5_8,0.64,0.65,0,0,1,-36.01869348313891
20,T_5,C_5_2,0.64,0.65,0,0,0,-22.02580248787823
47,T_4,C_4_1,0.7,0.61,0,0,1,-39.66087357792563
23,T_3,C_3_9,0.45,0.52,0,0,0,-14.550718604988827
29,T_3,C_3_5,0.63,0.59,1,0,1,16.56372496249341
46,T_3,C_3_5,0.64,0.63,0,0,1,-53.08917588542332
21,T_2,C_2_18,0.51,0.62,0,0,0,-14.019091560857483
40,T_5,C_5_10,0.58,0.6,0,0,1,-44.90806793881028
13,T_3,C_3_1,0.52,0.55,1,0,1,32.9625233614497
27,T_4,C_4_1,0.49,0.52,0,0,1,-6.807555407724358
26,T_4,C_4_1,0.59,0.54,0,0,1,-1.6039532150853795
45,T_6,C_6_2,0.63,0.7,1,1,1,57.17646242064146
32,T_3,C_3_5,0.59,0.56,1,1,0,65.90157226658184
48,T_5,C_5_8,0.62,0.62,1,0,0,31.671642878387928
22,T_5,C_5_10,0.54,0.52,1,0,0,12.773210257388715
12,T_4,C_4_4,0.45,0.53,1,0,1,21.02516520678108
31,T_6,C_6_5,0.58,0.72,0,0,1,-38.43020946962454
3,T_3,C_3_5,0.59,0.58,0,0,0,-2.799656079133502
16,T_5,C_5_2,0.56,0.58,0,0,0,-19.168175232069803
43,T_4,C_4_1,0.61,0.56,0,0,0,-39.519915964320035
42,T_3,C_3_4,0.58,0.59,0,0,0,-61.62253156787234
49,T_4,C_4_1,0.64,0.61,0,0,1,-83.94073595020011
6,T_4,C_4_4,0.53,0.58,0,0,0,-59.63337587461131
34,T_6,C_6_2,0.59,0.7,0,0,1,-60.45444481341845
11,T_3,C_3_1,0.65,0.6,0,0,1,-82.85946660035489
1,T_5,C_5_1,0.58,0.56,0,0,1,-85.4030730403665
9,T_6,C_6_2,0.58,0.7,0,0,0,-54.13718812993402
7,T_4,C_4_5,0.47,0.55,0,0,0,-46.50457189700866
28,T_5,C_5_2,0.53,0.5,0,0,1,-27.757265350011217
17,T_6,C_6_9,0.65,0.71,0,0,1,-19.242808035553914
15,T_5,C_5_6,0.7,0.71,1,0,0,9.808117890372003
30,T_2,C_2_5,0.61,0.67,1,0,1,33.99330307555719
33,T_4,C_4_3,0.46,0.58,1,1,,41.83887143368658
23,T_3,C_3_4,0.45,0.52,1,0,0,0.1940902362173702
35,T_4,C_4_1,0.59,0.56,0,0,1,-18.87859644584574
24,T_3,C_3_5,0.68,0.58,1,0,0,18.030381263608497
36,T_6,C_6_9,0.53,0.64,1,0,1,23.490958085644277
5,T_5,C_5_6,0.63,0.64,1,1,,45.718042457877544
18,T_5,C_5_2,0.59,0.56,1,1,,59.73415911175321
4,T_5,C_5_10,0.59,0.58,1,0,1,9.89723252892641
0,T_4,C_4_4,0.49,0.57,1,0,1,1.661842453003219
20,T_5,C_5_8,0.62,0.65,0,0,1,-10.024182553891002
38,T_2,C_2_5,0.54,0.57,0,0,1,-23.421978729742296
41,T_2,C_2_7,0.53,0.59,0,0,0,-5.514557153613763
25,T_6,C_6_2,0.54,0.69,0,0,1,-49.34210243437671
14,T_6,C_6_4,0.56,0.74,0,0,1,-45.44760702153268
32,T_3,C_3_9,0.57,0.56,1,0,0,0.13190368183122647
44,T_5,C_5_6,0.62,0.62,1,0,0,12.676400031503622
3,T_3,C_3_4,0.57,0.58,1,0,1,2.1771668626651373
42,T_3,C_3_1,0.56,0.59,0,0,1,-15.9438377035449
8,T_6,C_6_5,0.58,0.65,0,0,0,-12.2946748420533
48,T_5,C_5_6,0.61,0.62,1,0,1,24.213943124986994
37,T_6,C_6_5,0.51,0.64,1,0,0,12.278532790640494
10,T_5,C_5_10,0.57,0.54,1,0,1,11.68278810978944
22,T_5,C_5_7,0.53,0.52,1,0,0,13.082177206774613
21,T_2,C_2_14,0.51,0.62,1,0,0,16.86881350138359
19,T_5,C_5_10,0.55,0.5,1,0,1,18.191885895418388
46,T_4,C_4_1,0.63,0.59,0,0,1,-7.2208606903175685
29,T_4,C_4_1,0.59,0.55,1,0,1,31.7639648028539
16,T_5,C_5_8,0.55,0.58,0,0,1,-19.156494435935784
2,T_6,C_6_9,0.5,0.66,0,0,1,-33.58939815087132
13,T_4,C_4_1,0.55,0.51,1,0,0,5.51654615893105
43,T_4,C_4_3,0.5,0.56,0,0,1,-28.59157418474492
23,T_3,C_3_1,0.43,0.52,0,0,0,-7.509310033801494
39,T_6,C_6_5,0.65,0.72,0,0,0,-14.309310033801529
47,T_5,C_5_6,0.61,0.61,0,0,1,-22.045052086791067
24,T_3,C_3_4,0.59,0.58,0,0,0,-10.884806180893886
6,T_4,C_4_5,0.48,0.58,1,0,1,25.67909397581841
15,T_5,C_5_2,0.69,0.71,1,0,0,27.6663120209312
26,T_5,C_5_6,0.54,0.51,0,0,1,-7.082115681136594
7,T_4,C_4_3,0.44,0.55,0,0,1,-14.595994150754008
45,T_7,C_7_8,0.7,0.64,0,0,0,-28.26966256785829
40,T_6,C_6_5,0.6,0.7,0,0,0,-19.695018906943076
9,T_6,C_6_9,0.56,0.7,1,0,0,7.347566327071599
27,T_5,C_5_7,0.52,0.5,1,0,0,10.909785217626343
31,T_7,C_7_8,0.72,0.58,1,0,0,7.612931397345447
32,T_3,C_3_4,0.56,0.56,0,0,1,-12.857891575895614
12,T_5,C_5_6,0.53,0.49,0,0,1,-37.96535426246276
11,T_4,C_4_1,0.6,0.61,0,0,0,-54.71013038186575
34,T_7,C_7_8,0.7,0.58,0,0,1,-32.50015433928071
30,T_3,C_3_5,0.67,0.6,0,0,1,-24.163606268450096
44,T_5,C_5_10,0.6,0.62,0,0,0,-15.492974298189903
49,T_5,C_5_6,0.61,0.61,0,0,1,-34.40598545060623
17,T_7,C_7_8,0.71,0.64,0,0,1,-44.600143709173665
1,T_6,C_6_5,0.56,0.66,0,0,1,-7.775721455608542
41,T_2,C_2_6,0.53,0.59,1,0,0,27.39809511243878
28,T_6,C_6_5,0.5,0.64,1,1,0,46.31082280128151
22,T_5,C_5_2,0.52,0.52,1,1,,47.99953085232067
33,T_5,C_5_10,0.58,0.59,1,0,1,36.46816553866751
36,T_7,C_7_8,0.64,0.52,1,0,0,25.046025317265347
23,T_3,C_3_10,0.43,0.52,1,1,,43.529420151213664
35,T_5,C_5_6,0.56,0.54,0,0,1,-9.514841786980927
38,T_3,C_3_5,0.57,0.6,0,0,1,-17.34002449178676
8,T_6,C_6_9,0.53,0.65,0,0,0,-0.9500318501385236
24,T_3,C_3_1,0.59,0.58,0,0,1,-5.9465598984439145
37,T_6,C_6_4,0.49,0.64,1,0,0,7.707851866261952
5,T_6,C_6_2,0.64,0.76,1,0,1,11.118626275217327
3,T_4,C_4_1,0.58,0.53,0,0,1,-8.06419256857573
18,T_6,C_6_2,0.56,0.73,1,0,1,1.6736928939793407
0,T_5,C_5_6,0.57,0.56,0,0,0,-15.686806371806284
42,T_4,C_4_1,0.59,0.58,0,0,1,-10.828799017811498
25,T_7,C_7_8,0.69,0.54,0,0,1,-18.059173192426325
21,T_2,C_2_12,0.5,0.62,0,0,0,-23.12153562822968
14,T_7,C_7_8,0.74,0.57,0,0,1,-12.078460532623414
4,T_6,C_6_5,0.58,0.69,0,0,1,-24.453552107715
45,T_7,C_7_6,0.62,0.64,0,0,1,-24.88164085644798
20,T_6,C_6_5,0.65,0.71,1,0,1,0.9851234188082358
13,T_4,C_4_4,0.46,0.51,1,0,0,6.520262511048353
15,T_5,C_5_9,0.68,0.71,0,0,1,-23.13273895308048
31,T_7,C_7_6,0.58,0.58,1,0,1,14.636135251709206
39,T_6,C_6_2,0.61,0.72,1,0,0,14.933038096422854
27,T_5,C_5_10,0.52,0.5,0,0,0,-3.969914675808214
10,T_6,C_6_5,0.54,0.65,0,0,0,-19.458614647375164
48,T_6,C_6_2,0.62,0.69,0,0,1,-29.248383698461
44,T_5,C_5_2,0.59,0.62,0,0,0,-3.0995093339003574
19,T_6,C_6_5,0.5,0.63,1,0,0,5.167462680944401
2,T_7,C_7_8,0.66,0.51,0,0,0,-11.700461847357474
9,T_6,C_6_5,0.56,0.7,0,0,1,-24.987272297705907
29,T_5,C_5_2,0.55,0.51,0,0,1,-7.682703769787133
40,T_6,C_6_4,0.56,0.7,0,0,1,-8.164937272325211
46,T_5,C_5_10,0.59,0.57,0,0,0,-34.60221065883715
16,T_6,C_6_2,0.58,0.65,0,0,0,-35.563089259580416
43,T_5,C_5_1,0.56,0.56,0,0,0,-8.727809763504359
36,T_7,C_7_6,0.51,0.52,0,0,1,-19.863120906774924
11,T_4,C_4_3,0.58,0.61,0,0,0,-14.74695583430618
6,T_5,C_5_2,0.58,0.58,0,0,0,-21.043163101352064
47,T_6,C_6_5,0.61,0.7,1,0,1,8.199514375174502
32,T_4,C_4_1,0.56,0.57,1,0,1,7.274564564017147
30,T_4,C_4_1,0.6,0.57,0,0,0,-21.768569871640643
41,T_2,C_2_9,0.52,0.59,0,0,1,-0.046786981633462954
28,T_6,C_6_2,0.49,0.64,1,0,1,25.69305173937268
26,T_6,C_6_2,0.51,0.68,1,0,1,19.292692492398896
7,T_5,C_5_2,0.55,0.54,1,0,0,5.429806634538152
0,T_5,C_5_10,0.55,0.56,0,0,0,-11.28249519887726
1,T_7,C_7_8,0.66,0.58,1,1,1,40.59020057672492
8,T_6,C_6_4,0.51,0.65,1,0,1,35.2133862378172
12,T_6,C_6_2,0.49,0.69,1,0,0,9.433628575664684
23,T_4,C_4_1,0.52,0.49,1,0,0,15.397277898544235
37,T_6,C_6_2,0.48,0.64,1,0,0,2.675661995155776
38,T_4,C_4_1,0.6,0.53,0,0,0,-26.955337144484346
49,T_6,C_6_9,0.61,0.74,0,0,0,-26.20759906943753
24,T_4,C_4_1,0.58,0.55,0,0,1,-10.155741389103301
34,T_8,C_8_4,0.58,0.64,0,0,0,-21.656096250707293
2,T_7,C_7_6,0.53,0.51,1,0,1,13.974041336908549
22,T_6,C_6_4,0.52,0.69,1,0,1,23.609760684888688
33,T_6,C_6_5,0.59,0.65,1,0,0,22.329817382266427
27,T_5,C_5_1,0.48,0.5,1,0,0,16.397854235561994
21,T_2,C_2_7,0.5,0.62,0,0,0,-14.948778755325062
17,T_8,C_8_4,0.64,0.68,0,0,1,-73.92342935908741
44,T_5,C_5_1,0.58,0.62,0,0,1,-15.171154814071485
13,T_4,C_4_5,0.41,0.51,0,0,0,-0.2439978126570599
35,T_6,C_6_2,0.54,0.72,0,0,1,-17.366182327928364
5,T_7,C_7_8,0.76,0.65,0,0,1,-14.822186400516248
18,T_7,C_7_8,0.73,0.57,1,0,1,28.64224634814153
39,T_6,C_6_4,0.6,0.72,1,0,1,4.744675500755984
46,T_5,C_5_7,0.55,0.57,0,0,1,-10.75959128486206
10,T_6,C_6_2,0.54,0.65,0,0,1,-17.05796924218498
3,T_5,C_5_6,0.53,0.51,0,0,1,-17.32168232235376
42,T_5,C_5_10,0.58,0.57,1,0,1,6.987689629100814
4,T_7,C_7_8,0.69,0.56,1,0,1,0.369277823057244
43,T_5,C_5_10,0.56,0.56,1,0,1,14.996122517365002
6,T_5,C_5_6,0.56,0.58,1,0,0,4.678668787707001
19,T_6,C_6_9,0.48,0.63,0,0,0,-10.233181227646968
20,T_7,C_7_8,0.71,0.63,0,0,0,-25.222669664927988
11,T_4,C_4_4,0.57,0.61,0,0,0,-13.03420448196065
16,T_6,C_6_5,0.56,0.65,1,0,1,4.780460768813758
14,T_8,C_8_2,0.57,0.65,0,0,1,-66.36596850024118
30,T_4,C_4_4,0.51,0.57,0,0,0,-28.298752985654822
0,T_5,C_5_2,0.55,0.56,0,0,0,-30.179422908892835
7,T_5,C_5_8,0.54,0.54,0,0,1,-38.63999513499189
45,T_8,C_8_4,0.64,0.7,0,0,1,-47.53428114682106
48,T_7,C_7_8,0.69,0.6,0,0,1,-41.3555437635118
25,T_8,C_8_4,0.54,0.63,0,0,1,-57.65240787501004
15,T_6,C_6_5,0.71,0.8,0,0,0,-68.17157163807624
9,T_7,C_7_8,0.7,0.59,0,0,1,-66.75316462966973
31,T_8,C_8_4,0.58,0.64,0,0,1,-53.55656725238764
40,T_7,C_7_8,0.7,0.59,0,0,0,-19.103120114684817
23,T_4,C_4_4,0.42,0.49,1,0,0,0.7512833973690274
29,T_6,C_6_2,0.51,0.65,1,0,0,7.1857948318804485
38,T_4,C_4_4,0.45,0.53,0,0,0,-5.387108937006686
12,T_6,C_6_9,0.47,0.69,0,0,0,-9.99306461567706
47,T_7,C_7_8,0.7,0.61,0,0,1,-7.181430266646598
27,T_5,C_5_2,0.48,0.5,0,0,0,-0.036728410019933655
41,T_3,C_3_5,0.59,0.59,1,0,1,13.850425689032068
37,T_6,C_6_9,0.45,0.64,1,0,1,10.50929235122571
49,T_6,C_6_2,0.61,0.74,0,0,1,-23.15152892692844
28,T_7,C_7_8,0.64,0.49,1,0,1,4.362973835502528
32,T_5,C_5_6,0.57,0.52,1,0,1,16.31891115689706
26,T_7,C_7_8,0.68,0.52,1,0,1,4.263876060573929
8,T_7,C_7_8,0.65,0.55,1,0,1,20.7177328098852
33,T_6,C_6_2,0.54,0.65,1,0,1,14.151617107405865
21,T_2,C_2_2,0.49,0.62,0,0,1,-1.8127527059753632
36,T_8,C_8_4,0.52,0.61,0,0,1,-5.862993586911333
13,T_4,C_4_3,0.4,0.51,1,1,,60.042989224722085
20,T_7,C_7_6,0.62,0.63,1,1,,65.44614856538142
34,T_8,C_8_6,0.55,0.64,1,0,1,35.55088616317459
6,T_5,C_5_10,0.56,0.58,1,0,1,3.907465307241365
1,T_8,C_8_4,0.58,0.64,0,0,1,-7.9588815056441575
24,T_5,C_5_2,0.55,0.58,0,0,0,-21.234850390973918
22,T_7,C_7_8,0.69,0.53,0,0,0,-22.750453848001783
0,T_5,C_5_1,0.55,0.56,0,0,1,-16.775313995393716
19,T_6,C_6_4,0.46,0.63,1,0,1,4.911847496143816
35,T_7,C_7_8,0.72,0.57,0,0,1,-50.83542770821581
11,T_4,C_4_5,0.5,0.61,0,0,1,-24.861313266798945
40,T_7,C_7_6,0.59,0.59,0,0,1,-22.826572122384796
44,T_6,C_6_4,0.62,0.74,0,0,1,-22.666806417737817
10,T_7,C_7_8,0.65,0.5,0,0,0,-18.668166961955485
2,T_8,C_8_4,0.51,0.59,0,0,1,-20.01102410481262
30,T_4,C_4_3,0.43,0.57,0,0,0,-11.017146553792202
39,T_7,C_7_8,0.72,0.58,0,0,1,-22.983755413515603
17,T_9,C_9_1,0.68,0.55,0,0,1,-48.94562238404283
3,T_6,C_6_5,0.51,0.66,0,0,0,-35.2886192434861
46,T_6,C_6_5,0.57,0.66,0,0,0,-64.39213751141571
5,T_8,C_8_4,0.65,0.72,0,0,0,-75.56060841804629
18,T_8,C_8_4,0.57,0.66,0,0,0,-51.94152858042791
15,T_6,C_6_2,0.7,0.8,0,0,1,-78.44438087154734
23,T_4,C_4_3,0.4,0.49,0,0,1,-35.28008066870757
27,T_5,C_5_9,0.46,0.5,0,0,1,-37.487094173084145
16,T_7,C_7_8,0.65,0.55,0,0,1,-51.17966174065175
43,T_6,C_6_5,0.56,0.65,0,0,1,-36.40415897590187
42,T_6,C_6_5,0.57,0.67,0,0,0,-16.15196998006523
4,T_8,C_8_6,0.56,0.63,0,0,0,-22.608785094775083
29,T_6,C_6_9,0.51,0.65,0,0,1,-11.459967592229372
38,T_4,C_4_3,0.42,0.53,0,0,0,-29.413614984808536
12,T_6,C_6_5,0.47,0.69,0,0,0,-25.841224412417972
22,T_7,C_7_2,0.53,0.53,1,0,1,25.941515436958092
7,T_6,C_6_2,0.54,0.67,0,0,0,-16.297521469041648
14,T_9,C_9_3,0.65,0.51,0,0,1,-39.094972843957805
25,T_9,C_9_15,0.63,0.45,0,0,0,-54.353286942809156
45,T_9,C_9_15,0.7,0.51,0,0,1,-45.51326016904744
48,T_8,C_8_4,0.6,0.68,0,0,1,-42.64378225740086
17,T_10,C_10_2,0.55,0.0,0,0,1,-27.62001696450018
41,T_4,C_4_1,0.59,0.56,1,0,0,5.458191591649507
24,T_5,C_5_7,0.55,0.58,1,0,0,27.642132110834055
10,T_7,C_7_2,0.55,0.5,1,0,1,23.35422295919745
9,T_8,C_8_4,0.59,0.66,0,0,1,-4.268611149505849
49,T_7,C_7_8,0.74,0.61,0,0,1,-30.75844370557961
37,T_7,C_7_8,0.64,0.51,1,0,1,0.5933217840939422
31,T_9,C_9_1,0.64,0.52,1,0,0,15.849804590496444
21,T_3,C_3_5,0.62,0.53,1,0,0,16.02825268500949
33,T_7,C_7_8,0.65,0.53,0,0,1,-2.430934265968455
47,T_8,C_8_4,0.61,0.65,0,0,1,-25.553112220815727
32,T_6,C_6_5,0.52,0.69,1,0,0,23.0703791186202
30,T_4,C_4_2,0.42,0.57,1,0,0,5.017569404005458
13,T_5,C_5_2,0.51,0.48,1,0,1,29.24975661413422
28,T_8,C_8_4,0.49,0.59,1,0,0,10.459135742271627
45,T_10,C_10_4,0.51,0.0,0,0,0,-2.3413926593135557
8,T_8,C_8_4,0.55,0.6,1,0,0,30.87525199062035
14,T_10,C_10_1,0.51,0.0,0,0,1,-9.744819858044004
26,T_8,C_8_4,0.52,0.58,0,0,0,-25.162886334876408
36,T_9,C_9_1,0.61,0.47,1,0,0,6.563771084794714
3,T_6,C_6_2,0.49,0.66,1,0,0,23.011728924056854
19,T_7,C_7_8,0.63,0.48,1,0,0,33.580240123002824
25,T_9,C_9_3,0.59,0.45,0,0,0,-6.3401828721546725
6,T_6,C_6_5,0.58,0.64,0,0,1,-5.165315837055402
20,T_8,C_8_2,0.63,0.68,1,0,1,1.6912631103129963
46,T_6,C_6_2,0.53,0.66,0,0,1,-11.527815837055385
0,T_6,C_6_2,0.56,0.7,1,1,0,40.43827337441235
44,T_7,C_7_8,0.74,0.61,1,1,1,53.09464656757925
34,T_9,C_9_15,0.64,0.49,1,0,1,38.13801056232302
11,T_5,C_5_6,0.61,0.61,1,1,0,51.35088835470147
45,T_10,C_10_2,0.51,0.0,1,0,0,33.16879564225813
38,T_4,C_4_5,0.4,0.53,1,0,0,3.8176505580463065
1,T_9,C_9_1,0.64,0.5,1,0,1,10.142007513426886
21,T_3,C_3_4,0.59,0.53,1,0,1,12.374253747873512
12,T_6,C_6_3,0.45,0.69,1,0,1,14.577190759500168
35,T_8,C_8_4,0.57,0.64,0,0,0,-1.9071024342170944
42,T_6,C_6_2,0.53,0.67,1,0,1,28.215773066799503
5,T_8,C_8_2,0.59,0.72,1,0,1,34.55487867104623
31,T_9,C_9_3,0.63,0.52,1,1,,49.37175244475453
18,T_8,C_8_2,0.55,0.66,1,0,1,13.886543606477563
24,T_5,C_5_3,0.55,0.58,1,0,0,16.908112233928538
40,T_8,C_8_4,0.59,0.62,0,0,0,-8.207133899360405
15,T_7,C_7_8,0.8,0.72,0,0,1,-47.408085767880955
2,T_9,C_9_17,0.59,0.46,1,0,1,0.6937419083592751
7,T_6,C_6_5,0.53,0.67,0,0,1,-2.708579773559336
41,T_4,C_4_4,0.5,0.56,0,0,0,-10.82841918652623
4,T_8,C_8_4,0.54,0.63,0,0,0,-16.365576944022934
23,T_5,C_5_1,0.49,0.43,0,0,1,-13.569938877016249
39,T_8,C_8_4,0.58,0.65,1,0,0,4.144585077924004
29,T_7,C_7_8,0.65,0.49,0,0,1,-1.8532648326159933
45,T_10,C_10_5,0.48,0.0,1,0,1,3.744002571417864
43,T_7,C_7_8,0.65,0.54,1,0,1,24.434308361918802
27,T_6,C_6_9,0.5,0.65,1,0,0,18.565908023398478
16,T_8,C_8_4,0.55,0.62,0,0,1,-13.178231060187535
36,T_9,C_9_15,0.58,0.47,1,0,1,13.012520056501078
25,T_9,C_9_17,0.59,0.45,1,0,0,3.793324206955006
19,T_7,C_7_11,0.52,0.48,0,0,0,-13.454200002536158
30,T_4,C_4_5,0.41,0.57,0,0,1,-19.01313782637031
34,T_10,C_10_3,0.49,0.0,0,0,1,-25.949074828566957
22,T_8,C_8_2,0.53,0.59,0,0,1,-0.18636396523800158
32,T_6,C_6_4,0.51,0.69,1,0,1,1.8766566048388809
1,T_10,C_10_2,0.5,0.0,0,0,1,-22.57231109544639
48,T_9,C_9_15,0.68,0.53,0,0,1,-11.446398665770857
31,T_10,C_10_1,0.52,0.0,1,0,0,17.627238028599898
3,T_6,C_6_4,0.46,0.66,1,0,0,6.511992236183681
11,T_5,C_5_1,0.6,0.61,0,0,0,-28.010195085052047
28,T_8,C_8_3,0.45,0.59,0,0,1,-7.808926310879645
9,T_9,C_9_15,0.66,0.51,0,0,0,-32.99058508790088
2,T_10,C_10_1,0.46,0.0,0,0,1,-0.28949464530946223
8,T_8,C_8_6,0.53,0.6,0,0,0,-10.444446866490068
10,T_8,C_8_3,0.5,0.58,0,0,1,-8.004062251105445
26,T_8,C_8_2,0.48,0.58,1,0,1,13.847016081181422
49,T_8,C_8_2,0.61,0.67,1,0,0,11.473776644561704
0,T_6,C_6_5,0.55,0.7,1,0,0,32.98786115160395
37,T_8,C_8_4,0.51,0.59,1,0,1,21.966734391040582
38,T_4,C_4_2,0.36,0.53,0,0,0,-11.933280010130456
47,T_9,C_9_15,0.65,0.5,0,0,1,-50.61404213173207
33,T_8,C_8_4,0.53,0.61,0,0,1,-30.287094494439593
13,T_6,C_6_5,0.48,0.6,0,0,1,-22.173429104912152
24,T_5,C_5_10,0.54,0.58,0,0,1,-43.30305873454177
6,T_7,C_7_8,0.64,0.54,0,0,1,-41.43773909135881
31,T_10,C_10_2,0.51,0.0,1,0,1,23.812238008973342
36,T_10,C_10_5,0.47,0.0,0,0,0,-7.37078862570409
46,T_7,C_7_8,0.66,0.53,1,0,0,15.5428504225311
25,T_9,C_9_14,0.55,0.45,1,0,1,20.303011616181927
21,T_4,C_4_1,0.53,0.52,0,0,1,-11.29721721308241
19,T_7,C_7_6,0.5,0.48,1,0,1,1.6399655280343115
41,T_4,C_4_3,0.45,0.56,0,0,0,-12.77578765300404
48,T_10,C_10_2,0.53,0.0,0,0,0,-33.88612373417078
35,T_8,C_8_6,0.51,0.64,1,0,0,12.68899804572445
20,T_9,C_9_17,0.68,0.54,1,0,0,4.537540504533065
12,T_7,C_7_8,0.69,0.51,0,0,0,-4.491629571352127
44,T_8,C_8_4,0.61,0.66,1,0,1,13.67292178614471
42,T_7,C_7_8,0.67,0.54,1,0,1,4.004990097340184
40,T_8,C_8_6,0.58,0.62,0,0,0,-10.633058939648734
9,T_9,C_9_3,0.63,0.51,0,0,1,-36.621132489081184
27,T_6,C_6_2,0.47,0.65,0,0,0,-15.138156448728104
7,T_7,C_7_8,0.67,0.51,0,0,1,-30.329202312385444
11,T_5,C_5_10,0.6,0.61,1,0,0,14.425206541669596
36,T_10,C_10_2,0.46,0.0,1,0,1,21.399746554636636
4,T_8,C_8_2,0.52,0.63,1,0,0,35.815102124177216
18,T_9,C_9_3,0.66,0.5,1,0,0,21.463308543308727
47,T_10,C_10_2,0.5,0.0,0,0,0,-30.891704573480226
5,T_9,C_9_3,0.72,0.55,0,0,1,-22.87600105589231
39,T_8,C_8_2,0.58,0.65,0,0,1,-29.505398040816935
48,T_10,C_10_4,0.5,0.0,1,0,1,35.34126036800649
23,T_6,C_6_2,0.43,0.61,1,0,0,20.321099525674747
15,T_8,C_8_2,0.72,0.75,0,0,1,-48.38835286068982
3,T_6,C_6_9,0.45,0.66,0,0,1,-16.49404391760039
25,T_10,C_10_2,0.45,0.0,0,0,0,-0.46237603413635053
29,T_8,C_8_3,0.49,0.58,0,0,0,-18.068658540117408
16,T_9,C_9_15,0.62,0.47,1,0,1,4.910801341059251
46,T_7,C_7_2,0.56,0.53,0,0,0,-4.957652524277379
32,T_7,C_7_8,0.69,0.52,1,0,0,5.639196474720409
43,T_8,C_8_4,0.54,0.59,1,0,1,11.669922374093087
30,T_5,C_5_10,0.57,0.58,1,0,0,25.255681595308523
0,T_6,C_6_3,0.53,0.7,1,0,0,35.13869341858165
47,T_10,C_10_4,0.48,0.0,0,0,1,-14.135304004903112
20,T_9,C_9_14,0.66,0.54,0,0,1,-10.320938768982511
9,T_10,C_10_2,0.51,0.0,1,0,1,0.18565386699304298
12,T_7,C_7_6,0.51,0.51,1,0,0,24.21543054193098
8,T_8,C_8_2,0.52,0.6,1,0,1,14.326472725553804
22,T_9,C_9_17,0.59,0.46,1,0,1,5.797936745404929
49,T_8,C_8_4,0.61,0.67,0,0,1,-6.134078404417217
25,T_10,C_10_1,0.45,0.0,1,0,0,26.334561818738244
28,T_9,C_9_1,0.59,0.45,1,0,1,19.066885592852728
5,T_10,C_10_2,0.55,0.0,1,0,0,21.71459881905793
41,T_4,C_4_5,0.45,0.56,1,0,0,6.080226251187192
13,T_7,C_7_8,0.6,0.46,1,0,0,22.997018202505167
26,T_9,C_9_15,0.58,0.42,1,0,0,18.954451885416944
38,T_5,C_5_2,0.53,0.51,1,0,0,13.629183426054604
10,T_9,C_9_12,0.58,0.47,1,0,0,11.928813512367793
18,T_9,C_9_17,0.65,0.5,1,0,1,29.767284535795657
11,T_5,C_5_7,0.59,0.61,1,0,1,10.650315338182397
37,T_9,C_9_1,0.59,0.44,1,0,1,3.867889040342316
16,T_10,C_10_4,0.47,0.0,0,0,1,-10.866834396122789
24,T_6,C_6_9,0.58,0.67,0,0,1,-0.8717056833113936
33,T_9,C_9_1,0.61,0.5,0,0,0,-3.8465059291626584
35,T_8,C_8_5,0.5,0.64,1,0,1,33.19347091858678
25,T_10,C_10_4,0.42,0.0,1,0,1,25.774452513678828
27,T_6,C_6_5,0.46,0.65,1,0,0,11.47559788348844
46,T_7,C_7_3,0.55,0.53,1,0,0,22.550803609555718
20,T_10,C_10_1,0.54,0.0,1,0,0,25.669473536191383
5,T_10,C_10_1,0.51,0.0,1,0,1,30.272657859522678
21,T_5,C_5_10,0.52,0.49,1,0,1,22.736221852174268
32,T_7,C_7_6,0.56,0.52,1,0,1,36.43671302228036
6,T_8,C_8_4,0.54,0.62,1,0,0,18.2397112368268
40,T_8,C_8_2,0.56,0.62,1,1,,42.23060309658767
23,T_6,C_6_4,0.41,0.61,1,0,1,24.663977179717243
22,T_10,C_10_1,0.46,0.0,1,0,0,15.419924003746612
19,T_8,C_8_6,0.48,0.57,1,0,1,21.405271989094594
12,T_7,C_7_11,0.5,0.51,1,0,0,5.958341346042333
28,T_10,C_10_2,0.45,0.0,0,0,0,-12.08229480389446
30,T_5,C_5_3,0.57,0.58,0,0,1,-0.06524242874218267
4,T_8,C_8_3,0.48,0.63,1,0,0,6.586401907433204
44,T_9,C_9_1,0.66,0.56,1,0,1,26.876509869236198
42,T_8,C_8_4,0.54,0.65,1,0,1,0.9868770836813443
18,T_10,C_10_1,0.5,0.0,1,0,1,14.417155835502633
20,T_10,C_10_2,0.51,0.0,0,0,0,-8.941985120562432
13,T_7,C_7_11,0.51,0.46,1,0,1,0.6517080267995894
37,T_10,C_10_2,0.44,0.0,0,0,0,-18.92429836826078
0,T_6,C_6_4,0.52,0.7,0,0,1,-30.02066200462444
7,T_8,C_8_4,0.51,0.6,0,0,0,-37.45157109553349
3,T_7,C_7_8,0.66,0.5,0,0,1,-20.264028926416522
26,T_9,C_9_3,0.56,0.42,0,0,1,-34.43907435343048
10,T_9,C_9_1,0.57,0.47,0,0,1,-8.188699278085409
29,T_8,C_8_4,0.48,0.58,0,0,0,-31.645367380718454
22,T_10,C_10_2,0.44,0.0,0,0,0,-21.21515590035591
39,T_9,C_9_1,0.65,0.55,0,0,1,-29.926334148090064
38,T_5,C_5_10,0.5,0.51,1,0,0,10.460067207452822
33,T_9,C_9_14,0.59,0.5,1,0,1,27.53972924728384
41,T_4,C_4_2,0.41,0.56,1,0,1,23.028564491701438
28,T_10,C_10_4,0.41,0.0,0,0,1,-3.4308848743320333
15,T_9,C_9_15,0.75,0.61,0,0,1,-23.384675689645817
46,T_7,C_7_10,0.54,0.53,0,0,1,-21.31197772632889
20,T_10,C_10_5,0.47,0.0,1,0,0,0.323934276467142
37,T_10,C_10_4,0.41,0.0,1,0,1,9.313540343988095
43,T_9,C_9_12,0.59,0.46,1,0,0,31.683009907458356
44,T_10,C_10_1,0.56,0.0,1,0,0,6.85104276450647
12,T_7,C_7_2,0.49,0.51,1,0,0,20.670856253160586
8,T_9,C_9_1,0.6,0.45,1,0,0,30.476040883170405
22,T_10,C_10_5,0.4,0.0,1,0,0,27.997411277084034
27,T_6,C_6_4,0.45,0.65,0,0,0,-5.9813057809959105
49,T_9,C_9_15,0.67,0.53,0,0,1,-19.436231154130237
10,T_10,C_10_4,0.47,0.0,0,0,0,-13.829550848862752
24,T_7,C_7_8,0.67,0.53,0,0,1,-11.562092141036075
26,T_10,C_10_2,0.42,0.0,0,0,0,-5.709799109469689
20,T_10,C_10_4,0.46,0.0,1,0,1,28.068143401662237
39,T_10,C_10_2,0.55,0.0,1,0,0,18.075511907120717
44,T_10,C_10_2,0.53,0.0,1,0,0,26.245409146949473
11,T_6,C_6_3,0.61,0.76,1,0,1,22.75609798305397
33,T_10,C_10_2,0.5,0.0,1,0,0,24.059542163576573
22,T_10,C_10_4,0.39,0.0,1,0,0,23.11488820082944
15,T_10,C_10_1,0.61,0.0,1,0,1,18.41897830160004
6,T_8,C_8_6,0.51,0.62,0,0,0,-1.4834129984727156
35,T_9,C_9_3,0.64,0.48,1,0,0,9.897132712694313
10,T_10,C_10_2,0.46,0.0,0,0,1,-10.048262657977713
26,T_10,C_10_4,0.41,0.0,1,0,0,14.636722592862945
38,T_5,C_5_9,0.5,0.51,0,0,0,-13.883644585342328
23,T_7,C_7_8,0.61,0.46,0,0,0,-5.884826618439277
39,T_10,C_10_1,0.54,0.0,1,0,1,16.151895288850504
21,T_6,C_6_2,0.49,0.64,1,0,1,1.783536375037066
44,T_10,C_10_5,0.48,0.0,1,0,1,16.042095997233012
43,T_9,C_9_1,0.57,0.46,1,0,0,12.546435640655762
4,T_8,C_8_5,0.45,0.63,1,0,0,7.395492244429377
33,T_10,C_10_1,0.45,0.0,1,0,0,23.60160479321135
22,T_10,C_10_3,0.39,0.0,1,0,0,11.028240031867794
12,T_7,C_7_3,0.47,0.51,0,0,1,-1.0630976228169473
40,T_9,C_9_14,0.62,0.52,0,0,1,-25.279097867133633
32,T_8,C_8_4,0.52,0.61,0,0,0,-27.051771600938128
49,T_10,C_10_3,0.53,0.0,0,0,1,-14.421205987270817
8,T_9,C_9_14,0.58,0.45,1,0,1,25.24913885225416
19,T_9,C_9_17,0.57,0.42,1,0,1,6.859431199974761
26,T_10,C_10_1,0.39,0.0,1,0,0,21.859539531646302
30,T_6,C_6_5,0.58,0.64,1,0,1,11.868347517553568
7,T_8,C_8_3,0.5,0.6,1,0,1,14.14309844039338
0,T_7,C_7_8,0.7,0.56,0,0,0,-8.870449464828791
42,T_9,C_9_1,0.65,0.51,0,0,0,-7.379213083315186
29,T_8,C_8_2,0.47,0.58,1,0,1,3.9325316517700664
33,T_10,C_10_4,0.44,0.0,1,0,0,29.79115097428247
13,T_8,C_8_4,0.46,0.52,0,0,0,-4.183008464095927
27,T_6,C_6_3,0.43,0.65,0,0,1,-14.924019871761363
35,T_9,C_9_15,0.63,0.48,0,0,0,-2.3624398805383393
3,T_8,C_8_4,0.5,0.55,1,0,1,0.4589750990399146
41,T_5,C_5_6,0.56,0.53,0,0,0,-0.5679749941594636
23,T_7,C_7_6,0.46,0.46,1,0,1,22.554116763739188
26,T_10,C_10_3,0.39,0.0,1,0,0,19.416165657802058
43,T_9,C_9_14,0.56,0.46,1,0,1,25.72436510786933
40,T_10,C_10_1,0.52,0.0,1,0,0,2.98685800474923
38,T_5,C_5_7,0.5,0.51,1,0,1,0.7799026323008711
33,T_10,C_10_5,0.43,0.0,1,0,0,26.12275242550172
46,T_8,C_8_6,0.53,0.6,1,0,1,15.413766918255348
8,T_10,C_10_2,0.45,0.0,1,0,0,20.625940831298806
19,T_10,C_10_1,0.42,0.0,0,0,1,-19.942170411753516
26,T_10,C_10_5,0.38,0.0,1,0,0,8.773728525823236
40,T_10,C_10_2,0.5,0.0,1,0,0,1.099864256402551
11,T_7,C_7_8,0.76,0.63,0,0,1,-5.834236239194951
0,T_7,C_7_6,0.6,0.56,1,0,0,5.448760878960682
33,T_10,C_10_3,0.38,0.0,1,0,0,23.965763760805103
6,T_8,C_8_3,0.47,0.62,0,0,1,-8.236866752216322
42,T_9,C_9_12,0.61,0.51,0,0,1,-3.8829947365316855
8,T_10,C_10_1,0.42,0.0,1,0,1,18.498697836870736
24,T_8,C_8_2,0.53,0.63,0,0,1,-21.08129390660904
43,T_10,C_10_2,0.46,0.0,1,0,1,27.34357803062532
35,T_9,C_9_4,0.59,0.48,1,0,1,8.052855629046086
40,T_10,C_10_5,0.44,0.0,1,0,1,25.978760281544673
4,T_8,C_8_1,0.45,0.63,0,0,0,-23.928899018487122
21,T_7,C_7_8,0.64,0.46,0,0,1,-38.26945409812883
41,T_5,C_5_2,0.55,0.53,0,0,0,-10.827549963865362
32,T_8,C_8_2,0.51,0.61,0,0,1,-10.563280557472673
42,T_10,C_10_2,0.51,0.0,1,0,1,9.552529716890684
35,T_10,C_10_2,0.48,0.0,1,0,0,0.8981177284083408
0,T_7,C_7_11,0.54,0.56,0,0,0,-18.401597371306785
30,T_7,C_7_8,0.64,0.53,0,0,1,-17.52411617537451
12,T_8,C_8_4,0.51,0.58,0,0,1,-17.800457770167164
35,T_10,C_10_1,0.46,0.0,1,0,1,27.005661139393485
13,T_8,C_8_6,0.45,0.52,0,0,0,-40.11104118082824
27,T_7,C_7_8,0.65,0.48,0,0,1,-54.00422299901007
7,T_9,C_9_15,0.6,0.43,0,0,1,-25.31735943958369
29,T_9,C_9_17,0.58,0.4,0,0,1,-28.256225447439718
41,T_5,C_5_8,0.52,0.53,0,0,0,-10.876566663903649
0,T_7,C_7_2,0.53,0.56,0,0,0,-19.972938545989813
3,T_9,C_9_3,0.55,0.41,1,0,1,11.316826217328183
23,T_8,C_8_4,0.46,0.51,1,0,0,4.99961826991737
38,T_6,C_6_2,0.51,0.62,0,0,0,-21.484746205000583
7,T_10,C_10_2,0.43,0.0,1,0,1,19.680636589831828
46,T_9,C_9_1,0.6,0.51,1,0,1,19.0944296932801
29,T_10,C_10_4,0.4,0.0,1,0,0,16.876792610182296
29,T_10,C_10_2,0.4,0.0,1,0,0,17.857832165068196
3,T_10,C_10_2,0.41,0.0,1,0,0,29.241579343397753
11,T_8,C_8_4,0.63,0.68,1,0,0,13.058008754211281
29,T_10,C_10_1,0.4,0.0,1,0,0,17.862295274233894
0,T_7,C_7_14,0.49,0.56,1,0,0,20.099745922852016
6,T_9,C_9_1,0.62,0.51,1,0,1,32.38795799279001
24,T_9,C_9_17,0.63,0.45,1,0,1,3.552209946974372
3,T_10,C_10_1,0.4,0.0,1,0,0,29.268952884872334
29,T_10,C_10_5,0.36,0.0,1,0,0,18.01290558248741
41,T_5,C_5_10,0.52,0.53,1,0,0,27.83676602142941
4,T_9,C_9_3,0.63,0.51,0,0,1,-11.21951397930485
46,T_10,C_10_2,0.51,0.0,0,0,0,-0.40174120090212995
21,T_8,C_8_6,0.46,0.58,0,0,0,-22.157866629043838
3,T_10,C_10_4,0.36,0.0,1,0,1,10.026964831630298
29,T_10,C_10_3,0.35,0.0,1,0,0,19.614904002276763
32,T_9,C_9_14,0.61,0.47,1,0,1,4.577491267429581
13,T_8,C_8_3,0.43,0.52,1,0,0,13.195526824974836
46,T_10,C_10_5,0.46,0.0,1,0,0,18.707298125423307
6,T_10,C_10_2,0.51,0.0,1,0,1,12.283815211707886
24,T_10,C_10_1,0.45,0.0,1,0,0,8.436909000121542
0,T_7,C_7_10,0.49,0.56,1,0,1,10.473960066383045
46,T_10,C_10_1,0.46,0.0,1,0,0,16.791278502137292
12,T_9,C_9_3,0.58,0.39,0,0,1,-12.606283173403703
30,T_8,C_8_6,0.53,0.6,0,0,1,-0.44290084758808135
24,T_10,C_10_2,0.43,0.0,0,0,1,-6.270453495285491
4,T_10,C_10_1,0.51,0.0,0,0,0,-10.07357675239647
38,T_6,C_6_5,0.48,0.62,0,0,0,-8.91183665200608
46,T_10,C_10_4,0.43,0.0,1,0,1,20.312851081350654
32,T_10,C_10_1,0.47,0.0,1,0,1,2.0564101600769185
4,T_10,C_10_2,0.5,0.0,0,0,0,-2.937202380413524
27,T_8,C_8_4,0.48,0.58,0,0,1,-13.23998015819134
23,T_8,C_8_5,0.44,0.51,1,0,0,0.6286668859789728
41,T_5,C_5_1,0.51,0.53,0,0,0,-6.959568408138672
4,T_10,C_10_5,0.46,0.0,1,0,0,3.3572057067752894
12,T_10,C_10_3,0.39,0.0,1,0,0,8.595468985641606
4,T_10,C_10_3,0.4,0.0,1,0,1,16.063867318314394
12,T_10,C_10_1,0.39,0.0,1,0,1,8.623911590588857
11,T_8,C_8_2,0.63,0.68,0,0,1,-26.417174092422837
21,T_8,C_8_3,0.45,0.58,0,0,0,-20.018492546194434
41,T_5,C_5_7,0.5,0.53,0,0,1,-9.694183153929291
13,T_8,C_8_5,0.41,0.52,0,0,0,-9.350748812525485
38,T_6,C_6_9,0.45,0.62,0,0,1,-7.437393404136948
0,T_8,C_8_4,0.56,0.6,0,0,1,-28.081941667375254
23,T_8,C_8_1,0.4,0.51,1,0,0,1.668628279867029
30,T_9,C_9_7,0.6,0.47,0,0,0,-16.083831034947053
27,T_9,C_9_17,0.58,0.44,1,0,1,10.930635857519793
11,T_9,C_9_12,0.68,0.55,0,0,1,-31.143745080849246
30,T_9,C_9_12,0.59,0.47,0,0,1,-7.6503457409151885
27,T_10,C_10_5,0.44,0.0,0,0,1,-4.145945300871215
21,T_8,C_8_1,0.43,0.58,0,0,0,-12.769707677108816
13,T_8,C_8_2,0.4,0.52,1,0,0,11.98709857431761
41,T_6,C_6_5,0.53,0.69,1,0,1,3.4811780671741452
38,T_7,C_7_8,0.62,0.48,1,0,0,8.113103464870285
11,T_10,C_10_1,0.55,0.0,0,0,1,-24.489099983272848
30,T_10,C_10_5,0.47,0.0,1,0,0,20.64881818543664
30,T_10,C_10_2,0.46,0.0,1,0,0,20.715640508130477
30,T_10,C_10_1,0.43,0.0,1,0,0,20.9021697036765
23,T_8,C_8_6,0.39,0.51,1,0,1,9.76212594000029
30,T_10,C_10_4,0.43,0.0,1,0,0,8.42926133237877
30,T_10,C_10_3,0.4,0.0,1,0,0,8.683110195163906
0,T_9,C_9_12,0.6,0.46,0,0,1,-26.92693895830421
38,T_7,C_7_6,0.5,0.48,0,0,1,-4.334060427709062
0,T_10,C_10_2,0.46,0.0,0,0,1,-16.893427287556793
21,T_8,C_8_2,0.43,0.58,0,0,0,-4.398539027949404
13,T_8,C_8_1,0.4,0.52,0,0,0,-6.058484532036633
41,T_7,C_7_8,0.69,0.52,1,0,1,0.9867068943877584
23,T_9,C_9_1,0.51,0.36,0,0,0,-11.543387531460311
21,T_8,C_8_4,0.43,0.58,1,0,1,10.180253492633234
38,T_8,C_8_4,0.48,0.57,1,0,1,8.635392154949692
23,T_9,C_9_15,0.51,0.36,0,0,0,-5.138298871429235
13,T_9,C_9_14,0.52,0.38,1,0,1,7.125747659482961
41,T_8,C_8_4,0.52,0.59,0,0,1,-25.78823034102726
13,T_10,C_10_4,0.38,0.0,0,0,0,-3.8554610421734985
23,T_9,C_9_14,0.49,0.36,0,0,1,-2.428129154971778
13,T_10,C_10_2,0.36,0.0,1,0,1,0.7293751928077477
23,T_10,C_10_2,0.36,0.0,0,0,0,-10.491246400229723
21,T_9,C_9_17,0.58,0.4,0,0,1,-22.398663833905918
23,T_10,C_10_4,0.35,0.0,1,0,0,5.888795999168384
38,T_9,C_9_15,0.57,0.44,0,0,0,-7.470826090453681
23,T_10,C_10_5,0.33,0.0,1,0,1,6.0999847203571065
21,T_10,C_10_1,0.4,0.0,1,0,1,3.4815609848819413
38,T_9,C_9_1,0.54,0.44,0,0,0,-15.852621573551719
41,T_9,C_9_14,0.59,0.44,0,0,0,-19.505427804562324
38,T_9,C_9_3,0.52,0.44,1,0,1,4.79554306922412
38,T_10,C_10_4,0.44,0.0,1,0,0,10.043536866757782
41,T_9,C_9_17,0.57,0.44,0,0,1,-14.303445891862957
38,T_10,C_10_2,0.43,0.0,1,0,1,10.122264781172946
41,T_10,C_10_1,0.44,0.0,0,0,1,-21.559694326783465
