student_number,topic,arm_pulled,pay-off,pay-off_next_topic,actual_decision,skip_decision,reward,confidence_score
0,T_1,C_1_13,0.58,0.6,0,0,0,-10.0
2,T_1,C_1_6,0.52,0.59,1,1,1,28.645354645354637
1,T_1,C_1_13,0.59,0.58,1,1,1,33.41758241758241
4,T_1,C_1_13,0.59,0.63,0,0,0,-12.083748773619282
47,T_1,C_1_13,0.61,0.61,0,0,1,-0.38683950143583345
10,T_1,C_1_13,0.59,0.59,0,0,0,-2.1774676170888743
3,T_1,C_1_13,0.51,0.55,0,0,0,-5.899302113599341
6,T_1,C_1_13,0.63,0.6,1,1,1,40.3157469622806
44,T_1,C_1_9,0.61,0.67,1,1,1,43.146424253117246
45,T_1,C_1_3,0.61,0.66,1,1,1,40.43327684275869
20,T_1,C_1_2,0.61,0.66,1,1,0,44.50997006985031
8,T_1,C_1_9,0.56,0.56,1,1,0,36.82371508977063
43,T_1,C_1_13,0.56,0.58,1,1,1,37.71415333678259
42,T_1,C_1_13,0.61,0.59,1,1,1,37.413356524033574
13,T_1,C_1_2,0.5,0.51,1,1,1,27.14244018937222
21,T_1,C_1_13,0.5,0.57,1,1,0,28.77435383721501
46,T_1,C_1_13,0.63,0.61,1,1,1,35.87276337995855
41,T_1,C_1_13,0.55,0.56,1,1,0,31.14512918512753
48,T_1,C_1_13,0.65,0.65,1,1,0,40.42345920500825
28,T_1,C_1_13,0.58,0.58,1,1,1,30.84095423482932
37,T_1,C_1_13,0.54,0.54,1,1,1,25.67693833025676
25,T_1,C_1_3,0.59,0.62,1,1,1,27.481113280554965
12,T_1,C_1_9,0.51,0.54,1,1,1,22.809145089700095
34,T_1,C_1_9,0.56,0.63,1,1,0,35.17097411554502
27,T_1,C_1_6,0.51,0.52,1,1,1,24.01988067618121
14,T_1,C_1_3,0.6,0.64,1,1,0,33.37475145152913
19,T_1,C_1_4,0.51,0.58,1,1,1,30.2664015509327
15,T_1,C_1_13,0.69,0.75,1,1,1,50.666003936618594
30,T_1,C_1_2,0.58,0.6,1,1,0,32.236580477374055
35,T_1,C_1_3,0.61,0.63,1,1,1,30.86878723681739
16,T_1,C_1_13,0.58,0.6,1,1,0,36.05457815170542
23,T_1,C_1_3,0.49,0.51,1,0,0,15.43392273959023
39,T_1,C_1_13,0.68,0.69,1,1,1,49.76162879718705
31,T_1,C_1_9,0.59,0.63,0,0,1,-8.322499566174184
11,T_1,C_1_9,0.62,0.65,0,0,0,-3.1469043280789446
9,T_1,C_1_3,0.63,0.63,0,0,1,-15.698491629666247
22,T_1,C_1_9,0.55,0.58,0,0,1,-9.255039248713867
5,T_1,C_1_13,0.66,0.67,0,0,1,-6.978253534428153
38,T_1,C_1_13,0.56,0.53,0,0,1,-9.602261470936089
17,T_1,C_1_3,0.64,0.67,0,0,0,-12.930634486809105
33,T_1,C_1_13,0.64,0.6,0,0,1,-9.276864645539266
49,T_1,C_1_9,0.63,0.68,0,0,1,-6.155445896521506
40,T_1,C_1_9,0.6,0.63,0,0,0,-15.712871639095765
36,T_1,C_1_13,0.55,0.55,0,0,1,-12.067327084640317
26,T_1,C_1_3,0.54,0.55,0,0,0,-8.055445896521505
24,T_1,C_1_9,0.55,0.59,0,0,1,-13.14158451038289
7,T_1,C_1_13,0.55,0.58,0,0,1,-8.613861738105665
18,T_1,C_1_3,0.57,0.62,1,1,0,41.91893100704422
29,T_1,C_1_3,0.5,0.55,1,1,1,38.48075098726183
32,T_1,C_1_13,0.52,0.57,1,1,1,41.048505685580324
0,T_1,C_1_3,0.56,0.6,0,0,0,-33.18870901153478
4,T_1,C_1_14,0.55,0.63,1,0,1,6.6242380018904825
10,T_1,C_1_4,0.52,0.59,0,0,0,-0.0006246748017222359
20,T_1,C_1_4,0.6,0.66,0,0,0,-46.118483639466916
3,T_1,C_1_9,0.49,0.55,0,0,1,-2.100796531475609
8,T_1,C_1_2,0.54,0.56,1,0,1,2.276165263381758
21,T_1,C_1_14,0.47,0.57,0,0,1,-17.654956379588242
41,T_1,C_1_9,0.51,0.56,0,0,0,-27.725032137163993
48,T_1,C_1_3,0.6,0.65,0,0,1,-15.12465334928521
2,T_2,C_2_5,0.59,0.61,1,0,1,7.290357688242379
1,T_2,C_2_6,0.58,0.63,0,0,0,-36.15820417078292
34,T_1,C_1_3,0.56,0.63,1,1,,23.243698109300965
14,T_1,C_1_9,0.59,0.64,1,0,1,2.2634907577458474
16,T_1,C_1_11,0.54,0.6,1,1,,30.5650930197628
30,T_1,C_1_13,0.57,0.6,1,0,0,17.025978976407476
44,T_2,C_2_5,0.67,0.73,0,0,0,-28.48065939729747
47,T_2,C_2_6,0.61,0.68,0,0,1,-27.238663163775804
45,T_2,C_2_10,0.66,0.7,1,1,0,36.348165146110034
6,T_2,C_2_6,0.6,0.65,1,0,1,2.1158039043414707
23,T_1,C_1_9,0.46,0.51,0,0,0,-32.51827804107829
43,T_2,C_2_12,0.58,0.63,1,0,1,15.265113867597009
42,T_2,C_2_5,0.59,0.66,1,0,1,19.9949450120623
11,T_1,C_1_6,0.61,0.65,1,1,,28.83558551312522
13,T_2,C_2_10,0.51,0.56,1,1,1,26.698996350328496
17,T_1,C_1_9,0.63,0.67,0,0,0,-30.10552309860484
46,T_2,C_2_5,0.61,0.64,0,0,1,-47.23091119776973
28,T_2,C_2_18,0.58,0.61,1,0,1,4.995613740563822
40,T_1,C_1_14,0.57,0.63,0,0,1,-34.1050977532254
25,T_2,C_2_5,0.62,0.62,0,0,0,-21.013181911357712
18,T_1,C_1_13,0.57,0.62,0,0,0,-17.387483587335367
26,T_1,C_1_9,0.52,0.55,0,0,0,-19.850739401288855
27,T_2,C_2_10,0.52,0.63,1,1,0,39.58370600374269
37,T_2,C_2_18,0.54,0.6,1,0,0,9.549319386642326
12,T_2,C_2_5,0.54,0.59,1,1,0,24.856940204486193
15,T_2,C_2_15,0.75,0.82,1,1,0,30.500439978400358
19,T_2,C_2_12,0.58,0.61,1,0,0,16.45350654308651
0,T_1,C_1_11,0.54,0.6,1,1,,36.76612249855961
10,T_1,C_1_3,0.52,0.59,1,1,,25.815455969321647
35,T_2,C_2_5,0.63,0.63,1,0,1,15.78212263598832
20,T_1,C_1_12,0.59,0.66,1,1,,36.70582736564871
1,T_2,C_2_5,0.57,0.63,1,0,1,15.237683321327397
39,T_2,C_2_5,0.69,0.75,1,1,1,21.307858759923874
9,T_2,C_2_5,0.63,0.67,1,0,1,2.8664921855933283
22,T_2,C_2_5,0.58,0.62,0,0,1,-45.21741952609997
31,T_2,C_2_5,0.63,0.67,0,0,1,-31.449771116896976
38,T_2,C_2_6,0.53,0.58,0,0,0,-8.40829646251909
5,T_2,C_2_18,0.67,0.73,0,0,1,-13.169586785099742
2,T_3,C_3_4,0.61,0.43,0,0,0,-3.3290337897080295
41,T_1,C_1_3,0.5,0.56,0,0,0,-16.725519275910706
33,T_2,C_2_5,0.6,0.66,0,0,0,-26.229822997242117
49,T_2,C_2_5,0.68,0.7,0,0,1,-34.00159552992832
44,T_2,C_2_14,0.65,0.73,0,0,1,-34.335234393356366
36,T_2,C_2_10,0.55,0.65,0,0,1,-12.045591863567164
24,T_2,C_2_10,0.59,0.67,0,0,1,-21.883355383273862
45,T_2,C_2_5,0.64,0.7,1,1,,46.026509881311824
29,T_2,C_2_10,0.55,0.63,1,1,0,45.30145517973378
32,T_2,C_2_18,0.57,0.64,1,0,1,7.7596238540302505
47,T_3,C_3_5,0.68,0.6,0,0,1,-10.133526830901253
4,T_2,C_2_5,0.63,0.65,0,0,0,-14.612065643686638
7,T_2,C_2_5,0.58,0.63,0,0,1,-9.24220262998801
42,T_3,C_3_4,0.66,0.51,0,0,1,-37.43691844243192
6,T_3,C_3_5,0.65,0.53,0,0,1,-55.527082376858125
30,T_1,C_1_12,0.54,0.6,0,0,0,-16.904131557186023
43,T_3,C_3_5,0.63,0.51,0,0,0,-11.576877603848745
3,T_2,C_2_5,0.55,0.59,0,0,0,-39.0257812054971
23,T_1,C_1_13,0.45,0.51,0,0,0,-35.271012813126504
13,T_3,C_3_4,0.56,0.46,0,0,0,-9.840252245514431
25,T_2,C_2_14,0.56,0.62,0,0,1,-41.52202921740927
2,T_3,C_3_5,0.59,0.43,0,0,1,-19.081552323036878
37,T_2,C_2_10,0.53,0.6,0,0,0,-43.21381837326967
28,T_3,C_3_5,0.61,0.51,0,0,1,-52.09798126919725
17,T_1,C_1_13,0.62,0.67,0,0,1,-1.4371653167208827
8,T_2,C_2_12,0.56,0.62,0,0,1,-12.492319023773309
12,T_2,C_2_10,0.5,0.59,1,0,1,0.08091786591928063
27,T_2,C_2_12,0.51,0.63,1,0,0,18.46156886049433
15,T_2,C_2_5,0.74,0.82,1,1,,43.257724673167544
46,T_3,C_3_2,0.64,0.52,1,0,1,9.647412234004731
19,T_2,C_2_14,0.52,0.61,1,1,,47.353453712814456
48,T_2,C_2_5,0.65,0.72,1,0,1,16.284225939088262
21,T_2,C_2_5,0.57,0.63,1,0,0,1.2296004168259014
18,T_1,C_1_9,0.54,0.62,0,0,0,-45.082627676061065
26,T_1,C_1_13,0.52,0.55,0,0,0,-13.537947397458932
35,T_3,C_3_5,0.63,0.49,0,0,1,-35.561203211412426
34,T_2,C_2_5,0.63,0.66,1,0,0,5.776040462261175
16,T_2,C_2_5,0.6,0.64,1,0,1,17.846639211144115
43,T_3,C_3_9,0.57,0.51,0,0,1,-6.668999752216012
38,T_2,C_2_5,0.53,0.58,0,0,1,-37.26053237062529
14,T_2,C_2_5,0.64,0.66,0,0,1,-60.354960177430456
39,T_3,C_3_5,0.75,0.59,0,0,0,-19.62257837546794
13,T_3,C_3_5,0.54,0.46,1,1,,50.09972918351382
1,T_3,C_3_9,0.63,0.54,1,0,1,12.176378024868544
33,T_2,C_2_18,0.58,0.66,1,1,,20.397698399533432
22,T_3,C_3_5,0.62,0.54,1,0,1,2.388793680032106
9,T_3,C_3_5,0.67,0.6,0,0,1,-8.788410238044484
31,T_3,C_3_5,0.67,0.53,1,0,0,14.24762852442131
5,T_3,C_3_5,0.73,0.58,0,0,1,-16.560592558617582
29,T_2,C_2_5,0.55,0.63,1,1,,43.830199500358546
11,T_2,C_2_5,0.65,0.71,1,1,0,44.495686226022215
49,T_3,C_3_5,0.7,0.59,1,1,1,26.7514384384116
36,T_3,C_3_4,0.65,0.45,1,0,1,6.557119386637803
44,T_3,C_3_5,0.73,0.56,0,0,0,-12.289289870000559
4,T_2,C_2_8,0.6,0.65,0,0,1,-4.453217004131893
24,T_3,C_3_4,0.67,0.52,1,0,1,11.73301424035178
41,T_1,C_1_11,0.49,0.56,1,0,0,3.6588747875715555
40,T_2,C_2_5,0.63,0.68,0,0,0,-27.797435892040113
45,T_3,C_3_4,0.7,0.54,1,0,1,14.458521742558284
47,T_4,C_4_1,0.6,0.58,1,1,0,23.749884869602504
3,T_2,C_2_18,0.5,0.59,0,0,1,-9.991621999226988
32,T_3,C_3_5,0.64,0.49,1,0,0,8.201869645451982
42,T_4,C_4_4,0.51,0.55,1,0,0,11.416469469550492
6,T_4,C_4_1,0.53,0.56,0,0,0,-62.295793245051634
7,T_3,C_3_4,0.63,0.53,0,0,1,-45.19473876350507
37,T_2,C_2_6,0.53,0.6,0,0,1,-33.09095155574696
39,T_3,C_3_4,0.67,0.59,0,0,1,-40.74007436276452
0,T_2,C_2_5,0.6,0.67,0,0,1,-36.60000255748445
25,T_3,C_3_5,0.62,0.48,1,0,0,9.917163044846392
10,T_2,C_2_12,0.59,0.63,1,0,0,0.12579081252927438
20,T_2,C_2_10,0.66,0.73,1,1,0,34.749916686655105
27,T_2,C_2_5,0.5,0.63,1,1,,56.37358144983954
28,T_4,C_4_1,0.51,0.52,1,1,1,20.702839091760985
30,T_1,C_1_6,0.53,0.6,1,1,,69.73690022713211
2,T_4,C_4_4,0.43,0.56,1,0,0,8.087344504402601
31,T_3,C_3_4,0.65,0.53,1,0,0,2.554650520095718
21,T_2,C_2_8,0.51,0.63,1,0,1,6.421635747427146
23,T_1,C_1_11,0.42,0.51,0,0,1,-7.940733590551922
12,T_3,C_3_4,0.59,0.44,0,0,0,-0.034810245604221635
8,T_3,C_3_5,0.62,0.59,1,0,1,12.53082473150517
44,T_3,C_3_9,0.67,0.56,0,0,0,-29.968453778675034
46,T_4,C_4_4,0.52,0.56,0,0,0,-51.90669890368706
19,T_3,C_3_4,0.61,0.47,1,0,1,6.993474707424021
15,T_3,C_3_5,0.82,0.69,0,0,1,-42.162775292575986
34,T_2,C_2_12,0.61,0.66,0,0,0,-31.203573903687104
48,T_3,C_3_5,0.72,0.55,1,0,1,2.0282838621990447
16,T_3,C_3_5,0.64,0.5,0,0,0,-2.772389621620503
35,T_4,C_4_4,0.49,0.58,0,0,0,-25.838076743487377
43,T_4,C_4_1,0.51,0.56,1,0,0,0.37580646049885935
38,T_3,C_3_4,0.58,0.47,0,0,1,-13.596184163304311
32,T_3,C_3_4,0.6,0.49,0,0,1,-3.77339549292857
18,T_1,C_1_1,0.53,0.62,0,0,0,-25.853567906721665
13,T_4,C_4_1,0.46,0.5,0,0,1,-1.0708092860320164
14,T_3,C_3_5,0.66,0.55,0,0,0,-51.53309284063711
33,T_3,C_3_5,0.66,0.51,0,0,0,-37.0437480381475
11,T_2,C_2_7,0.65,0.71,1,1,,34.26404331198675
1,T_4,C_4_1,0.54,0.58,0,0,1,-8.52977112100289
22,T_4,C_4_1,0.54,0.56,1,0,1,1.126586267313277
25,T_3,C_3_4,0.6,0.48,0,0,1,-2.8433450041643997
5,T_4,C_4_4,0.58,0.6,1,1,0,45.590697737307195
26,T_1,C_1_11,0.49,0.55,1,1,,27.251641943315803
29,T_3,C_3_4,0.63,0.51,1,1,1,37.56666340254327
9,T_4,C_4_1,0.6,0.6,1,0,1,15.16838014074071
47,T_4,C_4_4,0.55,0.58,0,0,0,-57.75716639740649
36,T_4,C_4_4,0.45,0.53,0,0,1,-31.731857896995493
49,T_4,C_4_1,0.59,0.63,0,0,1,-45.17582710144376
42,T_4,C_4_3,0.49,0.55,1,1,,39.805746742201
4,T_3,C_3_5,0.65,0.51,1,1,0,40.977394906163426
31,T_3,C_3_2,0.61,0.53,1,1,,45.209793777639334
40,T_2,C_2_8,0.59,0.68,1,1,,42.70723405067688
17,T_2,C_2_5,0.67,0.72,1,1,0,35.0877801257622
24,T_4,C_4_1,0.52,0.56,1,0,0,1.1050530090956823
6,T_4,C_4_4,0.5,0.56,0,0,0,-18.82778149933869
44,T_3,C_3_4,0.66,0.56,0,0,0,-11.125703050938093
12,T_3,C_3_5,0.56,0.44,0,0,1,-11.63420645229863
45,T_4,C_4_4,0.54,0.62,1,0,1,17.60194246776215
3,T_3,C_3_5,0.59,0.46,1,0,1,9.208230504020237
41,T_1,C_1_1,0.48,0.56,0,0,0,-18.640284323226837
10,T_2,C_2_5,0.59,0.63,0,0,1,-32.88353197636579
7,T_4,C_4_1,0.53,0.52,0,0,1,-36.79031163738274
16,T_3,C_3_4,0.59,0.5,0,0,0,-28.08995787225983
2,T_4,C_4_3,0.43,0.56,1,0,0,5.722912576512385
20,T_2,C_2_14,0.64,0.73,1,1,,27.42393167329432
37,T_3,C_3_9,0.6,0.51,0,0,0,-3.8780987835584204
39,T_4,C_4_4,0.59,0.6,1,1,0,26.66768804707806
0,T_3,C_3_5,0.67,0.51,1,1,1,25.042789426987135
27,T_3,C_3_4,0.63,0.43,0,0,1,-11.573998208034059
14,T_3,C_3_4,0.64,0.55,0,0,0,-12.47450411022627
46,T_4,C_4_1,0.5,0.56,0,0,0,-21.983492717837382
33,T_3,C_3_2,0.61,0.51,0,0,1,-19.80475575540204
21,T_3,C_3_4,0.63,0.42,0,0,1,-7.396506597152882
35,T_4,C_4_1,0.48,0.58,1,1,,38.05360123964083
8,T_4,C_4_1,0.59,0.57,1,0,1,4.675843560402242
43,T_4,C_4_4,0.48,0.56,0,0,1,-6.692060375870307
28,T_5,C_5_7,0.52,0.55,0,0,1,-25.361800526750407
19,T_4,C_4_3,0.47,0.52,0,0,1,-1.0617167044537226
34,T_2,C_2_14,0.59,0.66,1,0,1,5.5954501019167715
15,T_4,C_4_1,0.69,0.68,0,0,0,-50.027811549761694
48,T_4,C_4_4,0.55,0.6,0,0,1,-12.292277009928146
4,T_3,C_3_4,0.65,0.51,1,0,0,12.260028907899258
38,T_4,C_4_1,0.47,0.5,0,0,1,-3.7836705497270016
5,T_4,C_4_1,0.57,0.6,1,1,,39.585704103628466
32,T_4,C_4_3,0.49,0.53,1,1,0,37.17222656619088
44,T_3,C_3_1,0.63,0.56,1,1,,45.14893205703944
47,T_4,C_4_5,0.52,0.58,0,0,0,-24.869497696975188
11,T_3,C_3_5,0.71,0.56,1,0,1,4.760900974121121
18,T_1,C_1_11,0.52,0.62,0,0,0,-30.830854461164336
16,T_3,C_3_9,0.56,0.5,0,0,0,-46.84658293798553
25,T_4,C_4_1,0.48,0.59,0,0,0,-35.37596248103735
13,T_5,C_5_1,0.5,0.5,0,0,0,-54.053227347158526
30,T_2,C_2_16,0.6,0.69,0,0,1,-42.64165709922466
24,T_4,C_4_4,0.47,0.56,0,0,1,-44.634602302835916
29,T_4,C_4_1,0.51,0.51,0,0,0,-52.68493233583921
23,T_2,C_2_10,0.51,0.54,0,0,0,-56.15911330711026
37,T_3,C_3_5,0.59,0.51,0,0,0,-52.7485609575637
1,T_5,C_5_5,0.58,0.58,0,0,0,-11.127570751245807
6,T_4,C_4_5,0.5,0.56,0,0,1,-8.387867291608236
17,T_2,C_2_7,0.63,0.72,1,0,1,6.026019916872741
22,T_5,C_5_9,0.56,0.62,1,0,1,14.189814488295145
14,T_3,C_3_9,0.62,0.55,1,1,,24.783076608262288
31,T_4,C_4_4,0.53,0.59,1,1,0,33.188992795608186
9,T_5,C_5_5,0.6,0.61,0,0,0,-8.502872446791105
40,T_3,C_3_5,0.68,0.52,1,1,0,27.957609397038656
49,T_5,C_5_5,0.63,0.67,1,1,1,60.53382465868008
36,T_5,C_5_5,0.53,0.55,1,1,0,21.54366879321661
2,T_4,C_4_5,0.39,0.56,1,0,1,12.300303403103669
12,T_4,C_4_1,0.44,0.52,1,0,0,12.415782518582791
42,T_5,C_5_2,0.55,0.61,1,1,1,35.44856519721367
39,T_4,C_4_1,0.57,0.6,1,1,,61.06711542460906
4,T_3,C_3_2,0.62,0.51,1,1,,22.933192578689834
3,T_4,C_4_1,0.46,0.51,1,0,0,5.456031077874183
10,T_3,C_3_5,0.63,0.5,1,1,1,45.363213043298124
46,T_4,C_4_5,0.44,0.56,1,1,,55.59366906935677
41,T_1,C_1_4,0.47,0.56,1,1,,63.520645314689226
20,T_3,C_3_4,0.73,0.58,1,1,0,34.80753679692651
45,T_5,C_5_5,0.62,0.64,1,1,1,23.06017692690215
0,T_4,C_4_1,0.51,0.56,0,0,0,-8.523858815814117
26,T_2,C_2_18,0.55,0.6,0,0,0,-17.64875743706309
27,T_4,C_4_1,0.43,0.52,1,0,0,10.805126239939257
16,T_3,C_3_1,0.53,0.5,1,0,0,7.328627050312049
7,T_5,C_5_5,0.52,0.58,1,0,0,14.31827790103941
15,T_4,C_4_4,0.67,0.68,1,1,,27.500510029487856
21,T_4,C_4_4,0.42,0.48,0,0,1,-15.85700378187438
33,T_4,C_4_4,0.51,0.55,1,0,1,3.373904989507329
32,T_4,C_4_5,0.46,0.53,1,1,,29.30051789273312
37,T_3,C_3_4,0.57,0.51,0,0,1,-37.38422516047577
13,T_5,C_5_5,0.47,0.5,0,0,0,-37.330236441700606
47,T_4,C_4_3,0.48,0.58,1,0,1,1.1333759637539345
34,T_3,C_3_5,0.66,0.53,1,0,1,9.25034661939328
1,T_5,C_5_9,0.57,0.58,0,0,0,-14.841366976745052
25,T_4,C_4_4,0.47,0.59,1,0,1,1.5512315751455255
35,T_5,C_5_5,0.58,0.6,1,0,1,14.519058479766386
44,T_4,C_4_4,0.56,0.64,1,0,1,17.19001970359257
8,T_5,C_5_9,0.57,0.6,0,0,1,-6.620574196888942
28,T_6,C_6_5,0.55,0.57,0,0,1,-7.079156013151638
43,T_5,C_5_10,0.56,0.6,0,0,1,-2.4552586595029116
40,T_3,C_3_4,0.62,0.52,1,0,0,16.183073337289358
29,T_4,C_4_3,0.46,0.51,1,1,,23.16041719292209
9,T_5,C_5_9,0.59,0.61,1,1,,23.61832143631682
19,T_5,C_5_1,0.52,0.58,1,1,1,26.161521436316782
11,T_4,C_4_4,0.56,0.63,1,1,1,62.253521436316746
48,T_5,C_5_5,0.6,0.65,1,1,1,30.5599214363168
38,T_5,C_5_5,0.5,0.52,0,0,0,-19.925305741940555
23,T_2,C_2_6,0.48,0.54,0,0,0,-5.45847473390354
30,T_3,C_3_4,0.69,0.48,0,0,1,-3.8634268105809015
5,T_5,C_5_2,0.6,0.67,1,1,1,24.547116320409522
36,T_5,C_5_3,0.53,0.55,0,0,0,-9.132053671609611
31,T_4,C_4_1,0.51,0.59,1,1,,23.465711691518848
18,T_1,C_1_6,0.5,0.62,1,1,,49.46896640015434
20,T_3,C_3_5,0.72,0.58,1,1,,49.685074853104865
12,T_4,C_4_4,0.42,0.52,0,0,1,-18.98503185514202
17,T_3,C_3_4,0.72,0.58,0,0,1,-59.18836783607925
16,T_3,C_3_2,0.53,0.5,0,0,0,-54.49884982606878
14,T_4,C_4_1,0.55,0.58,0,0,1,-31.143494414012338
24,T_5,C_5_1,0.56,0.6,0,0,1,-40.83668868291002
3,T_4,C_4_5,0.44,0.51,1,0,1,4.219831106219738
6,T_5,C_5_5,0.56,0.58,0,0,1,-19.276213197577697
7,T_5,C_5_1,0.51,0.58,0,0,0,-41.85272028955924
0,T_4,C_4_4,0.5,0.56,0,0,1,-23.86692707724672
22,T_6,C_6_5,0.62,0.54,1,1,0,20.98322378734764
27,T_4,C_4_3,0.43,0.52,1,1,,25.24248304660687
4,T_4,C_4_4,0.51,0.56,1,0,0,17.208598097828315
10,T_4,C_4_1,0.5,0.55,0,0,1,-32.48891310776125
13,T_5,C_5_6,0.45,0.5,1,0,1,9.463910895524405
26,T_2,C_2_5,0.54,0.6,1,1,,29.020514669109318
49,T_6,C_6_4,0.67,0.65,1,0,1,18.356992656530693
40,T_3,C_3_2,0.6,0.52,1,1,,25.728061838920624
1,T_5,C_5_3,0.56,0.58,1,0,1,19.771300832631347
2,T_5,C_5_5,0.56,0.56,1,1,0,21.136866870367157
39,T_5,C_5_5,0.6,0.68,0,0,1,-22.88023604603394
42,T_6,C_6_2,0.61,0.61,0,0,0,-8.054184530497515
46,T_5,C_5_9,0.56,0.62,0,0,1,-35.60505373821259
45,T_6,C_6_4,0.64,0.7,0,0,1,-11.710990599586982
37,T_4,C_4_1,0.51,0.53,1,1,0,26.580922528928824
15,T_5,C_5_9,0.68,0.74,1,1,0,26.913534399264876
38,T_5,C_5_3,0.5,0.52,0,0,0,-21.112902430658863
34,T_4,C_4_1,0.53,0.58,0,0,0,-21.95803861742935
21,T_5,C_5_1,0.48,0.59,0,0,0,-31.895781808090803
32,T_5,C_5_5,0.53,0.56,1,0,1,8.733011966228236
16,T_3,C_3_10,0.53,0.5,0,0,1,-26.064653403421545
33,T_5,C_5_5,0.55,0.6,0,0,0,-21.966209823654992
36,T_5,C_5_2,0.52,0.55,0,0,1,-12.935883229564798
47,T_5,C_5_5,0.58,0.62,1,0,1,3.7196583921666013
23,T_2,C_2_18,0.47,0.54,1,1,,26.997177772011575
25,T_5,C_5_5,0.59,0.57,1,0,1,14.108030485189849
44,T_5,C_5_5,0.64,0.66,1,0,1,18.824048447069345
28,T_7,C_7_2,0.57,0.51,1,1,1,48.955825596988454
8,T_6,C_6_5,0.6,0.59,1,1,1,52.95350899467182
41,T_2,C_2_18,0.56,0.63,1,1,1,61.34578698694979
35,T_6,C_6_4,0.6,0.59,1,1,1,56.735962877125694
30,T_4,C_4_4,0.48,0.56,0,0,1,-0.6626846147421648
43,T_6,C_6_5,0.6,0.59,1,1,1,20.100027249664638
7,T_5,C_5_3,0.51,0.58,1,0,1,1.4120457396492423
9,T_6,C_6_5,0.61,0.62,1,0,0,17.628041946831907
29,T_5,C_5_1,0.51,0.57,0,0,0,-19.69426278917001
19,T_6,C_6_2,0.58,0.52,0,0,0,-17.49125399645356
11,T_5,C_5_10,0.63,0.65,1,0,1,8.375105450551029
48,T_6,C_6_4,0.65,0.73,0,0,1,-27.844965094439655
20,T_4,C_4_1,0.58,0.62,0,0,1,-12.73752073526854
17,T_4,C_4_4,0.58,0.64,0,0,1,-20.156125017164396
2,T_5,C_5_1,0.53,0.56,0,0,0,-9.195344534511406
4,T_4,C_4_5,0.48,0.56,0,0,1,-47.84888812298716
5,T_6,C_6_4,0.67,0.7,0,0,0,-46.657128976167755
22,T_6,C_6_2,0.59,0.54,0,0,0,-36.06691490888944
12,T_5,C_5_1,0.52,0.55,1,1,1,22.13248867477234
31,T_5,C_5_10,0.59,0.64,1,1,0,33.83926704491706
38,T_5,C_5_7,0.47,0.52,1,0,0,6.859069025115111
15,T_5,C_5_2,0.68,0.74,1,1,,31.265771233797484
14,T_5,C_5_5,0.58,0.63,0,0,0,-2.350316422995867
21,T_5,C_5_2,0.48,0.59,0,0,0,-32.912992256669625
26,T_3,C_3_5,0.6,0.53,0,0,1,-5.851142026862834
3,T_5,C_5_5,0.51,0.55,0,0,0,-13.590899234753595
24,T_6,C_6_2,0.6,0.58,0,0,1,-18.429290737029774
42,T_6,C_6_5,0.59,0.61,1,0,1,12.34025808887296
0,T_5,C_5_3,0.56,0.61,1,0,1,11.04685399486234
37,T_4,C_4_4,0.44,0.53,1,1,,23.939196678713763
34,T_4,C_4_4,0.52,0.58,0,0,0,-30.379554900765676
40,T_4,C_4_4,0.52,0.61,0,0,1,-12.84167611288688
6,T_6,C_6_5,0.58,0.62,0,0,1,-24.162888234098958
33,T_5,C_5_7,0.53,0.6,1,0,1,0.412087944084504
27,T_5,C_5_1,0.52,0.54,0,0,1,-12.276672986409757
10,T_5,C_5_3,0.55,0.6,1,0,1,1.6900184568678158
49,T_7,C_7_8,0.65,0.58,1,1,1,20.682083098035207
13,T_6,C_6_2,0.5,0.54,1,0,0,9.383812800075678
18,T_2,C_2_5,0.62,0.67,1,1,1,59.70015933753129
45,T_7,C_7_8,0.7,0.61,1,0,1,7.578179897540721
1,T_6,C_6_5,0.58,0.61,0,0,1,-11.644973241330504
29,T_5,C_5_5,0.51,0.57,0,0,0,-20.299916906800494
39,T_6,C_6_5,0.68,0.71,0,0,1,-27.486103092986685
46,T_6,C_6_5,0.62,0.61,0,0,1,-20.233100089983644
16,T_4,C_4_4,0.5,0.55,0,0,0,-40.88850549538909
23,T_3,C_3_4,0.54,0.45,0,0,1,-2.0192371463853434
2,T_5,C_5_3,0.52,0.56,0,0,0,-14.99849751620048
9,T_6,C_6_4,0.6,0.62,0,0,0,-12.176774669758478
32,T_6,C_6_5,0.56,0.56,0,0,1,-5.980822634447932
19,T_6,C_6_5,0.57,0.52,0,0,0,-20.09135288090048
31,T_5,C_5_9,0.59,0.64,0,0,1,-8.496132567233575
41,T_3,C_3_5,0.63,0.49,0,0,1,-11.012189326008784
38,T_5,C_5_9,0.46,0.52,0,0,1,-27.30091162017719
47,T_6,C_6_4,0.62,0.68,0,0,1,-31.14966374701273
8,T_7,C_7_11,0.59,0.53,0,0,0,-16.52060686100114
36,T_6,C_6_2,0.55,0.57,0,0,0,-20.086504105975095
43,T_7,C_7_8,0.59,0.51,1,0,1,4.9259663094062525
25,T_6,C_6_4,0.57,0.56,1,0,1,4.527900833215774
35,T_7,C_7_13,0.59,0.53,1,0,1,3.2740616581405444
3,T_5,C_5_1,0.51,0.55,1,0,1,2.5699724388096783
44,T_6,C_6_5,0.66,0.66,1,0,1,12.187761620026759
21,T_5,C_5_5,0.48,0.59,0,0,1,-8.992030356199068
14,T_5,C_5_9,0.58,0.63,1,0,1,12.129812140086232
22,T_6,C_6_4,0.53,0.54,1,0,0,12.565176181690989
5,T_6,C_6_5,0.62,0.7,1,0,1,12.583367556560896
30,T_5,C_5_1,0.56,0.61,1,0,0,3.0648622564484898
48,T_7,C_7_8,0.73,0.59,1,0,1,9.573051038262186
28,T_8,C_8_5,0.51,0.54,0,0,1,-15.066070600030395
7,T_6,C_6_2,0.58,0.62,0,0,0,-23.266392715837274
20,T_5,C_5_1,0.62,0.66,1,0,1,18.750525935964585
17,T_5,C_5_5,0.64,0.66,1,0,0,7.620091153355928
4,T_5,C_5_5,0.56,0.63,1,0,1,0.6116024681660441
11,T_6,C_6_9,0.65,0.66,0,0,1,-27.749338772306857
34,T_4,C_4_5,0.48,0.58,0,0,0,-25.3880437024025
26,T_4,C_4_1,0.53,0.52,0,0,0,-17.883823057819512
12,T_6,C_6_4,0.55,0.51,0,0,1,-23.889701088679203
29,T_5,C_5_2,0.5,0.57,0,0,1,-12.253422576536876
24,T_7,C_7_11,0.58,0.52,1,0,0,16.48215025755936
15,T_6,C_6_4,0.74,0.75,1,0,1,6.5011561055125675
42,T_7,C_7_8,0.61,0.55,1,0,1,3.093261368670478
2,T_5,C_5_2,0.52,0.56,0,0,1,-5.104725380525392
13,T_6,C_6_5,0.5,0.54,0,0,0,-8.510452295050866
8,T_7,C_7_6,0.55,0.53,1,1,,25.85881144232451
16,T_4,C_4_5,0.48,0.55,0,0,0,-40.85679696421411
37,T_5,C_5_9,0.53,0.55,1,0,0,7.1385506285739195
6,T_7,C_7_8,0.62,0.55,1,0,1,2.148103400915491
0,T_6,C_6_4,0.61,0.65,0,0,1,-1.8039314828054733
18,T_3,C_3_5,0.67,0.52,0,0,1,-4.914438293195449
40,T_5,C_5_5,0.61,0.63,0,0,0,-23.164842771494854
9,T_6,C_6_2,0.59,0.62,0,0,1,-21.376636724118185
33,T_6,C_6_5,0.6,0.64,0,0,1,-37.176422958660936
19,T_6,C_6_9,0.5,0.52,0,0,1,-8.26033259950339
10,T_6,C_6_2,0.6,0.66,0,0,0,-27.386146048527234
1,T_7,C_7_8,0.61,0.54,0,0,1,-4.124467804448639
46,T_7,C_7_8,0.61,0.55,0,0,1,-13.060161446067127
39,T_7,C_7_8,0.71,0.62,0,0,1,-16.390363758205886
27,T_6,C_6_9,0.54,0.53,1,0,0,3.406601559713181
23,T_4,C_4_1,0.45,0.47,1,0,0,16.938439376119383
36,T_6,C_6_9,0.52,0.57,1,0,1,18.647157813718668
49,T_8,C_8_5,0.58,0.7,0,0,1,-2.638439380266518
30,T_5,C_5_2,0.53,0.61,1,1,,37.23828783407431
41,T_4,C_4_1,0.49,0.52,1,0,0,16.913827402419642
32,T_7,C_7_6,0.56,0.53,0,0,1,-40.1920589780205
45,T_8,C_8_2,0.61,0.64,1,0,1,2.886872778528188
17,T_5,C_5_9,0.63,0.66,0,0,1,-36.28322911441673
24,T_7,C_7_8,0.56,0.52,1,0,0,9.218145565639384
22,T_6,C_6_9,0.52,0.54,0,0,0,-6.720205688840879
47,T_7,C_7_8,0.68,0.58,0,0,1,-4.117961694222369
25,T_7,C_7_8,0.56,0.51,0,0,0,-11.191451862329904
31,T_6,C_6_5,0.64,0.61,1,0,1,10.20183181362501
38,T_6,C_6_2,0.52,0.63,1,0,1,13.48632073428267
7,T_6,C_6_5,0.57,0.62,0,0,0,-8.869626370792407
26,T_4,C_4_4,0.46,0.52,0,0,0,-9.685552749909363
34,T_4,C_4_3,0.48,0.58,0,0,1,-1.9089645985889057
44,T_7,C_7_6,0.66,0.58,0,0,1,-15.961718960821578
3,T_6,C_6_5,0.55,0.54,0,0,0,-10.09412562371729
37,T_5,C_5_5,0.52,0.55,1,1,,25.50447668755302
5,T_7,C_7_8,0.7,0.63,0,0,1,-0.18280120868013938
43,T_8,C_8_4,0.51,0.59,0,0,0,-1.989397286731408
35,T_8,C_8_5,0.53,0.58,0,0,1,-34.105874559458684
40,T_5,C_5_10,0.6,0.63,1,0,1,18.218563710752278
21,T_6,C_6_2,0.59,0.55,1,0,0,5.679883795919078
14,T_6,C_6_5,0.63,0.59,1,0,1,2.0574565425479
13,T_6,C_6_4,0.47,0.54,1,0,1,4.779490176381052
11,T_7,C_7_6,0.66,0.59,1,0,1,5.6544946969041865
16,T_4,C_4_1,0.47,0.55,0,0,0,-21.88728850200353
28,T_9,C_9_3,0.54,0.51,0,0,0,-2.4657827953069757
20,T_6,C_6_2,0.66,0.66,1,0,1,9.391561837461317
12,T_7,C_7_11,0.51,0.47,0,0,0,-3.4011599149478675
48,T_8,C_8_5,0.59,0.66,0,0,0,-11.77535864843825
24,T_7,C_7_10,0.53,0.52,1,0,1,11.967514729957568
4,T_6,C_6_2,0.63,0.62,0,0,1,-18.008541608070615
15,T_7,C_7_8,0.75,0.71,1,1,1,33.25191819508328
18,T_4,C_4_5,0.52,0.58,0,0,1,-21.385993043906716
29,T_6,C_6_2,0.57,0.56,0,0,1,-15.025138665417074
25,T_7,C_7_6,0.56,0.51,0,0,0,-37.69274231966865
10,T_6,C_6_5,0.59,0.66,0,0,1,-20.93447327263238
0,T_7,C_7_8,0.65,0.53,0,0,1,-3.973759690925341
23,T_4,C_4_3,0.36,0.47,1,0,0,18.65462297682402
2,T_6,C_6_2,0.56,0.55,0,0,1,-22.608545962024202
27,T_6,C_6_2,0.53,0.53,0,0,1,-10.595231315913466
33,T_7,C_7_8,0.64,0.55,0,0,1,-12.225925079052896
41,T_4,C_4_3,0.47,0.52,1,0,0,7.178368172936029
42,T_8,C_8_4,0.55,0.63,1,0,1,3.7904129908632083
19,T_7,C_7_8,0.52,0.48,1,1,0,20.13703106426472
8,T_8,C_8_2,0.53,0.65,0,0,1,-6.658793684814033
9,T_7,C_7_8,0.62,0.58,0,0,1,-17.4052832539451
22,T_6,C_6_8,0.43,0.54,0,0,1,-18.69472465328691
6,T_8,C_8_4,0.55,0.59,0,0,1,-19.407306224867533
36,T_7,C_7_8,0.57,0.51,0,0,0,-22.25699307246672
7,T_6,C_6_4,0.57,0.62,0,0,0,-10.904174700859198
28,T_9,C_9_1,0.54,0.51,1,0,1,3.6740055797023015
1,T_8,C_8_4,0.54,0.62,0,0,0,-17.74932804318397
26,T_4,C_4_3,0.42,0.52,0,0,1,-12.5028002654062
3,T_6,C_6_2,0.54,0.54,1,0,1,6.317077604835727
46,T_8,C_8_5,0.55,0.64,0,0,1,-2.612187305011666
39,T_8,C_8_5,0.62,0.69,1,0,1,2.6640955392322994
12,T_7,C_7_6,0.51,0.47,0,0,0,-18.956112265058557
30,T_6,C_6_2,0.61,0.63,0,0,1,-34.76171416410472
32,T_8,C_8_2,0.53,0.56,0,0,0,-27.462811876980048
31,T_7,C_7_6,0.61,0.55,0,0,1,-41.01598867256013
49,T_9,C_9_1,0.7,0.62,0,0,0,-24.42897209797449
45,T_9,C_9_4,0.64,0.58,1,0,1,11.502783997800284
21,T_6,C_6_5,0.53,0.55,0,0,1,-1.862043588406582
17,T_6,C_6_4,0.66,0.68,1,0,1,1.4965771012485902
25,T_7,C_7_11,0.54,0.51,1,0,1,9.042094342627898
16,T_4,C_4_3,0.46,0.55,1,0,0,17.460715032283073
38,T_7,C_7_8,0.63,0.49,1,0,0,17.708839327808306
34,T_5,C_5_5,0.58,0.65,0,0,0,-15.372790103986299
47,T_8,C_8_2,0.58,0.67,0,0,1,-18.56885426319476
43,T_8,C_8_2,0.48,0.59,0,0,0,-15.339556104974278
19,T_7,C_7_11,0.52,0.48,0,0,1,-8.594866552120845
37,T_6,C_6_5,0.55,0.53,1,0,1,5.329524802438021
28,T_10,C_10_1,0.51,0.0,0,0,1,-0.45782154506274253
13,T_7,C_7_8,0.54,0.49,0,0,1,-19.061464272389127
14,T_7,C_7_2,0.59,0.56,0,0,0,-2.860285610771186
44,T_8,C_8_5,0.58,0.66,0,0,0,-34.11803431333532
36,T_7,C_7_10,0.56,0.51,0,0,1,-30.943051401510274
40,T_6,C_6_5,0.63,0.64,0,0,1,-33.4552647777228
20,T_7,C_7_11,0.66,0.62,0,0,1,-48.15653997867771
5,T_8,C_8_5,0.63,0.67,0,0,1,-40.57701779437735
35,T_9,C_9_12,0.58,0.52,0,0,1,-23.118997316561625
23,T_4,C_4_4,0.36,0.47,0,0,1,-10.488963186868776
48,T_8,C_8_4,0.59,0.66,1,0,0,6.776838674666132
41,T_4,C_4_4,0.46,0.52,0,0,0,-36.62230153728119
4,T_7,C_7_11,0.62,0.54,0,0,1,-21.532240875670944
45,T_10,C_10_1,0.58,0.0,1,0,1,0.4636858045734371
12,T_7,C_7_8,0.51,0.47,1,0,1,0.8832377394003377
11,T_8,C_8_3,0.59,0.69,0,0,0,-34.771368787307004
29,T_7,C_7_8,0.56,0.51,0,0,1,-33.69334979137753
10,T_7,C_7_8,0.66,0.53,0,0,1,-2.7659583970394994
49,T_9,C_9_3,0.65,0.62,1,0,0,9.504200529973469
24,T_8,C_8_3,0.52,0.62,0,0,0,-40.075658174567565
2,T_7,C_7_11,0.55,0.47,0,0,0,-26.098227936481045
7,T_6,C_6_3,0.48,0.62,0,0,1,-29.861741449994522
18,T_5,C_5_2,0.58,0.6,0,0,1,-42.12390361215671
27,T_7,C_7_10,0.53,0.5,0,0,1,-33.17876647096692
15,T_8,C_8_5,0.71,0.8,0,0,1,-4.0807209655856695
38,T_7,C_7_2,0.51,0.49,1,0,0,12.744633046551941
22,T_7,C_7_6,0.54,0.51,1,0,1,16.09518639783048
0,T_8,C_8_4,0.53,0.61,0,0,1,-12.600315404250988
34,T_5,C_5_1,0.57,0.65,1,0,0,2.7275851889460316
1,T_8,C_8_5,0.53,0.62,1,0,1,6.092259466985025
14,T_7,C_7_6,0.58,0.56,1,0,1,3.9243615489191956
16,T_4,C_4_2,0.38,0.55,0,0,1,-12.16084856011305
42,T_9,C_9_1,0.63,0.52,0,0,1,-41.42930493595197
33,T_8,C_8_4,0.55,0.6,0,0,1,-33.15547943259624
35,T_10,C_10_1,0.52,0.0,0,0,1,-9.68769419769694
9,T_8,C_8_5,0.58,0.64,1,1,1,45.16356432928045
3,T_7,C_7_8,0.54,0.48,1,1,0,28.21982688788725
8,T_9,C_9_1,0.65,0.56,1,1,1,26.577496010459278
26,T_5,C_5_7,0.52,0.56,1,1,1,44.7415951397292
6,T_9,C_9_1,0.59,0.54,0,0,0,-6.175461342506944
32,T_8,C_8_4,0.5,0.56,0,0,1,-1.7659165916791917
30,T_7,C_7_8,0.63,0.54,0,0,0,-31.414781745217233
46,T_9,C_9_1,0.64,0.56,0,0,1,-9.736751620995515
21,T_7,C_7_8,0.55,0.47,0,0,0,-10.048069685285054
39,T_9,C_9_4,0.69,0.59,0,0,1,-38.34434398444292
17,T_7,C_7_11,0.68,0.61,0,0,1,-29.525016208711275
49,T_9,C_9_17,0.63,0.62,0,0,0,-15.24177152786023
31,T_8,C_8_4,0.55,0.65,0,0,0,-30.863907099050632
43,T_8,C_8_5,0.47,0.59,0,0,0,-13.215168719236537
2,T_7,C_7_6,0.54,0.47,0,0,0,-16.670042433845072
37,T_7,C_7_8,0.53,0.49,0,0,0,-20.754949472439456
41,T_4,C_4_5,0.46,0.52,0,0,0,-28.474445493659633
44,T_8,C_8_4,0.57,0.66,1,0,1,5.778546281595095
25,T_8,C_8_5,0.51,0.55,0,0,0,-5.650787269272647
38,T_7,C_7_14,0.5,0.49,1,0,0,6.78767152846812
40,T_7,C_7_11,0.64,0.54,0,0,0,-23.431677447077195
47,T_9,C_9_1,0.67,0.58,0,0,1,-27.12896759909303
42,T_10,C_10_4,0.52,0.0,0,0,1,-37.957700584297086
19,T_8,C_8_3,0.48,0.59,0,0,1,-7.860559854392964
48,T_8,C_8_2,0.59,0.66,0,0,0,-27.659947849289765
8,T_10,C_10_1,0.56,0.0,1,0,1,17.760141524159387
13,T_8,C_8_2,0.49,0.51,1,1,1,25.32066783994884
23,T_5,C_5_5,0.47,0.46,1,0,0,19.963430997843595
34,T_5,C_5_10,0.56,0.65,1,1,,41.72034969899854
20,T_8,C_8_2,0.62,0.7,1,1,1,21.986113463199327
5,T_9,C_9_1,0.67,0.57,1,1,1,26.45886461224726
11,T_8,C_8_4,0.58,0.69,1,1,,32.23184341668593
46,T_10,C_10_4,0.56,0.0,1,0,0,16.76858882351014
3,T_7,C_7_11,0.53,0.48,0,0,0,-2.3142243084549623
39,T_10,C_10_4,0.59,0.0,0,0,0,-10.86321814211415
36,T_8,C_8_4,0.51,0.58,0,0,0,-10.16990228366068
6,T_9,C_9_4,0.58,0.54,0,0,0,-11.984511918361854
30,T_7,C_7_11,0.62,0.54,0,0,1,-15.810309238499396
12,T_8,C_8_2,0.47,0.52,1,0,0,7.729387346478598
24,T_8,C_8_2,0.51,0.62,0,0,1,-4.911789124109623
21,T_7,C_7_11,0.52,0.47,0,0,0,-4.164076705808958
7,T_7,C_7_8,0.62,0.52,0,0,1,-5.17976298031876
4,T_8,C_8_4,0.54,0.62,0,0,0,-8.373227032606351
49,T_9,C_9_12,0.63,0.62,1,0,0,11.525551614278221
2,T_7,C_7_10,0.52,0.47,1,0,1,12.18004965860676
29,T_8,C_8_2,0.51,0.57,1,0,1,17.175977785026834
10,T_8,C_8_5,0.53,0.6,1,1,0,20.622883322486125
37,T_7,C_7_6,0.52,0.49,0,0,0,-18.821894347845024
18,T_6,C_6_2,0.6,0.64,0,0,1,-22.449249026195737
15,T_9,C_9_1,0.8,0.69,0,0,1,-26.807088974146296
47,T_10,C_10_1,0.58,0.0,0,0,0,-21.93395950114693
38,T_7,C_7_10,0.49,0.49,0,0,1,-1.9769002949009806
40,T_7,C_7_6,0.63,0.54,1,0,1,13.818230306738808
46,T_10,C_10_1,0.51,0.0,1,0,0,9.375486762427997
27,T_8,C_8_3,0.5,0.58,1,0,1,3.7068707780225107
39,T_10,C_10_1,0.58,0.0,1,0,0,6.087440596107269
0,T_9,C_9_17,0.61,0.52,1,1,1,26.0649687900218
22,T_8,C_8_5,0.51,0.62,1,0,0,0.9414243615204185
16,T_5,C_5_5,0.55,0.62,1,1,0,33.64057882476571
5,T_10,C_10_1,0.57,0.0,0,0,1,-17.08770898313876
41,T_4,C_4_2,0.38,0.52,0,0,1,-3.9311429205992425
14,T_8,C_8_5,0.56,0.62,1,0,0,8.956308567110987
1,T_9,C_9_1,0.62,0.55,0,0,1,-17.627094522456005
33,T_9,C_9_1,0.6,0.52,1,0,1,7.198871045643617
9,T_9,C_9_1,0.64,0.61,0,0,0,-11.857070647710092
26,T_6,C_6_5,0.56,0.56,1,0,0,9.08998670471302
3,T_7,C_7_6,0.51,0.48,1,0,0,8.7323836119295
23,T_5,C_5_6,0.46,0.46,1,0,0,1.7562238181150889
43,T_8,C_8_3,0.45,0.59,1,1,,40.61949684803389
31,T_8,C_8_5,0.54,0.65,1,0,1,4.788013104302291
6,T_9,C_9_14,0.56,0.54,1,0,0,3.265183522308753
32,T_9,C_9_3,0.56,0.52,1,0,0,18.317984421638343
47,T_10,C_10_2,0.53,0.0,1,0,1,9.578441797152877
46,T_10,C_10_5,0.48,0.0,1,1,,22.096902125700886
21,T_7,C_7_10,0.5,0.47,1,0,1,10.594657096836206
17,T_8,C_8_5,0.61,0.72,1,0,1,14.534219859641402
39,T_10,C_10_5,0.58,0.0,1,0,1,12.498986035169919
25,T_8,C_8_4,0.48,0.55,0,0,0,-4.182240336513104
49,T_9,C_9_4,0.61,0.62,1,0,1,16.192170146626516
48,T_8,C_8_1,0.53,0.66,1,0,1,11.285665752329372
15,T_10,C_10_1,0.69,0.0,0,0,1,-38.32105360458681
37,T_7,C_7_14,0.49,0.49,0,0,1,-26.890657691432235
44,T_9,C_9_1,0.66,0.6,0,0,1,-25.641791633695867
0,T_10,C_10_1,0.52,0.0,1,1,1,26.63887282499461
19,T_9,C_9_1,0.59,0.47,0,0,1,-10.955713309674671
13,T_9,C_9_17,0.51,0.46,0,0,0,-12.808953462152441
36,T_8,C_8_5,0.5,0.58,0,0,1,-7.599292503317411
1,T_10,C_10_1,0.55,0.0,1,1,1,21.690051626889677
34,T_6,C_6_4,0.65,0.65,0,0,1,-3.451950793693033
33,T_10,C_10_4,0.52,0.0,1,1,1,22.200838428920136
20,T_9,C_9_1,0.7,0.6,0,0,0,-28.02582523884205
12,T_8,C_8_4,0.45,0.52,0,0,0,-21.543926059173604
11,T_9,C_9_17,0.69,0.58,0,0,1,-38.309842543833255
9,T_9,C_9_12,0.6,0.61,1,0,0,13.457246371039767
16,T_5,C_5_3,0.53,0.62,0,0,1,-23.162891549957948
4,T_8,C_8_5,0.53,0.62,0,0,1,-35.89993326930055
3,T_7,C_7_2,0.49,0.48,0,0,0,-29.004811427161442
30,T_8,C_8_3,0.54,0.64,0,0,0,-57.44950195805854
10,T_8,C_8_4,0.51,0.6,0,0,1,-27.23983774318149
6,T_9,C_9_2,0.55,0.54,0,0,1,-27.93466750358502
24,T_9,C_9_1,0.62,0.55,0,0,1,-40.06761481906049
18,T_7,C_7_2,0.64,0.56,0,0,1,-41.144979077463546
23,T_5,C_5_3,0.45,0.46,0,0,0,-17.847749858319926
32,T_9,C_9_17,0.54,0.52,0,0,1,-36.512107540939624
49,T_10,C_10_1,0.62,0.0,0,0,1,-8.90911779641177
7,T_8,C_8_5,0.52,0.59,0,0,1,-8.277660304679035
2,T_8,C_8_4,0.47,0.55,1,1,1,23.134697122355725
26,T_6,C_6_4,0.53,0.56,1,1,,22.741347059620512
29,T_9,C_9_4,0.57,0.53,1,1,0,21.877336644387828
44,T_10,C_10_1,0.6,0.0,0,0,1,-15.570804083607733
22,T_8,C_8_4,0.49,0.62,0,0,0,-5.547621126214203
19,T_10,C_10_1,0.47,0.0,0,0,1,-33.77362026047037
14,T_8,C_8_4,0.52,0.62,1,1,,20.256320155367963
27,T_9,C_9_17,0.58,0.46,0,0,0,-25.49250167473823
40,T_8,C_8_4,0.54,0.63,0,0,0,-6.106750366255174
38,T_8,C_8_5,0.49,0.53,0,0,0,-5.894515659638397
13,T_9,C_9_3,0.5,0.46,0,0,1,-7.234334959126034
41,T_5,C_5_1,0.52,0.57,0,0,0,-13.758976256693106
11,T_10,C_10_1,0.58,0.0,0,0,1,-30.68092750464527
20,T_9,C_9_4,0.68,0.6,0,0,0,-31.723589974131727
9,T_9,C_9_3,0.59,0.61,0,0,0,-6.470046356814542
6,T_10,C_10_1,0.54,0.0,1,0,0,12.499444064242558
3,T_7,C_7_10,0.48,0.48,1,0,1,9.308430976491298
43,T_9,C_9_17,0.59,0.51,1,0,0,8.181880108004957
24,T_10,C_10_1,0.55,0.0,1,0,0,8.098435883889149
31,T_9,C_9_1,0.65,0.57,0,0,1,-23.87709824825126
32,T_10,C_10_1,0.52,0.0,0,0,1,-20.459502213554867
25,T_8,C_8_1,0.47,0.55,1,1,,21.379414233477867
21,T_8,C_8_5,0.47,0.54,1,0,1,10.644353127695853
17,T_9,C_9_1,0.72,0.6,1,0,1,13.15065074625441
29,T_9,C_9_1,0.55,0.53,1,0,1,17.896006364248844
23,T_5,C_5_9,0.45,0.46,1,1,,23.231188126417695
6,T_10,C_10_4,0.51,0.0,0,0,0,-9.128819567781157
34,T_7,C_7_8,0.65,0.54,1,0,0,11.37625644688572
48,T_9,C_9_4,0.66,0.55,1,0,0,11.914386828189537
24,T_10,C_10_2,0.52,0.0,0,0,1,-16.565231784837387
12,T_8,C_8_3,0.44,0.52,0,0,1,-9.873160487971997
37,T_8,C_8_4,0.49,0.57,0,0,0,-4.661672906631885
13,T_10,C_10_1,0.46,0.0,0,0,1,-10.546193791152788
27,T_9,C_9_1,0.56,0.46,0,0,0,-18.16744927566794
36,T_9,C_9_17,0.58,0.48,1,0,0,7.999087619937443
30,T_8,C_8_4,0.53,0.64,0,0,1,-3.6363290467292266
6,T_10,C_10_5,0.47,0.0,1,0,0,18.9169797768002
31,T_10,C_10_4,0.57,0.0,0,0,0,-1.9779136138077504
9,T_9,C_9_2,0.58,0.61,1,1,,26.407879405175727
20,T_9,C_9_3,0.64,0.6,0,0,0,-5.478277981425798
17,T_10,C_10_1,0.6,0.0,0,0,1,-18.194989288851815
41,T_5,C_5_2,0.52,0.57,1,0,1,8.185510152050325
43,T_9,C_9_1,0.58,0.51,1,0,1,16.934747491891706
4,T_9,C_9_1,0.62,0.57,1,0,1,4.062874398542078
16,T_6,C_6_4,0.62,0.71,1,0,1,14.777334435149765
29,T_10,C_10_1,0.53,0.0,1,0,0,6.840607326115425
6,T_10,C_10_2,0.44,0.0,1,0,0,14.60638597202614
10,T_9,C_9_1,0.6,0.5,1,0,1,12.691558515937736
26,T_7,C_7_8,0.56,0.49,1,1,0,20.059178722876265
31,T_10,C_10_1,0.54,0.0,1,0,0,1.7110350831927406
34,T_7,C_7_11,0.62,0.54,0,0,0,-17.762483784138478
22,T_8,C_8_3,0.48,0.62,0,0,0,-1.9739054123279836
18,T_8,C_8_5,0.56,0.59,0,0,0,-11.10538862751142
48,T_9,C_9_3,0.62,0.55,0,0,1,-12.660862761122981
7,T_9,C_9_1,0.59,0.52,0,0,1,-6.5267608193753865
27,T_9,C_9_3,0.55,0.46,0,0,1,-12.698379982504555
2,T_9,C_9_17,0.55,0.48,0,0,0,-11.484310849696826
40,T_8,C_8_2,0.52,0.63,1,0,0,9.896875544260949
38,T_8,C_8_4,0.49,0.53,1,1,,25.45869372607918
9,T_10,C_10_1,0.61,0.0,1,0,0,19.020217137051397
29,T_10,C_10_2,0.5,0.0,1,0,0,14.359299786685224
6,T_10,C_10_3,0.43,0.0,1,0,0,15.125607809371218
36,T_9,C_9_12,0.56,0.48,0,0,0,-9.01276492826086
31,T_10,C_10_5,0.5,0.0,1,1,,26.262537299520535
43,T_10,C_10_1,0.51,0.0,1,1,0,29.366591402881763
20,T_9,C_9_17,0.62,0.6,1,1,,29.905040130137483
4,T_10,C_10_4,0.57,0.0,1,0,0,18.944267649751268
14,T_9,C_9_1,0.62,0.58,1,1,0,47.99918617721055
10,T_10,C_10_1,0.5,0.0,0,0,1,-4.408304346090894
9,T_10,C_10_4,0.51,0.0,1,0,1,13.684146042924064
29,T_10,C_10_4,0.4,0.0,1,0,0,3.681742196770209
48,T_10,C_10_1,0.55,0.0,0,0,1,-12.696582209915572
3,T_8,C_8_2,0.48,0.53,1,0,1,7.27640698576273
25,T_9,C_9_3,0.55,0.55,1,1,1,20.581328954550223
26,T_7,C_7_14,0.52,0.49,1,0,0,14.822025233061659
7,T_10,C_10_1,0.52,0.0,0,0,1,-3.200783890587804
34,T_7,C_7_6,0.57,0.54,0,0,1,-1.8566097482254342
27,T_10,C_10_2,0.46,0.0,1,0,0,6.182382453334281
43,T_10,C_10_4,0.48,0.0,1,0,1,6.107997330358888
21,T_9,C_9_4,0.54,0.44,0,0,0,-0.04377231571190521
37,T_8,C_8_2,0.47,0.57,1,1,,41.63163612777926
4,T_10,C_10_1,0.5,0.0,1,0,0,0.3692422105776707
23,T_6,C_6_5,0.46,0.47,1,1,0,27.808763168661528
2,T_9,C_9_3,0.53,0.48,1,0,1,16.59319430638603
29,T_10,C_10_5,0.39,0.0,1,0,0,2.648703255192004
12,T_9,C_9_1,0.52,0.47,0,0,1,-10.66498108838842
20,T_10,C_10_1,0.6,0.0,0,0,0,-9.411123835955475
36,T_9,C_9_1,0.56,0.48,1,0,1,12.774889943053843
30,T_9,C_9_1,0.64,0.49,0,0,1,-11.399310064546452
27,T_10,C_10_1,0.45,0.0,0,0,0,-10.188040246911228
16,T_7,C_7_8,0.71,0.54,0,0,1,-13.21018799060122
14,T_9,C_9_3,0.58,0.58,1,0,0,18.916522300891945
41,T_6,C_6_5,0.57,0.55,1,0,1,3.281186191433285
4,T_10,C_10_5,0.5,0.0,1,1,,22.247581804030116
25,T_10,C_10_1,0.55,0.0,1,0,0,8.754249359845357
29,T_10,C_10_3,0.36,0.0,1,0,0,8.722666721362748
22,T_8,C_8_2,0.46,0.62,0,0,1,-0.7893054988061436
18,T_8,C_8_2,0.56,0.59,0,0,0,-8.810657811973424
20,T_10,C_10_2,0.59,0.0,0,0,0,-14.492078659882587
26,T_7,C_7_2,0.51,0.49,0,0,1,-5.767921231975738
40,T_8,C_8_5,0.52,0.63,1,0,1,9.341178021460138
27,T_10,C_10_4,0.39,0.0,1,0,1,12.577864411992714
2,T_10,C_10_1,0.48,0.0,1,0,1,6.9950619444111695
21,T_9,C_9_1,0.54,0.44,0,0,0,-4.657311407689438
12,T_10,C_10_1,0.47,0.0,0,0,1,-11.885309045019643
25,T_10,C_10_4,0.46,0.0,1,0,0,16.412575562887735
36,T_10,C_10_1,0.48,0.0,1,0,0,16.58012158674954
30,T_10,C_10_4,0.49,0.0,1,0,1,1.3479471612928435
20,T_10,C_10_4,0.56,0.0,0,0,0,-15.153910321513631
38,T_9,C_9_4,0.53,0.47,0,0,1,-10.527469274302142
14,T_9,C_9_12,0.58,0.58,1,1,,23.98368739140642
25,T_10,C_10_5,0.44,0.0,1,1,,23.4769576502479
36,T_10,C_10_4,0.44,0.0,0,0,0,-2.837028412244912
20,T_10,C_10_5,0.53,0.0,1,0,1,15.770396380830533
23,T_6,C_6_2,0.45,0.47,1,0,1,6.532086797867823
36,T_10,C_10_2,0.43,0.0,1,0,0,1.1918036734388338
3,T_9,C_9_1,0.53,0.48,0,0,1,-21.359065321478376
36,T_10,C_10_3,0.4,0.0,1,0,1,7.758886538100388
21,T_9,C_9_19,0.51,0.44,1,0,0,11.549434962837841
38,T_10,C_10_1,0.47,0.0,0,0,0,-7.295926753609507
14,T_10,C_10_1,0.58,0.0,1,0,1,15.21456275687998
34,T_8,C_8_2,0.54,0.64,1,0,0,7.24160211239921
38,T_10,C_10_2,0.42,0.0,0,0,0,-4.680270037837058
37,T_9,C_9_17,0.57,0.52,1,0,1,10.107004421892274
3,T_10,C_10_1,0.48,0.0,1,0,1,15.326978176238352
38,T_10,C_10_3,0.4,0.0,0,0,0,-2.8257615775553866
41,T_7,C_7_8,0.55,0.52,0,0,1,-11.154752838747182
38,T_10,C_10_4,0.38,0.0,1,0,0,17.394757340874992
21,T_9,C_9_3,0.5,0.44,1,1,,32.83204444559257
38,T_10,C_10_5,0.37,0.0,1,1,,20.360740097766502
18,T_8,C_8_4,0.54,0.59,1,0,0,19.097551691969358
37,T_10,C_10_1,0.52,0.0,1,0,0,1.3943632861722932
16,T_8,C_8_4,0.54,0.59,1,0,1,7.218131402114295
37,T_10,C_10_2,0.46,0.0,0,0,1,-15.463175965035433
22,T_9,C_9_1,0.62,0.54,0,0,1,-7.586872961265335
40,T_9,C_9_1,0.63,0.57,0,0,1,-20.153779556343544
21,T_10,C_10_1,0.44,0.0,1,0,1,16.9820585939455
26,T_8,C_8_2,0.49,0.56,0,0,0,-34.08412771210584
23,T_7,C_7_14,0.47,0.43,1,0,0,1.8419976042300998
22,T_10,C_10_1,0.54,0.0,0,0,1,-0.16608087240002334
40,T_10,C_10_1,0.57,0.0,0,0,1,-37.03256217865878
34,T_8,C_8_4,0.53,0.64,0,0,1,-39.31428437948485
23,T_7,C_7_8,0.46,0.43,0,0,0,-13.88929187426499
18,T_8,C_8_3,0.52,0.59,0,0,1,-4.014270591720948
41,T_8,C_8_2,0.52,0.56,0,0,1,-20.665411645366703
16,T_9,C_9_4,0.59,0.49,0,0,1,-20.96580426101977
26,T_8,C_8_5,0.49,0.56,0,0,1,-11.998189533059211
23,T_7,C_7_10,0.46,0.43,1,0,0,4.98113269554505
16,T_10,C_10_1,0.49,0.0,0,0,0,-18.934908263235535
16,T_10,C_10_3,0.47,0.0,1,0,0,8.478271980675885
23,T_7,C_7_2,0.44,0.43,1,0,0,18.77334768846488
16,T_10,C_10_4,0.45,0.0,1,0,1,8.564751699926175
34,T_9,C_9_1,0.64,0.55,0,0,1,-22.61232828819921
23,T_7,C_7_6,0.44,0.43,1,0,0,5.276272176278027
34,T_10,C_10_1,0.55,0.0,0,0,0,-20.538258977843427
18,T_9,C_9_4,0.59,0.56,0,0,0,-4.122592882932047
34,T_10,C_10_4,0.51,0.0,1,0,1,7.546328898173609
41,T_9,C_9_3,0.56,0.51,1,0,0,1.4172597948041243
26,T_9,C_9_1,0.56,0.52,1,0,1,10.041451954825655
23,T_7,C_7_3,0.42,0.43,1,0,0,3.9156428678134034
18,T_9,C_9_3,0.59,0.56,0,0,1,-1.9984566101401562
41,T_9,C_9_1,0.55,0.51,0,0,1,-18.042494471376187
26,T_10,C_10_1,0.52,0.0,0,0,0,-11.491811100077761
26,T_10,C_10_2,0.48,0.0,1,0,0,10.050467478033099
23,T_7,C_7_11,0.4,0.43,1,1,,21.3297621310479
18,T_10,C_10_1,0.56,0.0,1,1,0,21.361616511025115
26,T_10,C_10_4,0.4,0.0,1,0,1,10.31727184058008
18,T_10,C_10_4,0.5,0.0,1,1,,21.558204834533235
41,T_10,C_10_1,0.51,0.0,1,0,1,3.712750289078702
23,T_8,C_8_2,0.43,0.5,1,0,0,4.032054823760291
23,T_8,C_8_4,0.42,0.5,1,0,0,4.094816420280518
23,T_8,C_8_3,0.4,0.5,1,0,0,4.212495520659559
23,T_8,C_8_5,0.4,0.5,1,0,0,4.2201262594517726
23,T_8,C_8_1,0.37,0.5,1,0,0,4.3925275183586034
23,T_8,C_8_6,0.37,0.5,1,0,0,4.400047734527563
23,T_9,C_9_17,0.5,0.47,1,0,1,3.7740752807687308
23,T_10,C_10_1,0.47,0.0,0,0,0,-12.395564812951928
23,T_10,C_10_2,0.41,0.0,1,0,0,5.458346714196416
23,T_10,C_10_4,0.31,0.0,1,0,1,6.029899062609486
