student_number,topic,arm_pulled,pay-off,pay-off_next_topic,actual_decision,skip_decision,reward,confidence_score
1,T_1,C_1_3,0.54,0.61,0,0,0,-10.0
2,T_1,C_1_13,0.54,0.58,0,0,1,-10.0
0,T_1,C_1_9,0.54,0.59,0,0,1,-10.0
4,T_1,C_1_9,0.59,0.64,0,0,1,-11.159690608792406
3,T_1,C_1_3,0.52,0.57,0,0,1,-7.304087756670131
5,T_1,C_1_9,0.63,0.67,0,0,0,-2.884557293333774
7,T_1,C_1_9,0.54,0.57,1,1,1,45.36086470205707
31,T_1,C_1_13,0.6,0.67,1,1,1,44.37676927462168
6,T_1,C_1_4,0.52,0.6,1,1,1,47.259473051957656
19,T_1,C_1_13,0.54,0.61,1,1,0,29.439393529094836
22,T_1,C_1_13,0.58,0.64,1,1,0,40.98710724678868
27,T_1,C_1_13,0.55,0.55,1,1,0,34.98114303207694
30,T_1,C_1_3,0.57,0.6,1,1,1,40.280347803448706
45,T_1,C_1_9,0.6,0.61,1,1,0,49.01692832034733
8,T_1,C_1_3,0.61,0.61,1,1,0,3.0754520538154324
37,T_1,C_1_13,0.51,0.58,0,0,0,-35.61111105206247
33,T_1,C_1_9,0.54,0.62,0,0,1,-40.305555496506926
23,T_1,C_1_13,0.48,0.54,0,0,1,-26.74007930603073
12,T_1,C_1_3,0.54,0.54,0,0,0,-41.38293644888786
21,T_1,C_1_9,0.53,0.55,0,0,0,-43.7490078774593
32,T_1,C_1_13,0.54,0.63,0,0,1,-43.81944438539581
24,T_1,C_1_13,0.56,0.6,0,0,1,-48.505952321903735
13,T_1,C_1_3,0.51,0.52,0,0,0,-35.44146819491961
49,T_1,C_1_9,0.65,0.67,0,0,1,-52.84027771872915
14,T_1,C_1_13,0.61,0.65,0,0,0,-45.28472216317358
39,T_1,C_1_9,0.65,0.69,0,0,1,-48.42903937965384
42,T_1,C_1_13,0.57,0.64,0,0,0,-43.130724216125586
28,T_1,C_1_13,0.51,0.58,0,0,0,-30.074232640307947
18,T_1,C_1_13,0.58,0.64,0,0,0,-41.597523026829265
46,T_1,C_1_9,0.57,0.61,0,0,0,-42.936472481735095
35,T_1,C_1_13,0.56,0.59,0,0,1,-40.43201262048635
34,T_1,C_1_9,0.6,0.62,0,0,1,-7.742377750160852
41,T_1,C_1_3,0.54,0.61,0,0,1,-39.22884116359833
11,T_1,C_1_13,0.63,0.69,0,0,1,-5.972080720457883
25,T_1,C_1_13,0.54,0.58,0,0,0,-12.716635175903427
44,T_1,C_1_13,0.61,0.69,0,0,1,-9.122575769962832
10,T_1,C_1_9,0.55,0.59,0,0,1,-0.5918827006559013
26,T_1,C_1_13,0.54,0.56,1,1,1,0.5853450221163765
47,T_1,C_1_3,0.59,0.62,1,1,1,1.8279192795421135
15,T_1,C_1_9,0.73,0.74,0,0,1,-1.2473282452103582
16,T_1,C_1_9,0.55,0.56,0,0,1,-4.640397552141051
17,T_1,C_1_9,0.64,0.65,0,0,0,-5.64633814620046
48,T_1,C_1_9,0.59,0.62,1,1,0,35.289019454841544
38,T_1,C_1_4,0.48,0.55,1,1,0,33.91513221448546
40,T_1,C_1_3,0.6,0.66,1,1,0,32.265899270935655
9,T_1,C_1_13,0.57,0.61,1,1,0,42.9616208396091
20,T_1,C_1_12,0.63,0.69,0,0,1,-8.61995907647683
36,T_1,C_1_13,0.53,0.58,0,0,1,-7.511370725045444
43,T_1,C_1_3,0.57,0.59,1,1,0,40.507890710610546
29,T_1,C_1_13,0.52,0.56,1,1,0,42.03550412283935
1,T_1,C_1_13,0.54,0.61,1,1,,36.2436187494374
5,T_1,C_1_12,0.62,0.67,1,1,,24.868830829006363
27,T_1,C_1_3,0.51,0.55,1,1,,23.39835463853017
19,T_1,C_1_3,0.53,0.61,1,1,,10.516449876625414
45,T_1,C_1_12,0.58,0.61,1,1,,24.94597368614922
22,T_1,C_1_3,0.54,0.64,1,1,,17.545021305196837
8,T_1,C_1_12,0.54,0.61,1,1,,22.802164162339697
37,T_1,C_1_3,0.51,0.58,1,1,,20.652640352815887
21,T_1,C_1_13,0.52,0.55,1,1,,9.727878448053982
12,T_1,C_1_13,0.52,0.54,1,1,,19.56883082900636
13,T_1,C_1_12,0.46,0.52,1,1,,11.543116543292081
14,T_1,C_1_14,0.58,0.65,1,1,,21.93549749567302
0,T_2,C_2_5,0.59,0.61,1,1,1,22.902164162339698
2,T_2,C_2_5,0.58,0.55,1,1,1,16.312640352815887
42,T_1,C_1_9,0.55,0.64,1,1,,16.565021305196836
28,T_1,C_1_14,0.47,0.58,1,1,,15.736449876625407
46,T_1,C_1_13,0.54,0.61,0,0,1,-13.546197035612373
4,T_2,C_2_5,0.64,0.61,0,0,1,-26.93335863799721
18,T_1,C_1_12,0.56,0.64,0,0,0,-31.58830160377667
3,T_2,C_2_5,0.57,0.56,0,0,0,-24.49894799160937
31,T_2,C_2_5,0.67,0.59,0,0,1,-21.320278645789354
7,T_2,C_2_5,0.57,0.63,0,0,1,-20.39997504047626
6,T_2,C_2_5,0.6,0.63,1,1,1,20.004000544351207
25,T_1,C_1_9,0.53,0.58,1,1,,23.856273271623927
30,T_2,C_2_12,0.6,0.64,0,0,1,-24.91214470664503
33,T_2,C_2_5,0.62,0.61,0,0,1,-28.541814438447858
17,T_1,C_1_2,0.61,0.65,0,0,1,-17.323684126833125
48,T_1,C_1_4,0.58,0.62,0,0,1,-26.281701658502367
23,T_2,C_2_14,0.54,0.51,0,0,0,-8.412447110780246
9,T_1,C_1_14,0.57,0.61,0,0,1,-10.179141519213745
40,T_1,C_1_12,0.58,0.66,0,0,0,-30.366523816765532
24,T_2,C_2_5,0.6,0.62,0,0,1,-18.516529220226932
38,T_1,C_1_13,0.47,0.55,0,0,1,-11.03393279501527
32,T_2,C_2_5,0.63,0.59,0,0,0,-41.502644695073336
49,T_2,C_2_6,0.67,0.67,0,0,1,-38.64255079835972
29,T_1,C_1_14,0.5,0.56,1,1,,9.415235720817819
39,T_2,C_2_5,0.69,0.69,0,0,1,-5.287669621262781
43,T_1,C_1_12,0.52,0.59,1,1,,41.98372204356106
35,T_2,C_2_14,0.59,0.59,0,0,0,-33.35357045088506
41,T_2,C_2_5,0.61,0.59,0,0,1,-29.81949015209887
34,T_2,C_2_6,0.62,0.65,0,0,0,-39.743859899998036
11,T_2,C_2_5,0.69,0.64,0,0,0,-32.42581771555761
47,T_2,C_2_18,0.62,0.7,1,1,0,11.329914225206105
44,T_2,C_2_5,0.69,0.64,1,1,1,12.021720556677236
10,T_2,C_2_5,0.59,0.6,0,0,0,-2.648317448763974
26,T_2,C_2_14,0.56,0.58,1,1,1,11.629563592128216
15,T_2,C_2_5,0.74,0.8,0,0,1,-0.12411139024045736
16,T_2,C_2_10,0.56,0.65,1,1,0,0.4074284984422962
0,T_3,C_3_4,0.61,0.54,0,0,0,-41.839809813382935
20,T_2,C_2_5,0.69,0.72,1,1,1,0.6200464582448513
3,T_2,C_2_6,0.51,0.56,1,1,,3.1920385720711275
2,T_3,C_3_1,0.55,0.5,1,1,1,8.637509921424176
31,T_3,C_3_1,0.59,0.56,0,0,1,-46.976637812927756
36,T_2,C_2_14,0.58,0.6,0,0,1,-30.743950832318326
4,T_3,C_3_1,0.61,0.57,0,0,0,-44.65352107760527
1,T_2,C_2_14,0.61,0.62,0,0,1,-33.452658935343294
23,T_2,C_2_5,0.49,0.51,0,0,0,-29.280711824650858
6,T_3,C_3_4,0.63,0.6,0,0,1,-13.633424466650212
30,T_3,C_3_4,0.64,0.58,0,0,0,-11.85289186793579
7,T_3,C_3_4,0.63,0.55,0,0,1,-40.63059706158349
18,T_1,C_1_9,0.55,0.64,0,0,0,-18.601284889056082
32,T_2,C_2_12,0.54,0.59,0,0,0,-23.26543683385856
33,T_3,C_3_4,0.61,0.6,0,0,1,-17.77369371459251
0,T_3,C_3_5,0.56,0.54,0,0,0,-18.245617266952323
19,T_2,C_2_5,0.61,0.54,0,0,1,-18.312467083802133
5,T_2,C_2_18,0.67,0.73,1,1,1,39.75596288513101
22,T_2,C_2_5,0.64,0.59,1,1,0,16.461515587971597
45,T_2,C_2_14,0.61,0.74,1,1,1,0.6771951351905503
27,T_2,C_2_14,0.55,0.56,0,0,0,-0.3447226730286226
21,T_2,C_2_5,0.55,0.58,1,1,0,27.3923602853422
8,T_2,C_2_5,0.61,0.61,0,0,0,-63.343209765903694
4,T_3,C_3_4,0.59,0.57,0,0,1,-13.102315990970043
37,T_2,C_2_5,0.58,0.56,0,0,1,-18.59822135948687
35,T_2,C_2_18,0.59,0.59,0,0,1,-1.1987673103512995
24,T_3,C_3_4,0.62,0.57,0,0,1,-14.601861031916357
12,T_2,C_2_6,0.54,0.54,0,0,1,-1.8293405587589358
49,T_3,C_3_4,0.67,0.61,0,0,1,-14.094497312832894
11,T_2,C_2_6,0.64,0.64,1,1,,29.975069196951605
39,T_3,C_3_4,0.69,0.68,1,1,1,1.480064655625533
34,T_2,C_2_5,0.59,0.65,1,1,,24.85674416328315
30,T_3,C_3_5,0.62,0.58,1,1,,21.742260154154444
14,T_2,C_2_5,0.65,0.61,1,1,1,17.41769079785343
13,T_2,C_2_5,0.52,0.56,1,1,0,13.56456296467122
40,T_1,C_1_9,0.56,0.66,0,0,1,-23.64737877524758
10,T_2,C_2_12,0.57,0.6,0,0,0,-28.3058932680012
41,T_3,C_3_4,0.59,0.51,0,0,1,-25.619817014122717
47,T_2,C_2_6,0.6,0.7,0,0,1,-24.016384313129052
16,T_2,C_2_14,0.55,0.65,0,0,1,-18.30846854145554
46,T_2,C_2_5,0.61,0.64,0,0,0,-28.744897756965024
28,T_2,C_2_5,0.58,0.57,0,0,0,-25.33654837963457
0,T_3,C_3_1,0.55,0.54,0,0,1,-19.75456639765258
44,T_3,C_3_4,0.64,0.62,0,0,1,-25.687899730985933
42,T_2,C_2_5,0.64,0.61,0,0,0,-21.529341172427372
15,T_3,C_3_4,0.8,0.73,1,1,0,2.6380189934939464
26,T_3,C_3_4,0.58,0.49,0,0,0,-14.00004121540464
23,T_2,C_2_6,0.46,0.51,0,0,0,-2.752438134509904
20,T_3,C_3_4,0.72,0.65,0,0,1,-40.20827014183907
25,T_2,C_2_14,0.58,0.58,0,0,1,-21.12045652176741
3,T_3,C_3_4,0.56,0.49,1,1,1,2.126698215634894
17,T_2,C_2_6,0.65,0.69,1,1,0,22.803800183434525
31,T_4,C_4_1,0.56,0.62,1,1,1,5.412986765499724
36,T_3,C_3_1,0.6,0.53,1,1,0,31.750788374078812
1,T_3,C_3_5,0.62,0.56,1,1,1,22.12791080482054
48,T_2,C_2_8,0.62,0.73,0,0,1,-34.28337877133163
9,T_2,C_2_14,0.61,0.66,0,0,1,-26.59931240839039
32,T_2,C_2_8,0.53,0.59,0,0,0,-5.328411866128679
2,T_4,C_4_1,0.5,0.51,1,1,0,17.585107779710654
38,T_2,C_2_14,0.55,0.6,1,1,1,22.764558946179612
6,T_4,C_4_1,0.6,0.61,0,0,1,-40.83517186100413
29,T_2,C_2_5,0.56,0.62,0,0,0,-34.252578610560064
43,T_2,C_2_5,0.59,0.57,1,1,1,4.948942879244483
7,T_4,C_4_1,0.55,0.59,1,1,0,5.888712586950418
22,T_2,C_2_12,0.61,0.59,0,0,0,-40.26035346727567
33,T_4,C_4_1,0.6,0.61,0,0,1,-37.434689750461494
27,T_2,C_2_5,0.55,0.56,0,0,1,-3.1019463876296296
5,T_3,C_3_4,0.73,0.6,0,0,1,-33.20919973848994
21,T_2,C_2_12,0.53,0.58,0,0,0,-17.246475609931778
8,T_2,C_2_12,0.6,0.61,0,0,1,-37.775627553394685
19,T_3,C_3_5,0.54,0.54,0,0,0,-30.479625663418716
18,T_1,C_1_14,0.54,0.64,0,0,0,-0.9217857701098566
15,T_3,C_3_5,0.7,0.73,0,0,1,-49.12965406870845
45,T_3,C_3_4,0.74,0.61,0,0,1,-17.287965414354893
26,T_3,C_3_1,0.55,0.49,0,0,0,-23.357475100529932
4,T_4,C_4_1,0.57,0.6,1,1,1,2.0133271844643224
49,T_4,C_4_1,0.61,0.65,1,1,0,11.730571983578663
11,T_3,C_3_4,0.64,0.59,1,1,1,8.860746301433633
12,T_3,C_3_4,0.54,0.45,1,1,1,9.93692843803608
35,T_3,C_3_1,0.59,0.51,1,1,0,11.6681018180711
24,T_4,C_4_1,0.57,0.59,1,1,0,18.802952956424864
37,T_3,C_3_5,0.56,0.52,1,1,1,9.79682335922697
36,T_3,C_3_5,0.59,0.53,1,1,,33.51398623138108
13,T_2,C_2_14,0.5,0.56,1,1,,11.69847936938858
39,T_4,C_4_1,0.68,0.69,0,0,0,-41.44339898410395
34,T_3,C_3_4,0.65,0.57,0,0,0,-24.713503879208844
10,T_2,C_2_10,0.56,0.6,0,0,1,-21.99179043980982
14,T_3,C_3_9,0.61,0.55,1,1,1,3.8368659080719247
28,T_2,C_2_14,0.55,0.57,0,0,1,-1.3117781269325501
41,T_4,C_4_1,0.51,0.57,0,0,0,-10.805530458152228
46,T_2,C_2_12,0.6,0.64,1,1,,6.095252831664978
30,T_4,C_4_1,0.58,0.6,1,1,1,17.9346193885954
47,T_3,C_3_4,0.7,0.6,0,0,1,-47.28568280609352
42,T_2,C_2_12,0.61,0.61,0,0,1,-0.8152276161620549
16,T_3,C_3_4,0.65,0.56,0,0,0,-7.770843852791128
23,T_2,C_2_10,0.45,0.51,1,1,,0.2654554563618934
17,T_2,C_2_14,0.64,0.69,1,1,,47.3658898534255
44,T_4,C_4_1,0.62,0.64,1,1,1,25.63123125359838
0,T_4,C_4_1,0.54,0.57,1,1,0,20.11178440830884
19,T_3,C_3_1,0.53,0.54,0,0,1,-5.553620229999616
20,T_4,C_4_1,0.65,0.69,0,0,0,-14.769323422406856
32,T_2,C_2_14,0.52,0.59,1,1,,21.891151570898906
2,T_4,C_4_3,0.46,0.51,1,1,,3.8665695888097025
3,T_4,C_4_1,0.49,0.54,1,1,0,29.072186053657518
26,T_3,C_3_5,0.54,0.49,1,1,,33.526044944625475
25,T_3,C_3_4,0.58,0.53,1,1,1,49.73190196443598
1,T_4,C_4_1,0.56,0.6,1,1,1,0.9008094140943346
7,T_4,C_4_5,0.49,0.59,0,0,1,-22.749196649591717
29,T_2,C_2_12,0.55,0.62,1,1,,9.8109297459955
9,T_3,C_3_4,0.66,0.59,1,1,0,6.433247342562011
48,T_3,C_3_4,0.73,0.62,1,1,1,8.32852631251911
35,T_3,C_3_4,0.57,0.51,1,1,,6.092474810373179
38,T_3,C_3_4,0.6,0.53,0,0,0,-18.577088422571705
22,T_2,C_2_6,0.56,0.59,0,0,0,-35.838971452316216
31,T_5,C_5_5,0.62,0.62,0,0,0,-43.31444714810567
43,T_3,C_3_5,0.57,0.57,0,0,1,-14.436671388470339
40,T_2,C_2_5,0.66,0.6,0,0,1,-11.84727874518549
34,T_3,C_3_5,0.61,0.57,1,1,,6.976502264224273
21,T_2,C_2_14,0.49,0.58,1,1,,20.30755444557585
27,T_3,C_3_5,0.56,0.47,1,1,0,28.6731431413087
49,T_4,C_4_5,0.58,0.65,1,1,,13.299616095494468
6,T_5,C_5_5,0.61,0.57,1,1,1,43.78901712374965
5,T_4,C_4_1,0.6,0.66,1,1,1,68.8683010112177
8,T_3,C_3_5,0.61,0.57,1,1,0,22.842725563647353
24,T_4,C_4_5,0.52,0.59,1,1,,44.01322854744957
33,T_5,C_5_5,0.61,0.58,1,1,1,44.72692441021064
15,T_4,C_4_1,0.73,0.77,1,1,1,70.80614076455478
45,T_4,C_4_1,0.61,0.61,1,1,1,27.25642674809895
16,T_3,C_3_5,0.6,0.56,1,1,,0.49750305345613555
18,T_1,C_1_6,0.54,0.64,1,1,,24.83314025949779
39,T_4,C_4_5,0.54,0.69,0,0,0,-22.991682509071012
11,T_4,C_4_1,0.59,0.63,0,0,1,-40.629511177434026
12,T_4,C_4_4,0.45,0.52,0,0,0,-14.30211507904556
4,T_5,C_5_5,0.6,0.59,1,1,1,39.361995660393795
41,T_4,C_4_4,0.48,0.57,1,1,,33.02189413755117
36,T_4,C_4_1,0.53,0.54,1,1,0,37.472824763608685
37,T_4,C_4_1,0.52,0.56,0,0,0,-11.990104666716292
13,T_3,C_3_4,0.56,0.5,0,0,0,-3.9990874978144966
10,T_3,C_3_4,0.6,0.6,1,1,0,46.87548913578111
14,T_4,C_4_1,0.55,0.65,0,0,1,-33.17973967442851
28,T_3,C_3_4,0.57,0.54,0,0,0,-35.93879611924738
9,T_3,C_3_1,0.63,0.59,1,1,,3.2168398529429236
46,T_3,C_3_1,0.64,0.59,0,0,1,-5.571038934935862
47,T_4,C_4_1,0.6,0.64,0,0,1,-0.7174264150071039
20,T_4,C_4_5,0.58,0.69,0,0,1,-5.262422209792618
0,T_4,C_4_4,0.53,0.57,0,0,0,-57.0484418152799
38,T_3,C_3_1,0.58,0.53,0,0,0,-33.48877794973369
3,T_4,C_4_4,0.46,0.54,0,0,0,-49.513580918780235
42,T_3,C_3_4,0.61,0.59,0,0,0,-55.91408469711779
23,T_3,C_3_1,0.51,0.42,0,0,1,-30.333060347831466
17,T_3,C_3_4,0.69,0.65,0,0,1,-59.33306034783148
30,T_5,C_5_8,0.6,0.6,0,0,0,-3.911436580629225
27,T_3,C_3_1,0.54,0.47,1,1,,0.07012251408997017
19,T_4,C_4_1,0.54,0.58,0,0,1,-10.626986055220822
32,T_3,C_3_4,0.59,0.51,0,0,0,-22.74665132718733
31,T_5,C_5_8,0.58,0.62,0,0,0,-29.160040448526267
8,T_3,C_3_4,0.6,0.57,1,1,,2.799430451685039
26,T_4,C_4_1,0.49,0.57,1,1,0,24.850962386045047
25,T_4,C_4_1,0.53,0.55,1,1,1,12.05281206325548
44,T_5,C_5_5,0.64,0.69,0,0,0,-1.174498511265739
22,T_2,C_2_14,0.54,0.59,1,1,,6.59319507741035
29,T_3,C_3_4,0.62,0.54,0,0,1,-2.7220060652868696
2,T_5,C_5_8,0.51,0.59,0,0,0,-24.944679415189974
48,T_4,C_4_1,0.62,0.61,0,0,0,-23.522464603382286
35,T_4,C_4_1,0.51,0.58,1,1,1,8.599464374712856
1,T_5,C_5_5,0.6,0.6,1,1,0,11.155933068587872
43,T_4,C_4_4,0.57,0.57,0,0,1,-3.1319337283305835
40,T_3,C_3_4,0.6,0.57,0,0,1,-18.93919147426078
13,T_3,C_3_5,0.55,0.5,1,1,,23.139450909845173
7,T_5,C_5_5,0.59,0.61,1,1,1,21.188291969447818
21,T_3,C_3_1,0.58,0.52,1,1,1,36.30306872788536
10,T_3,C_3_5,0.6,0.6,1,1,,35.09497624233623
34,T_4,C_4_1,0.57,0.6,1,1,1,29.728337101130627
28,T_3,C_3_1,0.57,0.54,1,1,,15.710996060668183
39,T_4,C_4_4,0.54,0.69,1,1,,20.67530049645984
12,T_4,C_4_2,0.43,0.52,1,1,,28.246502054342717
38,T_3,C_3_5,0.57,0.53,1,1,,42.667737720325775
42,T_3,C_3_1,0.61,0.59,0,0,1,-2.9586943389116342
37,T_4,C_4_4,0.5,0.56,0,0,0,-9.233735389814761
16,T_4,C_4_1,0.56,0.56,1,1,1,12.651322081449619
36,T_4,C_4_3,0.44,0.54,1,1,,8.612734232516923
49,T_5,C_5_5,0.65,0.73,0,0,1,-1.9406319415388893
6,T_6,C_6_2,0.57,0.59,1,1,0,6.576590457822157
5,T_5,C_5_5,0.66,0.65,1,1,1,0.165525891019902
24,T_5,C_5_8,0.59,0.65,1,1,1,37.76316191418782
15,T_5,C_5_5,0.77,0.77,0,0,1,-8.070484192179842
32,T_3,C_3_1,0.52,0.51,0,0,1,-2.423425368650433
45,T_5,C_5_3,0.61,0.68,1,1,0,16.284907964682898
33,T_6,C_6_2,0.58,0.6,0,0,1,-49.04361259525396
0,T_4,C_4_3,0.45,0.57,0,0,0,-30.72876757078413
3,T_4,C_4_5,0.42,0.54,0,0,1,-36.04524391662428
30,T_5,C_5_3,0.6,0.6,0,0,1,-21.068082415808604
11,T_5,C_5_5,0.63,0.68,0,0,1,-36.89987682943033
41,T_5,C_5_8,0.57,0.58,0,0,0,-36.36034952706685
9,T_4,C_4_1,0.59,0.65,0,0,1,-50.983821409707446
46,T_4,C_4_1,0.59,0.63,0,0,1,-56.151710570261656
31,T_5,C_5_6,0.55,0.62,0,0,1,-48.57632344719726
4,T_6,C_6_2,0.59,0.58,0,0,0,-47.90476680498046
44,T_5,C_5_8,0.61,0.69,0,0,0,-49.46891587755758
14,T_5,C_5_5,0.65,0.63,0,0,1,-51.58947289186898
2,T_5,C_5_5,0.5,0.59,0,0,1,-26.60822491448262
26,T_4,C_4_4,0.47,0.57,0,0,0,-27.286535231298224
23,T_4,C_4_1,0.42,0.5,1,1,0,15.286202855148222
27,T_4,C_4_1,0.47,0.55,1,1,1,24.833775821516824
17,T_4,C_4_1,0.65,0.66,0,0,1,-50.32780449082831
20,T_5,C_5_3,0.69,0.7,0,0,1,-45.76127190203179
1,T_5,C_5_8,0.57,0.6,0,0,1,-37.622810363570274
48,T_4,C_4_4,0.51,0.61,0,0,1,-41.77665651741641
47,T_5,C_5_5,0.64,0.65,0,0,1,-46.90763014266699
8,T_4,C_4_4,0.57,0.62,0,0,0,-49.43109292583852
18,T_2,C_2_5,0.64,0.66,1,1,1,3.5249048591034438
22,T_3,C_3_9,0.59,0.55,0,0,0,-44.23383965069196
19,T_5,C_5_8,0.58,0.59,0,0,0,-31.56395237210903
29,T_4,C_4_1,0.54,0.59,1,1,1,7.907038770460625
25,T_5,C_5_5,0.55,0.62,0,0,1,-2.6193419093592425
40,T_4,C_4_1,0.57,0.61,0,0,1,-57.876107321689084
13,T_4,C_4_4,0.5,0.55,1,1,0,15.341619199968981
37,T_4,C_4_3,0.41,0.56,0,0,0,-22.438148813413147
21,T_4,C_4_1,0.52,0.53,0,0,0,-27.337670344513633
35,T_5,C_5_5,0.58,0.59,0,0,0,-36.53304514515158
10,T_4,C_4_1,0.6,0.59,0,0,0,-26.058168892586085
43,T_5,C_5_8,0.57,0.6,0,0,1,-37.94043648094386
45,T_5,C_5_8,0.61,0.68,0,0,1,-27.618155467712256
28,T_4,C_4_1,0.54,0.58,1,1,1,9.681655088283838
6,T_6,C_6_4,0.57,0.59,0,0,1,-3.001929368496489
42,T_4,C_4_1,0.59,0.6,0,0,1,-0.40416780024951215
38,T_4,C_4_1,0.53,0.53,0,0,1,-14.978374183812916
7,T_6,C_6_2,0.61,0.58,0,0,1,-28.797851618492246
39,T_5,C_5_5,0.69,0.66,0,0,1,-45.74053404536345
12,T_5,C_5_8,0.52,0.59,0,0,1,-1.7135229494465243
41,T_5,C_5_5,0.57,0.58,1,1,,3.046350668247001
34,T_5,C_5_8,0.6,0.67,0,0,0,-5.945750437598175
0,T_4,C_4_2,0.45,0.57,1,1,,3.9341863712485887
44,T_5,C_5_6,0.59,0.69,1,1,,18.427604100829615
36,T_5,C_5_8,0.54,0.56,1,1,1,2.4878924387850496
32,T_4,C_4_1,0.51,0.55,0,0,1,-4.575090949721973
22,T_3,C_3_1,0.56,0.55,0,0,0,-42.68667923471214
16,T_5,C_5_8,0.56,0.62,0,0,1,-31.184164131142122
4,T_6,C_6_4,0.56,0.58,0,0,1,-50.33510186336068
33,T_7,C_7_8,0.6,0.53,0,0,0,-43.231066887184625
24,T_6,C_6_2,0.65,0.62,0,0,1,-31.45737855515645
26,T_4,C_4_5,0.42,0.57,0,0,1,-27.40412875092778
49,T_6,C_6_2,0.73,0.7,0,0,0,-49.876329220779
5,T_6,C_6_5,0.65,0.66,0,0,1,-44.327507709093375
23,T_4,C_4_4,0.41,0.5,0,0,1,-15.154837599302507
15,T_6,C_6_2,0.77,0.78,0,0,1,-58.252570202899044
19,T_5,C_5_5,0.55,0.59,1,1,,7.444125213441836
3,T_5,C_5_8,0.54,0.57,0,0,1,-0.3636872865581555
30,T_6,C_6_4,0.6,0.57,1,1,0,13.03631271344185
8,T_4,C_4_1,0.56,0.62,0,0,0,-27.615964120605756
9,T_5,C_5_5,0.65,0.64,0,0,0,-43.8289126385465
11,T_6,C_6_2,0.68,0.71,0,0,0,-42.61284399580076
46,T_5,C_5_5,0.63,0.57,0,0,1,-45.62135860390937
35,T_5,C_5_10,0.54,0.59,0,0,0,-46.76365347523802
31,T_6,C_6_2,0.62,0.64,0,0,1,-42.68583246356487
37,T_4,C_4_5,0.39,0.56,1,1,,4.538285393513149
13,T_4,C_4_1,0.48,0.55,0,0,1,-11.738507538800766
2,T_6,C_6_2,0.59,0.55,0,0,1,-40.66919520861887
14,T_6,C_6_2,0.63,0.62,1,1,1,0.6847264119738874
27,T_5,C_5_8,0.55,0.57,1,1,0,12.922119740135267
18,T_3,C_3_4,0.66,0.56,1,1,0,4.1765805624781684
10,T_4,C_4_4,0.5,0.59,0,0,1,-25.65248479413784
21,T_4,C_4_5,0.44,0.53,0,0,1,-25.01084392726478
22,T_3,C_3_4,0.55,0.55,0,0,0,-25.59432990438858
17,T_5,C_5_5,0.66,0.68,0,0,0,-7.320198467799674
48,T_5,C_5_3,0.61,0.66,0,0,0,-8.473866421467608
20,T_6,C_6_2,0.7,0.69,1,1,0,14.17555442795323
1,T_6,C_6_2,0.6,0.63,1,1,0,31.423312304877772
47,T_6,C_6_5,0.65,0.65,1,1,0,43.574546872779024
34,T_5,C_5_5,0.59,0.67,1,1,,6.944980255571158
29,T_5,C_5_3,0.59,0.61,1,1,1,14.74449685019636
33,T_7,C_7_2,0.57,0.53,0,0,1,-6.485503149803629
25,T_6,C_6_2,0.62,0.58,0,0,0,-30.352702936949633
40,T_5,C_5_5,0.61,0.64,0,0,1,-38.527085516343234
43,T_6,C_6_2,0.6,0.62,1,1,1,3.572429293691659
6,T_7,C_7_2,0.59,0.54,0,0,1,-3.1097708590967432
45,T_6,C_6_2,0.68,0.65,1,1,0,7.751955649688596
28,T_5,C_5_5,0.58,0.55,1,1,1,42.64338928283691
42,T_5,C_5_5,0.6,0.59,1,1,0,40.445067391151184
7,T_7,C_7_8,0.58,0.53,1,1,0,47.46795068634569
12,T_6,C_6_2,0.59,0.53,1,1,1,19.854028796053157
38,T_5,C_5_8,0.53,0.58,1,1,1,10.893750431054022
0,T_5,C_5_5,0.57,0.63,0,0,0,-17.387651530205428
39,T_6,C_6_2,0.66,0.67,0,0,1,-37.434728219651134
35,T_5,C_5_6,0.53,0.59,0,0,1,-20.087134076065986
9,T_5,C_5_10,0.59,0.64,0,0,0,-23.00443301385052
8,T_4,C_4_5,0.53,0.62,0,0,0,-25.490635602145076
18,T_3,C_3_1,0.59,0.56,0,0,1,-16.815882000932046
49,T_6,C_6_5,0.62,0.7,0,0,1,-21.60056736863485
41,T_6,C_6_2,0.58,0.59,1,1,1,16.818595449845645
22,T_3,C_3_10,0.53,0.55,0,0,0,-19.789692578048765
30,T_6,C_6_2,0.59,0.57,0,0,0,-16.531554803635416
4,T_7,C_7_8,0.58,0.56,0,0,0,-22.97881800520216
32,T_5,C_5_8,0.55,0.59,0,0,0,-4.626598886465351
44,T_6,C_6_2,0.69,0.7,0,0,0,-12.141315867597424
11,T_6,C_6_5,0.6,0.71,0,0,0,-3.6228253015596774
36,T_6,C_6_5,0.56,0.56,1,1,1,2.7235897927799213
27,T_5,C_5_2,0.54,0.57,1,1,,10.874533189006346
24,T_7,C_7_8,0.62,0.56,0,0,0,-1.9398064336351748
16,T_6,C_6_5,0.62,0.57,0,0,1,-12.841204987034423
5,T_7,C_7_10,0.66,0.61,0,0,1,-13.331031663748824
26,T_5,C_5_5,0.57,0.6,0,0,0,-1.5862664310017256
15,T_7,C_7_8,0.78,0.7,1,1,1,23.663021352185208
17,T_5,C_5_8,0.62,0.68,1,1,,23.801802277410225
48,T_5,C_5_5,0.6,0.66,0,0,1,-17.421759067725706
23,T_5,C_5_8,0.5,0.52,1,1,0,10.062587976538659
19,T_6,C_6_2,0.59,0.58,1,1,1,16.19329509236026
3,T_6,C_6_2,0.57,0.54,1,1,0,39.43134259286487
20,T_6,C_6_8,0.65,0.69,1,1,,54.902899479092426
7,T_7,C_7_10,0.56,0.53,1,1,,45.0284094912297
31,T_7,C_7_8,0.64,0.56,1,1,1,51.44167517639088
42,T_5,C_5_8,0.59,0.59,1,1,,48.06378122568139
2,T_7,C_7_8,0.55,0.51,1,1,1,21.64560660215971
47,T_6,C_6_2,0.65,0.65,1,1,,20.994860333503006
1,T_6,C_6_5,0.59,0.63,1,1,,22.838890184249266
14,T_7,C_7_8,0.62,0.54,1,1,0,21.423964811114924
46,T_6,C_6_2,0.57,0.59,0,0,0,-23.78196196335844
13,T_5,C_5_8,0.55,0.57,0,0,1,-4.604614720437422
37,T_5,C_5_8,0.56,0.58,0,0,1,-3.242468669766793
25,T_6,C_6_9,0.55,0.58,0,0,1,-4.764406121009819
10,T_5,C_5_5,0.59,0.61,1,1,0,15.24196288228772
45,T_6,C_6_5,0.68,0.65,0,0,1,-26.871052695690683
22,T_3,C_3_5,0.52,0.55,0,0,1,-19.167706970783637
21,T_5,C_5_5,0.53,0.55,0,0,1,-27.954324071155384
0,T_5,C_5_8,0.57,0.63,0,0,1,-20.478487639928588
9,T_5,C_5_8,0.59,0.64,0,0,1,-25.07875569503987
4,T_7,C_7_11,0.57,0.56,0,0,0,-10.979511942661457
43,T_7,C_7_8,0.62,0.56,0,0,1,-29.3652945525508
8,T_4,C_4_3,0.44,0.62,0,0,1,-24.40973899699526
32,T_5,C_5_3,0.55,0.59,0,0,1,-25.588705469018727
24,T_7,C_7_10,0.54,0.56,0,0,1,-22.887743218833698
40,T_6,C_6_2,0.64,0.64,0,0,0,-38.590185853918804
34,T_6,C_6_2,0.67,0.63,0,0,1,-32.032820939040924
29,T_6,C_6_2,0.61,0.57,1,1,0,35.7277667964955
12,T_7,C_7_8,0.53,0.5,1,1,1,14.800784686604596
33,T_8,C_8_2,0.53,0.63,0,0,1,-34.79817643446893
28,T_6,C_6_2,0.55,0.57,0,0,0,-20.642847106839397
30,T_6,C_6_8,0.58,0.57,0,0,1,-3.635867564512141
18,T_4,C_4_1,0.56,0.61,1,1,1,9.898399200410458
39,T_7,C_7_8,0.67,0.62,1,1,1,3.511516370638928
44,T_6,C_6_4,0.6,0.7,0,0,1,-29.933486521689417
6,T_8,C_8_4,0.54,0.62,0,0,1,-38.038882176685675
26,T_5,C_5_8,0.56,0.6,0,0,0,-13.564711073365768
23,T_5,C_5_5,0.48,0.52,0,0,0,-12.742228685847955
11,T_6,C_6_4,0.6,0.71,0,0,1,-25.766034818722925
41,T_7,C_7_10,0.59,0.52,1,1,0,1.4229599378120117
38,T_6,C_6_5,0.58,0.53,0,0,0,-0.579241089334003
49,T_7,C_7_8,0.7,0.63,1,1,0,16.089137487335115
35,T_6,C_6_2,0.59,0.59,1,1,0,17.30400657678115
14,T_7,C_7_2,0.58,0.54,0,0,1,-6.327341124687152
36,T_7,C_7_8,0.56,0.49,0,0,0,-24.23190375426983
16,T_7,C_7_10,0.57,0.56,0,0,1,-12.860311191100983
3,T_6,C_6_5,0.51,0.54,0,0,1,-24.457450380548973
27,T_6,C_6_2,0.57,0.56,0,0,1,-22.641441684928612
10,T_5,C_5_8,0.59,0.61,0,0,1,-24.13126937741817
4,T_7,C_7_10,0.56,0.56,0,0,1,-29.53402910518715
46,T_6,C_6_4,0.54,0.59,1,1,,8.873979113176143
17,T_6,C_6_2,0.68,0.69,0,0,1,-42.28152886780803
20,T_7,C_7_8,0.69,0.64,0,0,0,-54.71310019293474
19,T_7,C_7_8,0.58,0.51,0,0,1,-30.495142191486522
48,T_6,C_6_5,0.66,0.63,0,0,1,-17.339301764605665
15,T_8,C_8_2,0.7,0.83,1,1,0,33.717423846050075
5,T_8,C_8_2,0.61,0.77,1,1,1,26.751407938602508
47,T_7,C_7_8,0.65,0.61,0,0,1,-10.851929432630751
1,T_7,C_7_8,0.63,0.56,0,0,0,-7.331299919557408
42,T_6,C_6_2,0.59,0.61,0,0,1,-9.42121456678821
7,T_8,C_8_4,0.53,0.67,0,0,1,-7.974618332045628
22,T_4,C_4_1,0.55,0.62,1,1,1,38.30594671907592
13,T_6,C_6_2,0.57,0.54,1,1,1,18.075674122232314
31,T_8,C_8_2,0.56,0.65,1,1,0,23.407811855374348
25,T_7,C_7_8,0.58,0.54,1,1,0,22.52689363442742
41,T_7,C_7_8,0.58,0.52,0,0,1,-3.511973913640823
40,T_6,C_6_4,0.58,0.64,0,0,1,-17.0281029458989
29,T_6,C_6_5,0.56,0.57,1,1,,6.974764437613642
45,T_7,C_7_8,0.65,0.61,0,0,1,-14.354267820450868
2,T_8,C_8_2,0.51,0.62,0,0,1,-12.594411189626506
23,T_5,C_5_2,0.47,0.52,1,1,,43.016515963540925
37,T_6,C_6_2,0.58,0.61,1,1,0,40.274926843999054
49,T_7,C_7_6,0.63,0.63,1,1,,44.706566070913865
26,T_5,C_5_10,0.53,0.6,1,1,,13.270650359441417
36,T_7,C_7_3,0.52,0.49,1,1,,8.352505636348628
21,T_6,C_6_2,0.55,0.5,1,1,0,3.3446484934914915
28,T_6,C_6_5,0.54,0.57,0,0,0,-13.050216908772192
0,T_6,C_6_2,0.63,0.63,0,0,1,-38.039510270656535
8,T_5,C_5_8,0.62,0.63,0,0,1,-30.214791850914633
9,T_6,C_6_2,0.64,0.65,0,0,1,-17.71463853679127
34,T_7,C_7_8,0.63,0.6,0,0,0,-45.06364138579409
20,T_7,C_7_10,0.67,0.64,0,0,1,-7.746447690180704
30,T_7,C_7_8,0.57,0.56,0,0,0,-16.501419281089785
32,T_6,C_6_2,0.59,0.6,0,0,1,-0.9339476901807
38,T_6,C_6_2,0.54,0.53,1,1,,5.123572659593643
43,T_8,C_8_4,0.56,0.59,0,0,1,-7.320398971612022
35,T_6,C_6_9,0.56,0.59,1,1,,8.626409539026257
24,T_8,C_8_4,0.56,0.66,1,1,0,6.229955638317028
33,T_9,C_9_17,0.63,0.56,0,0,1,-4.620584444416888
44,T_7,C_7_8,0.7,0.6,1,1,1,2.517615413839655
18,T_5,C_5_5,0.61,0.61,1,1,0,6.498480048850285
1,T_7,C_7_6,0.56,0.56,1,1,,7.529663606610734
12,T_8,C_8_4,0.5,0.6,0,0,1,-3.346310879569268
11,T_7,C_7_8,0.71,0.6,1,1,1,1.4901565086547865
25,T_7,C_7_5,0.58,0.54,0,0,0,-16.460899685844065
39,T_8,C_8_2,0.62,0.72,0,0,1,-0.2802198541187231
6,T_9,C_9_12,0.62,0.53,0,0,1,-3.0628592330883926
27,T_7,C_7_8,0.56,0.49,1,1,0,11.916408067182607
3,T_7,C_7_8,0.54,0.5,0,0,0,-3.310352496197659
46,T_7,C_7_8,0.59,0.54,1,1,1,12.920064984053296
17,T_7,C_7_8,0.69,0.63,1,1,1,10.86271125524986
14,T_8,C_8_2,0.54,0.66,0,0,1,-18.812674857330784
15,T_8,C_8_4,0.69,0.83,1,1,,4.750765907502663
48,T_7,C_7_10,0.63,0.6,0,0,1,-7.553093741620135
10,T_6,C_6_2,0.61,0.61,1,1,0,5.217432574169344
16,T_8,C_8_2,0.56,0.63,0,0,0,-11.880119651415644
34,T_7,C_7_10,0.6,0.6,0,0,1,-6.781396852338105
4,T_8,C_8_2,0.56,0.64,0,0,0,-1.5089878887526744
19,T_8,C_8_4,0.51,0.62,1,1,0,2.5715443241324785
42,T_7,C_7_8,0.61,0.53,1,1,1,2.960303186669794
30,T_7,C_7_10,0.57,0.56,0,0,0,-2.517915235915309
31,T_8,C_8_4,0.55,0.65,0,0,1,-0.8647874412780983
33,T_10,C_10_4,0.56,0.0,0,0,1,-6.291761585233349
37,T_6,C_6_5,0.54,0.61,1,1,,22.268573415098466
5,T_9,C_9_17,0.77,0.59,0,0,0,-36.17357909851075
13,T_7,C_7_8,0.54,0.52,0,0,0,-26.80633171175117
22,T_5,C_5_5,0.62,0.61,0,0,0,-26.857899656002054
29,T_7,C_7_8,0.57,0.52,0,0,0,-18.128282931263378
21,T_6,C_6_8,0.5,0.5,0,0,0,-16.46026588818009
40,T_7,C_7_8,0.64,0.59,0,0,1,-49.82865028929429
28,T_6,C_6_9,0.51,0.57,0,0,1,-22.56890098567311
7,T_9,C_9_17,0.67,0.53,0,0,1,-25.284778422999025
47,T_8,C_8_4,0.61,0.71,1,1,1,30.972396042202263
6,T_10,C_10_1,0.53,0.0,1,1,0,17.470309811326047
18,T_5,C_5_3,0.6,0.61,1,1,,30.622153449529172
25,T_7,C_7_11,0.53,0.54,1,1,,22.772743317676287
23,T_6,C_6_2,0.52,0.51,0,0,0,-3.1765653083337
27,T_7,C_7_6,0.53,0.49,0,0,1,-2.6637625401676033
3,T_7,C_7_10,0.53,0.5,0,0,1,-9.218087799683154
41,T_8,C_8_4,0.52,0.66,0,0,0,-11.142655273731602
45,T_8,C_8_4,0.61,0.72,1,1,0,34.46402871790262
2,T_9,C_9_3,0.62,0.5,1,1,0,12.71736251004757
26,T_6,C_6_2,0.6,0.59,1,1,1,28.90621090679238
0,T_7,C_7_8,0.63,0.55,1,1,1,19.810282680429395
49,T_8,C_8_2,0.63,0.71,1,1,0,26.63664664130606
9,T_7,C_7_8,0.65,0.57,1,1,1,31.88837077923709
8,T_6,C_6_2,0.63,0.65,0,0,1,-46.0782907141614
36,T_8,C_8_4,0.49,0.66,0,0,0,-19.494268675593922
32,T_7,C_7_10,0.6,0.5,0,0,0,-36.98377077915471
6,T_10,C_10_4,0.51,0.0,0,0,0,-0.67347119753307
38,T_7,C_7_8,0.53,0.47,1,1,1,16.45505113923668
35,T_7,C_7_8,0.59,0.54,0,0,1,-12.69340246901075
24,T_8,C_8_2,0.52,0.66,0,0,1,-0.904399032584644
30,T_7,C_7_13,0.54,0.56,1,1,,12.310033957106105
20,T_8,C_8_4,0.64,0.75,0,0,1,-9.979937135466027
5,T_9,C_9_12,0.69,0.59,1,1,,1.527001601231989
13,T_7,C_7_10,0.52,0.52,1,1,,21.203910264267634
43,T_9,C_9_17,0.59,0.54,0,0,0,-1.2729480642929154
7,T_10,C_10_4,0.53,0.0,1,1,0,54.77377589096383
29,T_7,C_7_10,0.54,0.52,1,1,,59.00854659596039
10,T_6,C_6_5,0.58,0.61,1,1,,27.147279038462273
12,T_9,C_9_17,0.6,0.47,0,0,1,-7.575789548055891
22,T_5,C_5_8,0.58,0.61,0,0,0,-11.27037303077455
44,T_8,C_8_2,0.6,0.69,1,1,0,5.249849740491049
1,T_8,C_8_4,0.56,0.67,1,1,0,13.59207683894539
6,T_10,C_10_2,0.45,0.0,1,1,,18.212226600688084
39,T_9,C_9_17,0.72,0.68,1,1,1,23.946739875024363
11,T_8,C_8_4,0.6,0.73,0,0,1,-20.979767119877067
16,T_8,C_8_4,0.54,0.63,0,0,1,-1.7430324259995
4,T_8,C_8_4,0.53,0.64,0,0,1,-30.551562631560003
21,T_6,C_6_5,0.47,0.5,0,0,1,-6.279823501125231
19,T_8,C_8_3,0.46,0.62,0,0,1,-29.11915474245466
15,T_9,C_9_17,0.83,0.72,0,0,1,-46.75119819119873
46,T_8,C_8_2,0.54,0.61,0,0,0,-31.468781354810396
17,T_8,C_8_4,0.63,0.71,0,0,1,-40.644612990927186
14,T_9,C_9_17,0.66,0.57,0,0,1,-38.6751628890942
2,T_9,C_9_12,0.58,0.5,0,0,1,-6.726003851841995
7,T_10,C_10_1,0.46,0.0,1,1,,1.6095185362177151
48,T_8,C_8_2,0.6,0.7,1,1,1,0.3132473497770425
37,T_7,C_7_8,0.61,0.52,1,1,0,11.391590303313176
32,T_7,C_7_8,0.57,0.5,1,1,,15.495479619238097
23,T_6,C_6_5,0.51,0.51,1,1,,15.533368658480306
34,T_8,C_8_4,0.6,0.67,1,1,1,22.966368408704707
5,T_10,C_10_4,0.59,0.0,1,1,0,24.137429936764207
28,T_7,C_7_8,0.57,0.48,0,0,1,-10.537027786679323
42,T_8,C_8_4,0.53,0.67,0,0,1,-10.151666361783791
31,T_9,C_9_17,0.65,0.58,0,0,1,-19.859267637866537
12,T_10,C_10_4,0.47,0.0,0,0,0,-9.025118945943772
43,T_9,C_9_3,0.58,0.54,0,0,0,-44.45099512673795
39,T_10,C_10_4,0.68,0.0,0,0,1,-13.832367202941077
47,T_9,C_9_17,0.71,0.55,0,0,0,-6.051828937991413
40,T_8,C_8_4,0.59,0.66,0,0,1,-15.809547058796786
41,T_8,C_8_2,0.48,0.66,0,0,1,-12.449144374233013
45,T_8,C_8_2,0.61,0.72,0,0,0,-8.574647729937725
18,T_6,C_6_2,0.61,0.61,0,0,0,-7.014245045373988
26,T_7,C_7_8,0.59,0.52,0,0,1,-8.42123103288741
49,T_8,C_8_4,0.62,0.71,1,1,,15.237341942048879
25,T_8,C_8_2,0.54,0.6,1,1,0,15.2058406015663
22,T_5,C_5_3,0.54,0.61,1,1,,18.001417009073005
15,T_10,C_10_4,0.72,0.0,1,1,0,14.836537652504642
8,T_7,C_7_8,0.65,0.61,1,1,1,20.219245427303584
36,T_8,C_8_2,0.48,0.66,1,1,,1.3623484514250777
27,T_8,C_8_4,0.49,0.65,1,1,0,21.99943800185723
3,T_8,C_8_4,0.5,0.6,0,0,1,-7.990616754514971
5,T_10,C_10_1,0.55,0.0,0,0,0,-3.127740500334369
2,T_10,C_10_4,0.5,0.0,0,0,1,-6.090951202675512
14,T_10,C_10_1,0.57,0.0,0,0,1,-5.599981303009976
0,T_8,C_8_2,0.55,0.67,0,0,0,-17.635013239793196
9,T_8,C_8_4,0.57,0.67,1,1,0,17.82948183848079
12,T_10,C_10_1,0.44,0.0,1,1,,18.356851664916057
37,T_7,C_7_6,0.53,0.52,1,1,,13.488647349561248
24,T_9,C_9_17,0.66,0.53,1,1,1,22.21123225553668
38,T_8,C_8_4,0.47,0.62,1,1,1,27.840886510855853
10,T_7,C_7_8,0.61,0.53,0,0,1,-9.655793436023284
31,T_10,C_10_1,0.58,0.0,0,0,0,-13.85234058077761
35,T_8,C_8_2,0.54,0.62,0,0,1,-7.904133409462876
44,T_8,C_8_4,0.59,0.69,0,0,1,-25.70957829658107
30,T_8,C_8_4,0.56,0.66,1,1,0,6.599850654282152
20,T_9,C_9_17,0.75,0.61,0,0,1,-11.417413621946277
1,T_8,C_8_2,0.52,0.67,0,0,0,-4.069472054881198
13,T_8,C_8_4,0.52,0.6,1,1,0,16.936679406514983
15,T_10,C_10_1,0.68,0.0,0,0,1,-19.812293687018496
43,T_9,C_9_12,0.58,0.54,0,0,1,-26.033632321875977
47,T_9,C_9_12,0.66,0.55,1,1,,25.084575100257858
21,T_7,C_7_8,0.5,0.49,1,1,1,28.82399308967583
29,T_8,C_8_4,0.52,0.67,1,1,0,20.27108303676577
5,T_10,C_10_3,0.55,0.0,1,1,,15.369266942038266
46,T_8,C_8_4,0.52,0.61,0,0,1,-5.018550310640187
11,T_9,C_9_17,0.73,0.62,1,1,0,23.4702792760755
16,T_9,C_9_17,0.63,0.53,1,1,0,36.79151938161642
4,T_9,C_9_3,0.64,0.56,0,0,1,-9.277680956504074
19,T_9,C_9_17,0.62,0.52,0,0,0,-41.63619771495536
23,T_7,C_7_8,0.51,0.45,1,1,1,7.36134914759271
17,T_9,C_9_12,0.71,0.61,0,0,1,-30.049004151829408
31,T_10,C_10_4,0.58,0.0,0,0,1,-27.008898957878046
48,T_9,C_9_17,0.7,0.58,1,1,0,38.85708834894944
24,T_10,C_10_1,0.53,0.0,0,0,1,-7.692416801247875
18,T_6,C_6_8,0.57,0.61,0,0,0,-5.475200602082408
32,T_8,C_8_4,0.5,0.65,0,0,1,-15.549807931925322
34,T_9,C_9_17,0.67,0.58,0,0,1,-31.122231906120554
20,T_10,C_10_4,0.61,0.0,0,0,1,-9.414767609689019
45,T_8,C_8_5,0.53,0.72,1,1,,45.000783583834554
28,T_8,C_8_4,0.48,0.64,1,1,1,25.904830581223607
42,T_9,C_9_17,0.67,0.54,1,1,0,5.518040809946952
43,T_10,C_10_4,0.54,0.0,0,0,0,-2.3029781231671755
47,T_10,C_10_1,0.55,0.0,1,1,1,8.497803126832801
25,T_8,C_8_4,0.5,0.6,0,0,0,-33.68129602126417
40,T_9,C_9_3,0.66,0.6,0,0,1,-42.668510106491574
41,T_9,C_9_17,0.66,0.53,0,0,0,-18.608674039860556
27,T_8,C_8_3,0.46,0.65,0,0,0,-2.258490414887565
22,T_6,C_6_2,0.61,0.62,0,0,1,-35.149693038133464
49,T_9,C_9_17,0.71,0.63,0,0,1,-33.322620499273356
4,T_10,C_10_4,0.56,0.0,0,0,1,-26.313553141760394
17,T_10,C_10_1,0.61,0.0,0,0,1,-25.251392486462514
11,T_9,C_9_12,0.68,0.62,1,1,,8.710429021803957
26,T_8,C_8_4,0.52,0.67,1,1,0,13.262822294766432
0,T_8,C_8_4,0.54,0.67,1,1,,11.257000819992852
16,T_9,C_9_3,0.63,0.53,1,1,,20.10887662853101
36,T_9,C_9_12,0.66,0.48,1,1,1,24.281765711250024
43,T_10,C_10_1,0.52,0.0,0,0,1,-3.0263738236336497
9,T_8,C_8_2,0.56,0.67,0,0,1,-1.8215934618766028
19,T_9,C_9_1,0.53,0.52,1,1,,17.607082286251327
8,T_8,C_8_4,0.61,0.63,1,1,1,15.447624571596718
3,T_9,C_9_17,0.6,0.49,1,1,1,21.630705793113513
34,T_10,C_10_4,0.58,0.0,1,1,0,23.156173233474576
48,T_9,C_9_3,0.69,0.58,1,1,,15.454296331257906
30,T_8,C_8_6,0.54,0.66,1,1,,11.49624102077996
40,T_10,C_10_1,0.6,0.0,0,0,1,-23.592575056542294
42,T_9,C_9_12,0.64,0.54,1,1,,7.633500730227137
1,T_8,C_8_1,0.48,0.67,1,1,,5.135106382121813
38,T_9,C_9_17,0.62,0.44,1,1,1,21.232087756559828
37,T_8,C_8_4,0.52,0.62,0,0,0,-0.8603977925731137
13,T_8,C_8_2,0.42,0.6,1,1,,5.902607987773711
10,T_8,C_8_3,0.53,0.66,1,1,1,3.8441622588077493
35,T_9,C_9_12,0.62,0.52,1,1,0,6.27576148809483
49,T_10,C_10_4,0.63,0.0,0,0,0,-38.69924887959328
29,T_8,C_8_2,0.48,0.67,0,0,1,-22.95887660744952
41,T_9,C_9_1,0.58,0.53,0,0,1,-21.042850966423842
44,T_9,C_9_17,0.69,0.64,0,0,1,-39.85246635103924
11,T_10,C_10_4,0.62,0.0,0,0,1,-27.378639579903034
18,T_6,C_6_9,0.57,0.61,0,0,1,-22.45983691474786
34,T_10,C_10_1,0.51,0.0,1,1,,6.582550135992609
16,T_10,C_10_4,0.53,0.0,1,1,0,23.27859011419705
36,T_10,C_10_2,0.48,0.0,1,1,0,16.878334359721308
21,T_8,C_8_2,0.49,0.6,0,0,0,-14.659486252618656
46,T_9,C_9_1,0.61,0.54,0,0,0,-7.940163911659198
19,T_10,C_10_4,0.52,0.0,0,0,1,-5.083842072578738
3,T_10,C_10_4,0.49,0.0,0,0,1,-17.158335475384526
48,T_10,C_10_4,0.58,0.0,1,1,0,13.142660513310899
49,T_10,C_10_1,0.59,0.0,1,1,,35.03178624008341
42,T_10,C_10_4,0.54,0.0,0,0,1,-12.19120814247474
23,T_8,C_8_4,0.45,0.59,0,0,0,-6.209667722360164
38,T_10,C_10_4,0.44,0.0,0,0,0,-2.7004124385547863
25,T_8,C_8_3,0.46,0.6,0,0,1,-12.442775827735808
32,T_9,C_9_17,0.65,0.54,0,0,1,-22.192450501501945
16,T_10,C_10_1,0.42,0.0,1,1,,2.357684056551422
36,T_10,C_10_1,0.47,0.0,1,1,,23.498750593605287
27,T_8,C_8_2,0.45,0.65,1,1,,40.80588748618262
41,T_10,C_10_4,0.53,0.0,1,1,0,2.5758000987279814
22,T_7,C_7_8,0.62,0.52,0,0,1,-10.080944676446201
45,T_9,C_9_17,0.72,0.55,0,0,1,-1.1738271288876585
28,T_9,C_9_17,0.64,0.48,1,1,1,1.7923928789686308
35,T_9,C_9_17,0.61,0.52,1,1,,37.973553955028144
44,T_10,C_10_4,0.64,0.0,1,1,1,11.740789881656864
48,T_10,C_10_1,0.5,0.0,1,1,,33.38468614984157
26,T_8,C_8_2,0.48,0.67,1,1,,14.847440674845815
38,T_10,C_10_1,0.4,0.0,1,1,,3.8917998820599187
46,T_9,C_9_3,0.58,0.54,0,0,1,-17.37178408013294
41,T_10,C_10_1,0.49,0.0,1,1,,5.389387227849537
0,T_9,C_9_17,0.67,0.58,1,1,1,21.7817046082022
8,T_9,C_9_17,0.63,0.58,0,0,1,-42.283339481690916
9,T_9,C_9_17,0.67,0.58,0,0,0,-24.397104409409355
32,T_10,C_10_4,0.54,0.0,0,0,1,-25.182145264217624
37,T_8,C_8_2,0.44,0.62,0,0,1,-26.439844824242755
30,T_9,C_9_17,0.66,0.5,0,0,0,-22.90825222895963
45,T_10,C_10_4,0.55,0.0,0,0,0,-13.263630122189895
35,T_10,C_10_4,0.52,0.0,1,1,1,0.024324708424910746
1,T_9,C_9_12,0.67,0.56,0,0,1,-16.17517340951737
28,T_10,C_10_4,0.48,0.0,0,0,0,-17.746691602741958
13,T_9,C_9_17,0.6,0.44,0,0,0,-25.61497841529
10,T_9,C_9_17,0.66,0.56,1,1,1,6.6975862887114745
18,T_7,C_7_10,0.61,0.53,1,1,1,10.030559180874176
46,T_10,C_10_4,0.54,0.0,1,1,0,11.658451613644685
45,T_10,C_10_1,0.54,0.0,1,1,,21.189408461674702
0,T_10,C_10_4,0.58,0.0,1,1,1,14.237033615972951
29,T_9,C_9_17,0.67,0.49,1,1,1,1.5890935410665312
28,T_10,C_10_1,0.48,0.0,1,1,,8.58817298246973
21,T_8,C_8_3,0.46,0.6,0,0,1,-13.774965879670013
8,T_10,C_10_1,0.58,0.0,0,0,1,-33.33855690211388
46,T_10,C_10_1,0.51,0.0,1,1,,13.550257021979986
9,T_9,C_9_12,0.66,0.58,0,0,0,-18.37829518012619
23,T_8,C_8_2,0.37,0.59,0,0,0,-13.261290087503518
1,T_10,C_10_1,0.56,0.0,0,0,1,-13.262533095583066
30,T_9,C_9_1,0.63,0.5,0,0,1,-8.707784380089091
10,T_10,C_10_4,0.56,0.0,0,0,1,-19.936976926672926
13,T_9,C_9_12,0.54,0.44,0,0,0,-23.15894013323041
29,T_10,C_10_4,0.49,0.0,0,0,0,-18.74965220753385
25,T_9,C_9_12,0.6,0.52,0,0,1,-0.003587697832109882
29,T_10,C_10_1,0.46,0.0,1,1,,1.5530494709868181
30,T_10,C_10_4,0.5,0.0,0,0,1,-2.878022429624184
27,T_9,C_9_17,0.65,0.45,0,0,0,-15.074561366583396
9,T_9,C_9_1,0.6,0.58,0,0,1,-19.46763924050183
22,T_8,C_8_4,0.52,0.64,0,0,1,-31.106696755136056
25,T_10,C_10_4,0.52,0.0,0,0,0,-34.974566759978885
26,T_9,C_9_17,0.67,0.5,0,0,0,-18.967861076026495
13,T_9,C_9_1,0.5,0.44,0,0,1,-18.059722974916742
25,T_10,C_10_1,0.51,0.0,0,0,0,-8.713611533646429
25,T_10,C_10_5,0.43,0.0,1,1,,16.960161029202357
9,T_10,C_10_1,0.58,0.0,1,1,1,22.173568163273686
37,T_9,C_9_17,0.62,0.52,1,1,1,9.933715764749733
27,T_9,C_9_12,0.6,0.45,1,1,,8.569719065792022
13,T_10,C_10_4,0.44,0.0,0,0,0,-4.022418526345552
26,T_9,C_9_12,0.59,0.5,1,1,,15.977022652653618
13,T_10,C_10_1,0.42,0.0,1,1,,17.046390362905324
23,T_8,C_8_1,0.37,0.59,1,1,,15.333683180584863
18,T_8,C_8_2,0.53,0.71,1,1,0,16.796543831290787
37,T_10,C_10_1,0.52,0.0,1,1,1,6.806365807963639
21,T_9,C_9_17,0.6,0.48,1,1,1,19.775672130861082
27,T_10,C_10_2,0.45,0.0,1,1,1,27.324402391813855
26,T_10,C_10_4,0.5,0.0,0,0,1,-21.31659275907421
21,T_10,C_10_4,0.48,0.0,0,0,1,-16.13099671781684
22,T_9,C_9_17,0.64,0.55,0,0,1,-46.29853290413284
23,T_9,C_9_12,0.59,0.43,0,0,1,-17.12539973080788
18,T_8,C_8_4,0.52,0.71,0,0,0,-28.50592951798792
23,T_10,C_10_1,0.43,0.0,1,1,1,3.8844570926186286
22,T_10,C_10_4,0.55,0.0,0,0,0,-35.63771015102513
22,T_10,C_10_1,0.54,0.0,0,0,1,-9.620277971974847
18,T_8,C_8_6,0.51,0.71,1,1,,10.939544637677189
18,T_9,C_9_17,0.71,0.54,1,1,1,11.47641240123599
18,T_10,C_10_4,0.54,0.0,0,0,0,-19.64808686059968
18,T_10,C_10_1,0.53,0.0,1,1,,10.985879406804278
