student_number,topic,arm_pulled,pay-off,pay-off_next_topic,actual_decision,skip_decision,reward,confidence_score
1,T_1,C_1_13,0.58,0.62,0,0,1,-10.0
4,T_1,C_1_12,0.59,0.62,0,0,0,-10.0
0,T_1,C_1_3,0.56,0.61,0,0,1,-10.0
2,T_1,C_1_12,0.53,0.56,0,0,1,-10.0
16,T_1,C_1_13,0.58,0.6,0,0,1,-15.289152502572131
13,T_1,C_1_3,0.5,0.55,0,0,1,-13.55578686244073
8,T_1,C_1_13,0.59,0.62,0,0,0,-7.63546813734113
35,T_1,C_1_13,0.57,0.63,0,0,0,-11.099611563635953
6,T_1,C_1_13,0.64,0.64,0,0,1,-4.63746016921364
7,T_1,C_1_13,0.57,0.59,0,0,1,-9.380488057659857
5,T_1,C_1_13,0.64,0.69,0,0,0,-11.519930288735555
15,T_1,C_1_12,0.71,0.75,0,0,0,-8.613555786743524
31,T_1,C_1_3,0.6,0.63,0,0,1,-5.789850607460655
42,T_1,C_1_3,0.57,0.62,0,0,0,-6.764950209054279
44,T_1,C_1_12,0.62,0.64,0,0,0,-11.23482593005089
3,T_1,C_1_13,0.56,0.56,0,0,0,-7.931343342986212
11,T_1,C_1_3,0.65,0.67,0,0,1,-13.585074686269795
48,T_1,C_1_13,0.61,0.64,0,0,1,-12.946268716120544
37,T_1,C_1_13,0.53,0.57,0,0,1,-14.274626925075763
33,T_1,C_1_13,0.6,0.63,0,0,1,-7.344278666369297
22,T_1,C_1_13,0.55,0.6,0,0,1,-5.913432895225018
38,T_1,C_1_13,0.55,0.58,0,0,1,-15.114304283808938
32,T_1,C_1_3,0.54,0.57,0,0,1,-10.60834006909721
18,T_1,C_1_13,0.58,0.61,0,0,1,-6.357843051204565
12,T_1,C_1_3,0.54,0.56,0,0,1,-10.179910645637964
30,T_1,C_1_3,0.61,0.62,0,0,0,-0.6361730710852811
27,T_1,C_1_3,0.56,0.57,1,1,0,24.604786336323297
20,T_1,C_1_3,0.64,0.68,0,0,0,-4.202773468699597
39,T_1,C_1_12,0.63,0.7,1,1,1,40.20855992122894
43,T_1,C_1_13,0.57,0.58,1,1,0,32.47767610792209
21,T_1,C_1_12,0.5,0.53,1,1,0,29.7120355915368
17,T_1,C_1_12,0.67,0.66,0,0,1,-6.212713826552477
26,T_1,C_1_13,0.54,0.58,1,1,0,23.980158729570565
34,T_1,C_1_3,0.59,0.63,1,1,1,35.769632413781096
14,T_1,C_1_13,0.58,0.62,1,1,1,36.50448842172547
49,T_1,C_1_12,0.64,0.64,1,1,1,37.688452656211055
19,T_1,C_1_3,0.55,0.55,1,1,0,36.9920240847825
47,T_1,C_1_13,0.63,0.65,1,1,1,39.86603202129042
28,T_1,C_1_13,0.57,0.59,1,1,1,26.834285989544398
25,T_1,C_1_12,0.55,0.58,0,0,0,-13.660157864971314
10,T_1,C_1_12,0.54,0.6,0,0,1,-13.32319057062047
41,T_1,C_1_13,0.56,0.57,0,0,0,-9.276609797577857
46,T_1,C_1_13,0.61,0.63,0,0,0,-5.116054792622458
36,T_1,C_1_12,0.52,0.6,0,0,0,-10.010960051235527
40,T_1,C_1_12,0.6,0.62,0,0,1,-0.7347224274731587
9,T_1,C_1_13,0.62,0.63,0,0,1,-11.609969952225631
29,T_1,C_1_13,0.52,0.57,0,0,1,-8.396108566087014
45,T_1,C_1_12,0.61,0.67,0,0,1,-13.261455100740482
23,T_1,C_1_13,0.49,0.53,0,0,0,-9.48094605730872
24,T_1,C_1_12,0.55,0.6,1,1,1,0.8152039920496179
4,T_1,C_1_13,0.58,0.62,0,0,1,-21.41380502749825
8,T_1,C_1_3,0.55,0.62,0,0,0,-3.884322229594418
35,T_1,C_1_12,0.56,0.63,0,0,0,-24.183407001466982
5,T_1,C_1_12,0.62,0.69,1,1,,24.950902288646606
42,T_1,C_1_12,0.56,0.62,1,1,,36.56248823356587
15,T_1,C_1_15,0.67,0.75,1,1,,32.801804472882125
3,T_1,C_1_3,0.52,0.56,1,1,,24.847388518466158
44,T_1,C_1_7,0.6,0.64,1,1,,27.313675318086297
1,T_2,C_2_6,0.62,0.69,1,1,1,32.83029450137213
0,T_2,C_2_6,0.61,0.67,1,1,1,20.933808271552586
30,T_1,C_1_12,0.55,0.62,1,1,,38.66030399804829
2,T_2,C_2_2,0.56,0.62,0,0,1,-19.816334538995044
27,T_1,C_1_11,0.48,0.57,1,1,,9.615354265559022
43,T_1,C_1_6,0.55,0.58,0,0,0,-16.849877710123756
13,T_2,C_2_14,0.55,0.58,1,1,0,8.382349778027884
16,T_2,C_2_14,0.6,0.66,0,0,1,-33.69964523130714
21,T_1,C_1_3,0.5,0.53,0,0,0,-12.262145231307153
20,T_1,C_1_12,0.61,0.68,1,1,,47.813595322289345
6,T_2,C_2_5,0.64,0.63,1,1,1,20.66373025852327
31,T_2,C_2_6,0.63,0.68,1,1,1,27.64671702600909
11,T_2,C_2_2,0.67,0.73,0,0,1,-8.179902765462336
26,T_1,C_1_6,0.51,0.58,1,1,,23.35688345150988
7,T_2,C_2_5,0.59,0.64,1,1,1,18.468204206226865
25,T_1,C_1_13,0.53,0.58,0,0,1,-38.34695327780605
33,T_2,C_2_5,0.63,0.64,0,0,1,-32.265967063446084
37,T_2,C_2_6,0.57,0.62,0,0,1,-3.7161550333709106
48,T_2,C_2_14,0.64,0.68,0,0,1,-53.05262119878441
41,T_1,C_1_3,0.55,0.57,0,0,0,-8.846794131115264
19,T_1,C_1_9,0.49,0.55,1,1,,14.070266125159208
38,T_2,C_2_6,0.58,0.61,0,0,0,-30.652738569676448
22,T_2,C_2_5,0.6,0.63,0,0,1,-3.2537490183333095
18,T_2,C_2_14,0.61,0.63,0,0,1,-18.311767540247853
46,T_1,C_1_12,0.59,0.63,0,0,0,-34.34819289512933
12,T_2,C_2_14,0.56,0.61,0,0,1,-13.975184460265222
36,T_1,C_1_3,0.52,0.6,0,0,0,-12.855523820507294
32,T_2,C_2_14,0.57,0.59,0,0,1,-9.65702194784811
23,T_1,C_1_6,0.44,0.53,1,1,,22.847303322632598
8,T_1,C_1_6,0.55,0.62,1,1,,0.7200334983872437
39,T_2,C_2_5,0.7,0.7,1,1,1,11.975966978964122
35,T_1,C_1_3,0.52,0.63,0,0,0,-33.96810840791233
17,T_2,C_2_5,0.66,0.76,0,0,1,-22.262718073339855
49,T_2,C_2_5,0.64,0.74,0,0,1,-30.13353591720601
34,T_2,C_2_14,0.63,0.7,0,0,0,-29.579632571481106
14,T_2,C_2_6,0.62,0.65,0,0,1,-25.236608613288
10,T_2,C_2_5,0.6,0.66,0,0,1,-20.552669779190953
1,T_3,C_3_5,0.69,0.52,0,0,1,-21.91403761652922
28,T_2,C_2_6,0.59,0.6,0,0,1,-21.912189187693738
13,T_2,C_2_5,0.5,0.58,0,0,0,-5.067457209874899
2,T_3,C_3_5,0.62,0.46,0,0,1,-22.39370489933883
0,T_3,C_3_5,0.67,0.52,0,0,1,-31.203245045062594
47,T_2,C_2_5,0.65,0.7,0,0,1,-32.024206703432654
40,T_2,C_2_14,0.62,0.66,0,0,0,-37.93766428501308
24,T_2,C_2_14,0.6,0.66,0,0,1,-16.810226308039514
16,T_3,C_3_5,0.66,0.51,0,0,1,-2.0428996755516238
9,T_2,C_2_6,0.63,0.69,0,0,1,-0.36858774894613155
6,T_3,C_3_5,0.63,0.54,0,0,1,-30.22704266363597
4,T_2,C_2_5,0.62,0.65,0,0,1,-32.38485370528134
31,T_3,C_3_5,0.68,0.56,0,0,1,-26.72580434513509
11,T_3,C_3_5,0.73,0.59,0,0,1,-24.230374729047334
29,T_2,C_2_14,0.57,0.61,0,0,0,-20.308071255555575
5,T_2,C_2_6,0.69,0.72,0,0,1,-36.91684639266706
43,T_1,C_1_3,0.55,0.58,0,0,1,-17.413825348031757
38,T_2,C_2_5,0.53,0.61,0,0,1,-23.595560507849108
21,T_1,C_1_13,0.5,0.53,0,0,0,-25.843291568076424
45,T_2,C_2_14,0.67,0.72,0,0,1,-35.460992298003404
7,T_3,C_3_5,0.64,0.55,0,0,1,-26.440006896543565
48,T_3,C_3_5,0.68,0.55,0,0,1,-6.80370233483214
33,T_3,C_3_5,0.64,0.53,1,1,1,8.20085139922977
42,T_2,C_2_6,0.62,0.67,0,0,1,-27.16960637591424
15,T_2,C_2_5,0.75,0.79,0,0,1,-59.94974344139189
37,T_3,C_3_5,0.62,0.5,1,1,1,11.346852954229293
3,T_2,C_2_14,0.56,0.59,0,0,1,-0.8800072998541832
44,T_2,C_2_6,0.64,0.71,0,0,1,-49.679988672999514
22,T_3,C_3_5,0.63,0.56,0,0,0,-31.032445883194093
18,T_3,C_3_5,0.63,0.58,0,0,1,-49.46834394907976
12,T_3,C_3_5,0.61,0.49,0,0,1,-37.00179783696404
32,T_3,C_3_5,0.59,0.52,0,0,1,-36.54346259956514
41,T_1,C_1_6,0.51,0.57,0,0,0,-30.95963988876118
34,T_2,C_2_5,0.6,0.7,0,0,1,-47.74024193453834
46,T_1,C_1_15,0.53,0.63,0,0,1,-7.799903656106187
30,T_2,C_2_14,0.62,0.66,1,1,1,21.733369725188766
39,T_3,C_3_5,0.7,0.61,0,0,0,-12.21346283571666
13,T_2,C_2_6,0.49,0.58,0,0,1,-9.206068768859053
36,T_1,C_1_13,0.51,0.6,0,0,1,-25.798893880966673
27,T_2,C_2_16,0.57,0.64,0,0,0,-5.61683110069762
17,T_3,C_3_5,0.76,0.6,0,0,0,-48.82938715450925
49,T_3,C_3_5,0.74,0.61,0,0,1,-53.71458894823124
14,T_3,C_3_5,0.65,0.57,0,0,1,-15.654365142933946
35,T_1,C_1_6,0.51,0.63,0,0,0,-29.274620010383316
10,T_3,C_3_5,0.66,0.53,1,1,1,3.73969125974188
40,T_2,C_2_5,0.62,0.66,0,0,1,-10.001811423621264
28,T_3,C_3_5,0.6,0.5,1,1,1,12.05164255714037
26,T_2,C_2_6,0.58,0.63,1,1,0,11.844769895593815
1,T_4,C_4_1,0.52,0.58,1,1,0,8.204520563447776
20,T_2,C_2_14,0.68,0.7,1,1,1,18.459195541185977
47,T_3,C_3_5,0.7,0.6,1,1,0,0.8759372060833321
2,T_4,C_4_1,0.46,0.53,0,0,1,-0.8740627939166874
9,T_3,C_3_5,0.69,0.58,0,0,0,-4.810895534130191
0,T_4,C_4_1,0.52,0.57,0,0,0,-1.4016428650910502
22,T_3,C_3_4,0.58,0.56,0,0,0,-20.152506447534716
24,T_3,C_3_5,0.66,0.57,0,0,1,-29.19589859278832
25,T_2,C_2_6,0.58,0.64,0,0,1,-54.989124844878226
16,T_4,C_4_4,0.51,0.57,0,0,1,-64.75175998298448
4,T_3,C_3_5,0.65,0.54,0,0,0,-9.46219753521064
19,T_2,C_2_5,0.55,0.61,1,1,1,20.680154365761922
6,T_4,C_4_4,0.54,0.64,0,0,0,-11.847697093123992
29,T_2,C_2_5,0.55,0.61,0,0,1,-1.6107386492690026
39,T_3,C_3_4,0.63,0.61,0,0,0,-15.981367380839592
31,T_4,C_4_1,0.56,0.57,0,0,1,-39.657608418268005
11,T_4,C_4_1,0.59,0.62,1,1,1,3.108168130412042
5,T_3,C_3_5,0.72,0.61,1,1,1,38.18490162971511
17,T_3,C_3_4,0.67,0.6,1,1,,36.16947778903425
38,T_3,C_3_5,0.61,0.47,1,1,0,29.94803666425392
8,T_2,C_2_5,0.62,0.65,1,1,0,8.866109126300133
23,T_2,C_2_6,0.53,0.56,1,1,0,18.43715020573269
48,T_4,C_4_1,0.55,0.64,0,0,1,-28.774253303039195
7,T_4,C_4_1,0.55,0.58,0,0,1,-6.247849102353452
45,T_3,C_3_5,0.72,0.57,0,0,1,-26.937594939338553
15,T_3,C_3_5,0.79,0.72,1,1,0,37.63665246400538
33,T_4,C_4_4,0.53,0.61,1,1,1,0.2691746465434104
44,T_3,C_3_5,0.71,0.58,0,0,1,-5.249635502187994
42,T_3,C_3_5,0.67,0.54,1,1,0,7.6112568862634316
37,T_4,C_4_1,0.5,0.55,1,1,0,14.047663655347357
21,T_1,C_1_14,0.46,0.53,0,0,0,-8.335203477519762
47,T_3,C_3_1,0.61,0.6,1,1,,1.56802429907047
3,T_3,C_3_5,0.59,0.5,1,1,1,36.64332323137345
18,T_4,C_4_1,0.58,0.62,1,1,1,5.178583284535899
9,T_3,C_3_4,0.61,0.58,0,0,0,-32.00447289577374
22,T_3,C_3_1,0.56,0.56,0,0,1,-25.648511189942603
32,T_4,C_4_1,0.52,0.59,0,0,1,-43.03319352240558
12,T_4,C_4_1,0.49,0.54,0,0,1,-39.31778882266669
27,T_2,C_2_2,0.56,0.64,0,0,0,-34.37697071996873
34,T_3,C_3_5,0.7,0.57,1,1,1,18.95992277057294
4,T_3,C_3_4,0.62,0.54,0,0,1,-17.032130596799448
30,T_3,C_3_5,0.66,0.55,0,0,1,-11.9219831553424
1,T_4,C_4_4,0.52,0.58,1,1,,2.330467256344786
13,T_3,C_3_5,0.58,0.48,0,0,0,-5.128407202529678
39,T_3,C_3_10,0.62,0.61,1,1,,3.892013873550658
41,T_1,C_1_9,0.5,0.57,1,1,,11.012911973723348
26,T_2,C_2_5,0.54,0.63,1,1,,22.322929244880513
49,T_4,C_4_1,0.61,0.62,0,0,1,-3.9235316567929903
10,T_4,C_4_1,0.53,0.56,1,1,0,39.47853478414673
14,T_4,C_4_1,0.57,0.58,1,1,0,49.63701884960756
40,T_3,C_3_5,0.66,0.55,0,0,1,-13.042110365666234
0,T_4,C_4_4,0.47,0.57,0,0,0,-41.642346712108385
28,T_4,C_4_1,0.5,0.58,0,0,1,-12.203825645900318
38,T_3,C_3_1,0.51,0.47,0,0,1,-20.31990475166127
43,T_2,C_2_5,0.58,0.65,0,0,0,-33.313025989838415
20,T_3,C_3_5,0.7,0.64,0,0,1,-49.9128578804678
15,T_3,C_3_1,0.72,0.72,0,0,1,-1.486877349164489
6,T_4,C_4_1,0.53,0.64,1,1,,4.576424618329076
35,T_1,C_1_15,0.5,0.63,1,1,,2.504568330903931
24,T_4,C_4_1,0.57,0.59,0,0,0,-39.697226688304966
42,T_3,C_3_4,0.58,0.54,0,0,0,-32.09176127412904
25,T_3,C_3_5,0.64,0.49,0,0,1,-17.373838376340313
9,T_3,C_3_1,0.61,0.58,1,1,,8.152612135605077
2,T_5,C_5_3,0.53,0.54,0,0,1,-28.787120442394222
19,T_3,C_3_5,0.61,0.52,1,1,1,0.6928454570089837
29,T_3,C_3_5,0.61,0.54,1,1,0,0.022618415003407222
5,T_4,C_4_1,0.61,0.65,0,0,1,-4.27445015688871
8,T_2,C_2_14,0.61,0.65,1,1,,45.55912736927891
16,T_5,C_5_1,0.57,0.6,1,1,0,20.033214030281496
23,T_2,C_2_18,0.48,0.56,0,0,0,-5.1668457175396565
46,T_2,C_2_5,0.63,0.67,0,0,0,-25.876769381661774
36,T_2,C_2_6,0.6,0.65,0,0,0,-25.199076421526076
37,T_4,C_4_4,0.46,0.55,1,1,,21.1534291797732
17,T_4,C_4_1,0.6,0.62,1,1,1,3.9960687736818565
13,T_3,C_3_1,0.48,0.48,1,1,,7.765950330365419
31,T_5,C_5_3,0.57,0.6,1,1,1,44.29349079718743
11,T_5,C_5_11,0.62,0.62,1,1,1,50.82643498397777
45,T_4,C_4_1,0.57,0.62,0,0,0,-12.396577556173526
44,T_4,C_4_1,0.58,0.59,0,0,1,-3.9749923959711673
48,T_5,C_5_1,0.64,0.68,0,0,1,-14.539599665547293
47,T_4,C_4_1,0.6,0.64,0,0,1,-29.37862986096944
27,T_2,C_2_6,0.55,0.64,1,1,,12.130464003657941
3,T_4,C_4_1,0.5,0.55,0,0,0,-1.5964267526445397
33,T_5,C_5_1,0.61,0.62,0,0,1,-11.520921176225333
7,T_5,C_5_1,0.58,0.62,0,0,1,-2.762964727314113
21,T_1,C_1_9,0.46,0.53,0,0,0,-19.11053591659385
42,T_3,C_3_2,0.58,0.54,0,0,0,-10.341691695488333
34,T_4,C_4_1,0.57,0.59,0,0,1,-13.875419609815872
22,T_4,C_4_1,0.56,0.56,0,0,0,-1.1934504894581757
14,T_4,C_4_3,0.46,0.58,0,0,0,-22.110360486477646
18,T_5,C_5_1,0.62,0.66,1,1,1,17.978763966279182
30,T_4,C_4_1,0.55,0.58,0,0,1,-4.8098596517531345
4,T_4,C_4_1,0.54,0.58,0,0,0,-31.89166265676144
0,T_4,C_4_2,0.45,0.57,0,0,1,-5.319876346243932
29,T_3,C_3_1,0.55,0.54,0,0,1,-1.3489169630072126
10,T_4,C_4_4,0.48,0.56,0,0,0,-1.3339044525818604
39,T_4,C_4_1,0.61,0.64,0,0,1,-35.168127142714056
32,T_5,C_5_3,0.59,0.57,0,0,1,-28.090820409547003
12,T_5,C_5_10,0.54,0.53,0,0,1,-21.485974461465094
43,T_2,C_2_6,0.58,0.65,0,0,1,-19.326770481365596
26,T_3,C_3_5,0.63,0.53,1,1,1,24.560376094664193
40,T_4,C_4_1,0.55,0.59,0,0,0,-46.60456030945718
1,T_5,C_5_11,0.58,0.6,0,0,1,-15.51109463534637
24,T_4,C_4_3,0.47,0.59,0,0,1,-24.08925840705853
16,T_5,C_5_11,0.55,0.6,0,0,1,-37.5470403309111
49,T_5,C_5_5,0.62,0.66,0,0,0,-38.075948147496575
20,T_4,C_4_1,0.64,0.66,1,1,1,6.0953564046438125
38,T_4,C_4_1,0.47,0.56,0,0,1,-19.27498955911238
15,T_4,C_4_1,0.72,0.7,0,0,1,-61.40782514280158
42,T_3,C_3_9,0.56,0.54,0,0,0,-30.569317439264005
28,T_5,C_5_1,0.58,0.6,0,0,1,-20.712995600183557
9,T_4,C_4_1,0.58,0.62,1,1,0,4.311770880744627
25,T_4,C_4_1,0.49,0.53,0,0,0,-12.880032397943879
36,T_2,C_2_16,0.58,0.65,0,0,1,-23.627803641616826
23,T_2,C_2_14,0.48,0.56,0,0,1,-10.464003477816668
6,T_5,C_5_1,0.64,0.64,0,0,0,-31.220760234573373
19,T_4,C_4_1,0.52,0.54,0,0,1,-6.23702698488273
46,T_2,C_2_6,0.62,0.67,0,0,1,-23.478941704529188
8,T_3,C_3_5,0.65,0.57,0,0,0,-12.430835288345932
45,T_4,C_4_4,0.53,0.62,0,0,0,-51.298421931486004
2,T_6,C_6_5,0.54,0.55,0,0,1,-4.027727530584812
3,T_4,C_4_4,0.45,0.55,1,1,,3.2739157897036364
13,T_4,C_4_1,0.48,0.53,1,1,0,9.585332137319451
5,T_5,C_5_1,0.65,0.71,1,1,1,3.8023674032034016
41,T_2,C_2_6,0.57,0.61,1,1,0,5.659741795423795
14,T_4,C_4_2,0.46,0.58,0,0,1,-8.978003202902954
22,T_4,C_4_4,0.45,0.56,0,0,1,-37.89634826271457
27,T_3,C_3_5,0.64,0.5,0,0,1,-8.167933894747428
4,T_4,C_4_4,0.5,0.58,0,0,1,-14.400379415328455
37,T_5,C_5_11,0.55,0.55,1,1,0,27.645324230714657
17,T_5,C_5_10,0.62,0.67,0,0,0,-3.1428408176039717
42,T_3,C_3_1,0.55,0.54,0,0,1,-17.227518236958833
10,T_4,C_4_5,0.46,0.56,1,1,,27.227674999756136
31,T_6,C_6_2,0.6,0.64,0,0,1,-18.819170264480412
35,T_2,C_2_6,0.63,0.66,0,0,1,-18.977712764861963
47,T_5,C_5_1,0.64,0.68,1,1,1,5.839811350893658
11,T_6,C_6_2,0.62,0.64,0,0,1,-24.60311469412241
44,T_5,C_5_3,0.59,0.64,0,0,1,-25.49021744596577
21,T_1,C_1_11,0.45,0.53,0,0,0,-11.845237526287102
48,T_6,C_6_2,0.68,0.69,0,0,0,-20.165623403664938
49,T_5,C_5_10,0.61,0.66,0,0,1,-9.070920353905736
40,T_4,C_4_4,0.52,0.59,1,1,,22.297182997830248
8,T_3,C_3_4,0.62,0.57,1,1,,21.739418422095813
29,T_4,C_4_1,0.54,0.57,0,0,0,-3.392687262451794
34,T_5,C_5_10,0.59,0.62,0,0,1,-7.635599672379714
33,T_6,C_6_2,0.62,0.63,0,0,0,-12.05799967237972
30,T_5,C_5_3,0.58,0.6,0,0,1,-9.674799672379743
7,T_6,C_6_2,0.62,0.64,0,0,1,-2.0723683374476742
43,T_3,C_3_5,0.65,0.52,1,1,1,7.1226756273804455
6,T_5,C_5_11,0.55,0.64,0,0,0,-42.637033538194416
26,T_4,C_4_1,0.53,0.56,0,0,1,-35.91419008771522
18,T_6,C_6_2,0.66,0.71,0,0,1,-70.8912335167932
9,T_4,C_4_4,0.5,0.62,0,0,1,-17.62281055791108
0,T_5,C_5_11,0.57,0.59,0,0,1,-25.378189043966856
25,T_4,C_4_3,0.44,0.53,0,0,0,-28.486555577831368
39,T_5,C_5_1,0.64,0.71,0,0,1,-31.940946739855303
12,T_6,C_6_2,0.53,0.56,0,0,1,-18.31007959586171
32,T_6,C_6_2,0.57,0.62,0,0,0,-2.2335580370995025
45,T_4,C_4_3,0.5,0.62,0,0,1,-35.87920003474821
1,T_6,C_6_2,0.6,0.59,0,0,0,-21.130099623692296
13,T_4,C_4_4,0.45,0.53,0,0,1,-3.131685666515464
23,T_3,C_3_5,0.56,0.44,0,0,0,-6.53889776266838
24,T_5,C_5_5,0.59,0.59,0,0,1,-25.94698017154314
38,T_5,C_5_1,0.56,0.58,0,0,0,-8.442693846000742
37,T_5,C_5_1,0.55,0.55,1,1,,18.67550974801389
36,T_3,C_3_5,0.65,0.49,0,0,1,-5.186040884897491
17,T_5,C_5_1,0.61,0.67,0,0,0,-0.4700598722392222
46,T_3,C_3_5,0.67,0.53,1,1,1,12.857471773330385
16,T_6,C_6_2,0.6,0.59,0,0,0,-17.028677974005358
41,T_2,C_2_14,0.57,0.61,0,0,0,-22.69797303157812
20,T_5,C_5_3,0.66,0.68,0,0,1,-30.228989690816874
15,T_5,C_5_1,0.7,0.8,1,1,1,3.4520204689502805
2,T_7,C_7_8,0.55,0.58,0,0,1,-44.99412039464748
28,T_6,C_6_2,0.6,0.6,0,0,1,-16.396973873525216
19,T_5,C_5_3,0.54,0.56,0,0,1,-1.0578417337254322
27,T_4,C_4_1,0.5,0.54,0,0,0,-40.0776882006141
3,T_5,C_5_1,0.55,0.56,1,1,1,1.2483896160925756
48,T_6,C_6_5,0.65,0.69,1,1,,37.23069026264434
42,T_4,C_4_1,0.54,0.58,1,1,0,28.332252762644288
14,T_5,C_5_1,0.58,0.65,1,1,1,38.38147151264432
5,T_6,C_6_2,0.71,0.73,1,1,0,29.84397151264433
35,T_3,C_3_5,0.66,0.5,0,0,0,-2.517618553710097
4,T_5,C_5_1,0.58,0.61,0,0,0,-13.399554346364276
22,T_5,C_5_1,0.56,0.59,1,1,0,6.026197991601384
29,T_4,C_4_4,0.43,0.57,1,1,,13.776782559021491
6,T_5,C_5_10,0.53,0.64,1,1,,19.293187475458108
31,T_7,C_7_8,0.64,0.59,0,0,1,-9.877034129848006
10,T_5,C_5_11,0.56,0.6,0,0,1,-28.952622529697702
11,T_7,C_7_8,0.64,0.63,0,0,0,-47.51050908758425
23,T_3,C_3_1,0.5,0.44,1,1,,0.9774474003721814
33,T_6,C_6_5,0.54,0.63,0,0,0,-27.805865301418716
8,T_4,C_4_1,0.57,0.6,1,1,1,20.213433808585137
21,T_1,C_1_15,0.41,0.53,0,0,0,-3.681625468574424
47,T_6,C_6_2,0.68,0.68,1,1,0,10.14409103026368
49,T_6,C_6_2,0.66,0.67,1,1,0,6.19251883339483
25,T_4,C_4_4,0.41,0.53,1,1,,11.207986737493824
44,T_6,C_6_2,0.64,0.66,1,1,0,2.088673493310136
40,T_5,C_5_1,0.59,0.61,1,1,0,3.4171124423054984
43,T_4,C_4_4,0.52,0.55,1,1,0,46.95146512777225
38,T_5,C_5_11,0.53,0.58,1,1,,51.504705868512985
32,T_6,C_6_4,0.54,0.62,1,1,,35.38896512777229
17,T_5,C_5_11,0.61,0.67,1,1,,54.780940436414255
7,T_7,C_7_8,0.64,0.53,0,0,1,-21.484232651515295
34,T_6,C_6_2,0.62,0.63,1,1,1,13.42693642366523
1,T_6,C_6_5,0.58,0.59,1,1,,29.614003398261033
18,T_7,C_7_8,0.71,0.54,1,1,1,10.131856184427956
30,T_6,C_6_4,0.6,0.63,0,0,1,-19.595514477193312
12,T_7,C_7_8,0.56,0.5,1,1,1,10.898903145549923
9,T_5,C_5_1,0.62,0.68,1,1,1,13.352408762388293
26,T_5,C_5_11,0.56,0.59,1,1,1,13.030075684874834
0,T_6,C_6_2,0.59,0.58,1,1,1,6.448623726440106
35,T_3,C_3_9,0.55,0.5,1,1,,10.010740290857298
16,T_6,C_6_5,0.6,0.59,1,1,,14.04430809284587
41,T_2,C_2_5,0.57,0.61,1,1,,4.635251748123888
36,T_4,C_4_1,0.49,0.54,1,1,0,26.033248282276745
39,T_6,C_6_2,0.71,0.73,0,0,1,-5.477845826368959
13,T_5,C_5_1,0.53,0.51,1,1,0,17.922307195819197
27,T_4,C_4_5,0.42,0.54,1,1,,20.094457157563646
45,T_5,C_5_5,0.62,0.67,1,1,1,21.416568863761107
46,T_4,C_4_1,0.53,0.58,1,1,1,2.7470967903104313
4,T_5,C_5_3,0.57,0.61,0,0,1,-31.289547227200515
22,T_5,C_5_11,0.53,0.59,0,0,1,-30.170281172154688
42,T_4,C_4_4,0.5,0.58,0,0,0,-20.538240115531867
11,T_7,C_7_6,0.64,0.63,0,0,0,-28.101265325615884
24,T_6,C_6_2,0.59,0.63,0,0,1,-18.372812862048935
37,T_6,C_6_2,0.55,0.55,0,0,0,-11.506646367152584
5,T_6,C_6_5,0.65,0.73,0,0,0,-29.308720979717876
28,T_7,C_7_8,0.6,0.52,0,0,1,-17.332720562394353
20,T_6,C_6_2,0.68,0.72,0,0,1,-32.897739573801154
15,T_6,C_6_2,0.8,0.82,0,0,1,-46.59964071448554
48,T_7,C_7_8,0.69,0.59,1,1,0,7.29684188632115
40,T_5,C_5_10,0.57,0.61,0,0,0,-0.6174625078286091
19,T_6,C_6_4,0.56,0.55,1,1,1,2.822598190198647
3,T_6,C_6_2,0.56,0.59,0,0,1,-29.075091235160343
33,T_6,C_6_4,0.54,0.63,0,0,1,-35.46402224349998
2,T_8,C_8_4,0.58,0.66,0,0,1,-17.740096782110243
47,T_6,C_6_5,0.61,0.68,0,0,1,-35.17131550995707
49,T_6,C_6_5,0.64,0.67,0,0,1,-40.731829882120444
14,T_6,C_6_2,0.65,0.68,0,0,1,-3.456757641087542
43,T_4,C_4_1,0.5,0.55,0,0,0,-0.5036208308079075
44,T_6,C_6_5,0.61,0.66,0,0,1,-2.5142028413898743
23,T_4,C_4_1,0.44,0.5,1,1,0,2.579022104773008
29,T_5,C_5_1,0.57,0.6,0,0,0,-29.54022317824582
6,T_6,C_6_2,0.64,0.66,1,1,1,0.2906519178013198
10,T_6,C_6_2,0.6,0.6,1,1,0,5.24693119700528
31,T_8,C_8_4,0.59,0.68,1,1,0,50.53859814569705
21,T_1,C_1_6,0.4,0.53,1,1,,30.03184138894028
8,T_5,C_5_1,0.6,0.6,1,1,0,8.381596057337072
25,T_5,C_5_1,0.53,0.58,0,0,0,-2.2673009870139165
13,T_5,C_5_11,0.52,0.51,0,0,0,-35.397504597783445
11,T_7,C_7_2,0.63,0.63,0,0,1,-47.32040878940016
32,T_7,C_7_8,0.62,0.51,0,0,1,-48.052091987604186
38,T_6,C_6_2,0.58,0.57,1,1,1,2.580096254075145
34,T_7,C_7_8,0.63,0.64,0,0,0,-21.181453671409166
36,T_4,C_4_4,0.45,0.54,1,1,,12.127041112495412
1,T_7,C_7_8,0.59,0.56,1,1,0,35.50835704885694
17,T_6,C_6_2,0.67,0.68,1,1,0,23.62278346504013
30,T_7,C_7_8,0.63,0.66,1,1,1,10.104248579906141
35,T_4,C_4_1,0.5,0.57,1,1,0,25.633966261926957
48,T_7,C_7_6,0.65,0.59,1,1,,15.51360964974273
41,T_3,C_3_5,0.61,0.53,1,1,1,9.514709468330459
42,T_4,C_4_5,0.46,0.58,0,0,0,-17.181468221590755
7,T_8,C_8_4,0.53,0.63,0,0,0,-23.217405387476106
16,T_7,C_7_8,0.59,0.59,0,0,0,-14.947975335662617
0,T_7,C_7_6,0.58,0.55,0,0,0,-47.35757933270186
40,T_5,C_5_3,0.56,0.61,0,0,1,-20.526663922283596
9,T_6,C_6_2,0.68,0.68,1,1,0,23.428128262270413
26,T_6,C_6_2,0.59,0.58,1,1,0,22.758179443136697
18,T_8,C_8_2,0.54,0.7,1,1,0,8.686592727269598
37,T_6,C_6_5,0.5,0.55,1,1,,1.6843514924677976
39,T_7,C_7_8,0.73,0.63,0,0,0,-39.924793050305
12,T_8,C_8_4,0.5,0.56,0,0,1,-9.284675056204728
5,T_6,C_6_4,0.63,0.73,1,1,,21.16894139340759
27,T_5,C_5_11,0.54,0.55,1,1,0,31.01309589232222
29,T_5,C_5_5,0.56,0.6,0,0,1,-24.289273448664325
46,T_5,C_5_1,0.58,0.62,0,0,1,-14.60255297911185
45,T_6,C_6_5,0.67,0.66,0,0,0,-10.408862590263704
24,T_7,C_7_8,0.63,0.6,1,1,1,10.245165863788403
22,T_6,C_6_2,0.59,0.63,1,1,0,8.719094180469273
43,T_4,C_4_3,0.47,0.55,1,1,,20.399182028199863
4,T_6,C_6_2,0.61,0.66,1,1,1,2.435053184861701
8,T_5,C_5_11,0.59,0.6,1,1,,10.017776464510247
34,T_7,C_7_3,0.61,0.64,1,1,,12.258625659239431
23,T_4,C_4_4,0.37,0.5,1,1,,43.32890384371959
1,T_7,C_7_6,0.58,0.56,1,1,,77.96482362616743
13,T_5,C_5_5,0.52,0.51,1,1,,37.54273145352659
25,T_5,C_5_10,0.53,0.58,1,1,,40.74624300612186
15,T_7,C_7_8,0.82,0.68,1,1,1,24.754283941794405
19,T_7,C_7_8,0.55,0.58,1,1,1,7.581038327759254
20,T_7,C_7_8,0.72,0.68,1,1,0,4.442880433022456
10,T_6,C_6_4,0.57,0.6,1,1,,30.640976644454334
3,T_7,C_7_8,0.59,0.51,0,0,1,-11.37289516778006
16,T_7,C_7_3,0.57,0.59,1,1,,13.603873412344871
33,T_7,C_7_8,0.63,0.57,0,0,1,-2.02440647103705
0,T_7,C_7_8,0.57,0.55,1,1,,42.34219675166189
28,T_8,C_8_2,0.52,0.6,1,1,1,42.41861596563566
14,T_7,C_7_8,0.68,0.54,1,1,1,34.54307011410732
49,T_7,C_7_8,0.67,0.64,1,1,0,39.41352135137078
44,T_7,C_7_8,0.66,0.62,1,1,0,2.010755174316408
47,T_7,C_7_8,0.68,0.59,1,1,1,2.260936992498193
2,T_9,C_9_1,0.66,0.45,1,1,1,3.2391188106800266
6,T_7,C_7_8,0.66,0.55,0,0,0,-1.6321539165927117
17,T_6,C_6_5,0.66,0.68,1,1,,13.367846083407295
31,T_8,C_8_3,0.56,0.68,0,0,1,-0.40524482568360654
35,T_4,C_4_3,0.44,0.57,1,1,,22.89002790158911
39,T_7,C_7_6,0.65,0.63,0,0,0,-18.59579028022905
42,T_4,C_4_3,0.43,0.58,1,1,,5.781664265225462
38,T_7,C_7_8,0.57,0.49,1,1,0,33.09093144398098
27,T_5,C_5_5,0.53,0.55,1,1,,4.26575146689192
9,T_6,C_6_5,0.61,0.68,0,0,0,-6.559135980767253
41,T_4,C_4_1,0.53,0.58,0,0,0,-28.46934597352614
36,T_5,C_5_1,0.54,0.57,1,1,1,12.400093630108447
26,T_6,C_6_4,0.54,0.58,1,1,,30.678000308741883
11,T_8,C_8_4,0.63,0.72,0,0,0,-5.835610634268458
7,T_8,C_8_2,0.52,0.63,0,0,0,-25.661603414051864
32,T_8,C_8_2,0.51,0.64,0,0,1,-26.509978865315382
20,T_7,C_7_6,0.69,0.68,0,0,1,-1.5807625761056734
45,T_6,C_6_2,0.66,0.66,1,1,,29.83536413375753
48,T_8,C_8_4,0.59,0.72,1,1,1,24.086624032965606
18,T_8,C_8_4,0.51,0.7,1,1,,11.791821602771527
30,T_8,C_8_4,0.66,0.65,0,0,1,-4.650624440393976
37,T_7,C_7_6,0.55,0.5,1,1,0,28.95800865313118
22,T_6,C_6_4,0.55,0.63,1,1,,8.120735639047874
2,T_10,C_10_5,0.45,0.0,1,1,1,13.876307170320356
5,T_7,C_7_8,0.73,0.57,1,1,1,20.485815028720413
40,T_6,C_6_2,0.61,0.64,0,0,0,-26.039794855676927
44,T_7,C_7_6,0.65,0.62,0,0,0,-12.831611079653953
21,T_2,C_2_6,0.53,0.6,0,0,1,-20.615530677643935
49,T_7,C_7_6,0.63,0.64,1,1,,34.087301478628326
6,T_7,C_7_6,0.61,0.55,0,0,0,-10.073404991863605
29,T_6,C_6_2,0.6,0.62,0,0,0,-7.284571777833558
12,T_9,C_9_1,0.56,0.44,0,0,0,-10.2341945644507
46,T_6,C_6_2,0.62,0.64,0,0,1,-7.771390558728229
4,T_7,C_7_8,0.66,0.6,0,0,0,-27.35078970035911
39,T_7,C_7_13,0.65,0.63,0,0,1,-19.51484004901403
38,T_7,C_7_4,0.54,0.49,1,1,,16.439915388543348
43,T_5,C_5_1,0.55,0.55,0,0,0,-1.4372274685994975
24,T_8,C_8_4,0.6,0.65,1,1,0,24.008960269113558
8,T_6,C_6_2,0.6,0.6,0,0,1,-0.000818096714646277
23,T_5,C_5_1,0.5,0.5,1,1,1,26.3529185580896
13,T_6,C_6_2,0.51,0.53,1,1,0,23.783417758895176
25,T_6,C_6_2,0.58,0.6,1,1,1,47.7777319024631
34,T_8,C_8_4,0.64,0.65,1,1,1,28.097561326770133
10,T_7,C_7_8,0.6,0.58,1,1,0,2.0438604506377356
1,T_8,C_8_4,0.56,0.61,1,1,0,22.92574606488602
41,T_4,C_4_4,0.46,0.58,0,0,1,-12.479177913647648
19,T_8,C_8_4,0.58,0.58,0,0,1,-18.92818641223125
37,T_7,C_7_2,0.54,0.5,1,1,,44.34647832576417
15,T_8,C_8_2,0.68,0.81,1,1,1,28.096655254285125
9,T_6,C_6_9,0.55,0.68,1,1,,36.78092028052342
28,T_9,C_9_3,0.6,0.47,1,1,0,2.8554007261124186
16,T_8,C_8_4,0.59,0.63,0,0,1,-22.694953149620158
3,T_8,C_8_4,0.51,0.58,0,0,0,-32.53134243029717
44,T_7,C_7_2,0.65,0.62,0,0,0,-30.502428466968514
33,T_8,C_8_4,0.57,0.62,0,0,0,-4.516784809612343
17,T_7,C_7_8,0.68,0.67,1,1,1,10.712249721747776
0,T_8,C_8_4,0.55,0.62,1,1,0,9.328771473824702
6,T_7,C_7_4,0.57,0.55,0,0,1,-2.383512575297602
12,T_9,C_9_3,0.56,0.44,0,0,1,-4.315250787824008
35,T_5,C_5_10,0.57,0.59,1,1,0,6.941773395339743
14,T_8,C_8_2,0.54,0.64,0,0,0,-7.285371471045611
47,T_8,C_8_4,0.59,0.68,1,1,1,2.088808788365507
4,T_7,C_7_6,0.59,0.6,0,0,0,-18.096012012758848
42,T_5,C_5_1,0.58,0.6,1,1,1,0.5905656400872143
31,T_9,C_9_1,0.68,0.51,0,0,1,-33.13493250443078
26,T_7,C_7_8,0.58,0.5,1,1,0,37.087627884744016
7,T_8,C_8_5,0.46,0.63,1,1,,23.334299223216355
27,T_6,C_6_4,0.55,0.51,1,1,1,39.68152725247988
11,T_8,C_8_3,0.6,0.72,1,1,,4.760249714172794
40,T_6,C_6_9,0.55,0.64,0,0,0,-7.0114861077379524
43,T_5,C_5_11,0.55,0.55,1,1,,3.9685271750685764
45,T_7,C_7_8,0.66,0.65,1,1,1,3.312102594063024
36,T_6,C_6_5,0.57,0.57,1,1,0,9.896796189169546
10,T_7,C_7_3,0.55,0.58,0,0,0,-1.6956671744033631
29,T_6,C_6_4,0.55,0.62,1,1,,25.3990843538785
32,T_9,C_9_3,0.64,0.49,1,1,1,22.497647195337787
22,T_7,C_7_8,0.63,0.53,1,1,1,25.859067808151135
21,T_3,C_3_5,0.6,0.49,0,0,0,-16.397398537304795
18,T_9,C_9_3,0.7,0.53,0,0,0,-10.476620219028183
48,T_9,C_9_3,0.72,0.57,0,0,1,-12.266057328131728
20,T_8,C_8_4,0.68,0.74,0,0,1,-49.06226997580374
28,T_9,C_9_1,0.53,0.47,0,0,1,-22.159492198025994
12,T_10,C_10_5,0.44,0.0,0,0,0,-26.48240886469265
44,T_7,C_7_13,0.57,0.62,1,1,,12.912265454838579
30,T_9,C_9_17,0.65,0.48,0,0,1,-25.0773251072711
13,T_6,C_6_4,0.5,0.53,0,0,0,-4.253591588881123
46,T_7,C_7_8,0.64,0.57,1,1,1,1.3150774720542406
5,T_8,C_8_4,0.57,0.72,0,0,0,-47.63591297049816
31,T_10,C_10_4,0.51,0.0,0,0,1,-28.018347272019593
4,T_7,C_7_3,0.57,0.6,0,0,1,-13.52402410996636
49,T_8,C_8_4,0.64,0.7,0,0,1,-2.5198775999456524
24,T_8,C_8_2,0.52,0.65,0,0,0,-8.954570067119136
8,T_7,C_7_8,0.6,0.59,0,0,1,-22.248846359387322
35,T_5,C_5_1,0.54,0.59,1,1,,4.902877778543723
26,T_7,C_7_6,0.57,0.5,1,1,,11.500370891491354
25,T_7,C_7_8,0.6,0.53,1,1,0,29.268277227579546
12,T_10,C_10_3,0.43,0.0,1,1,,8.160150505816443
1,T_8,C_8_2,0.52,0.61,1,1,,46.01628500322265
39,T_8,C_8_2,0.63,0.71,1,1,1,28.80101677763811
32,T_10,C_10_3,0.49,0.0,1,1,0,33.297184451151594
38,T_8,C_8_2,0.49,0.59,1,1,1,41.02108555005263
23,T_6,C_6_2,0.5,0.51,1,1,1,23.375184179631688
41,T_5,C_5_1,0.58,0.59,1,1,1,3.6856808783182817
48,T_10,C_10_3,0.57,0.0,1,1,1,15.500495693133121
10,T_7,C_7_6,0.54,0.58,1,1,,9.340687737028823
34,T_9,C_9_3,0.65,0.52,1,1,1,1.5219366114531807
21,T_3,C_3_10,0.49,0.49,0,0,0,-22.368171027338043
9,T_7,C_7_8,0.68,0.56,1,1,1,13.979470858028513
28,T_10,C_10_3,0.47,0.0,0,0,1,-14.384598132060855
3,T_8,C_8_2,0.46,0.58,0,0,1,-25.665912300438656
0,T_8,C_8_2,0.53,0.62,1,1,,10.4017319961893
30,T_10,C_10_5,0.48,0.0,0,0,0,-17.05517634854394
19,T_9,C_9_1,0.58,0.43,0,0,1,-13.019608633085682
18,T_9,C_9_1,0.63,0.53,1,1,,6.683537741743373
33,T_8,C_8_2,0.54,0.62,0,0,1,-4.189923270568547
40,T_6,C_6_5,0.55,0.64,0,0,1,-2.3032110915386887
15,T_9,C_9_3,0.81,0.65,0,0,1,-0.7078590751340244
16,T_9,C_9_3,0.63,0.53,1,1,1,8.913466967244602
37,T_8,C_8_4,0.5,0.58,1,1,1,6.960630330197404
14,T_8,C_8_3,0.53,0.64,0,0,1,-15.484954155372655
32,T_10,C_10_4,0.46,0.0,0,0,1,-15.93751388233511
36,T_6,C_6_2,0.56,0.57,0,0,0,-7.16835018776684
17,T_8,C_8_4,0.67,0.72,0,0,1,-28.989252739654194
6,T_8,C_8_4,0.55,0.63,0,0,0,-37.50471610013064
42,T_6,C_6_2,0.6,0.63,0,0,0,-29.722806122711017
25,T_7,C_7_6,0.58,0.53,0,0,1,-6.70990727681827
27,T_7,C_7_8,0.51,0.54,0,0,0,-17.638547621869836
47,T_9,C_9_3,0.68,0.56,0,0,1,-40.09144156059289
30,T_10,C_10_3,0.45,0.0,0,0,1,-2.0009571504811596
13,T_6,C_6_9,0.48,0.53,0,0,0,-3.868075794548991
7,T_9,C_9_3,0.63,0.51,0,0,1,-5.53345450935306
29,T_7,C_7_8,0.62,0.52,0,0,1,-0.05101280612763581
34,T_10,C_10_3,0.52,0.0,1,1,0,1.595568101116795
11,T_9,C_9_1,0.72,0.54,1,1,1,0.7535094901922186
43,T_6,C_6_2,0.55,0.55,0,0,0,-11.530658304124447
21,T_3,C_3_2,0.48,0.49,0,0,1,-17.308397569528402
45,T_8,C_8_4,0.65,0.72,0,0,0,-24.994915779039616
19,T_10,C_10_3,0.43,0.0,0,0,1,-2.2988493382345823
18,T_10,C_10_4,0.53,0.0,0,0,0,-27.04324721316206
22,T_8,C_8_2,0.53,0.59,1,1,1,14.82914364871555
5,T_8,C_8_2,0.56,0.72,1,1,,23.26790542529699
16,T_10,C_10_3,0.53,0.0,0,0,1,-10.324017610424615
15,T_10,C_10_3,0.65,0.0,0,0,1,-14.888533739456822
24,T_8,C_8_3,0.52,0.65,0,0,0,-0.8482111588117167
20,T_9,C_9_3,0.74,0.57,0,0,1,-8.281479860473329
44,T_8,C_8_4,0.62,0.71,0,0,0,-9.313988717973228
34,T_10,C_10_5,0.52,0.0,0,0,1,-18.316435674871503
46,T_8,C_8_4,0.57,0.6,0,0,0,-22.644194872195925
35,T_6,C_6_2,0.59,0.61,1,1,1,10.870282977320281
4,T_8,C_8_4,0.6,0.65,0,0,1,-20.187279563090268
49,T_9,C_9_1,0.7,0.55,0,0,0,-17.248067806243274
47,T_10,C_10_3,0.56,0.0,0,0,1,-3.9877542841880214
8,T_8,C_8_4,0.59,0.6,1,1,1,17.581586609741247
23,T_7,C_7_6,0.51,0.43,1,1,1,37.65425327640787
18,T_10,C_10_3,0.51,0.0,1,1,,33.87558660974129
26,T_8,C_8_2,0.5,0.59,1,1,1,1.6629381531567393
7,T_10,C_10_3,0.51,0.0,0,0,1,-4.343057849508119
27,T_7,C_7_6,0.51,0.54,1,1,,4.442418499592423
11,T_10,C_10_1,0.54,0.0,0,0,0,-0.8667087489085219
1,T_9,C_9_3,0.61,0.54,0,0,0,-19.70765765913352
39,T_9,C_9_3,0.71,0.56,0,0,1,-14.343192371715254
41,T_6,C_6_2,0.59,0.61,0,0,1,-1.0874950172862512
38,T_9,C_9_3,0.59,0.48,1,1,1,10.696701529858457
36,T_6,C_6_4,0.51,0.57,1,1,,19.632145852589847
10,T_8,C_8_4,0.58,0.62,1,1,0,1.971946889285321
42,T_6,C_6_4,0.56,0.63,1,1,,9.121353093714667
40,T_7,C_7_8,0.64,0.61,1,1,1,5.229086074547484
9,T_8,C_8_2,0.56,0.66,0,0,0,-13.18584493726475
20,T_10,C_10_3,0.57,0.0,0,0,0,-23.311340313750858
0,T_9,C_9_3,0.62,0.54,0,0,1,-17.098636019965177
3,T_9,C_9_3,0.58,0.45,0,0,0,-17.10391306482005
13,T_6,C_6_5,0.47,0.53,0,0,0,-11.187686151891327
11,T_10,C_10_4,0.54,0.0,1,1,,23.941302226808894
33,T_9,C_9_3,0.62,0.48,0,0,0,-28.849962309095986
6,T_8,C_8_2,0.53,0.63,0,0,1,-26.57741458032706
43,T_6,C_6_5,0.52,0.55,0,0,0,-19.5780659829636
37,T_9,C_9_3,0.58,0.47,0,0,1,-8.833818777177957
49,T_9,C_9_3,0.68,0.55,1,1,,13.871346145615638
17,T_9,C_9_1,0.72,0.58,0,0,1,-18.627586126345705
14,T_9,C_9_1,0.64,0.55,1,1,1,8.255654748912598
21,T_4,C_4_1,0.49,0.52,1,1,1,6.86457863342703
20,T_10,C_10_4,0.55,0.0,1,1,,15.295649796531206
39,T_10,C_10_3,0.56,0.0,0,0,0,-0.5670209075536583
38,T_10,C_10_3,0.48,0.0,1,1,0,16.016463716508092
25,T_8,C_8_3,0.53,0.63,1,1,0,25.55965743378561
1,T_9,C_9_1,0.61,0.54,1,1,,18.671781585011953
45,T_8,C_8_2,0.55,0.72,0,0,1,-2.109704883567158
29,T_8,C_8_2,0.52,0.64,0,0,1,-9.448746196268136
0,T_10,C_10_3,0.54,0.0,0,0,1,-14.627480703769766
24,T_8,C_8_5,0.49,0.65,0,0,1,-3.3986946697006086
44,T_8,C_8_2,0.6,0.71,0,0,1,-9.848206070352052
39,T_10,C_10_2,0.51,0.0,1,1,,11.769320559248477
46,T_8,C_8_2,0.52,0.6,1,1,,5.895592923716406
38,T_10,C_10_1,0.44,0.0,1,1,,18.55359032293613
3,T_9,C_9_1,0.54,0.45,1,1,,8.108206707851648
5,T_9,C_9_3,0.72,0.55,1,1,1,13.244097475081826
35,T_7,C_7_8,0.61,0.53,0,0,1,-12.068617197019627
22,T_9,C_9_3,0.59,0.5,0,0,0,-16.651463200918258
33,T_9,C_9_1,0.58,0.48,0,0,1,-22.270209983700116
49,T_10,C_10_3,0.55,0.0,0,0,0,-8.08124894473908
37,T_10,C_10_3,0.47,0.0,0,0,1,-7.396833360323542
17,T_10,C_10_1,0.58,0.0,0,0,1,-7.718006739473542
14,T_10,C_10_4,0.55,0.0,0,0,1,-10.570763383637832
1,T_10,C_10_1,0.54,0.0,0,0,0,-8.97264137108301
4,T_9,C_9_1,0.65,0.48,0,0,1,-19.113094445516595
8,T_9,C_9_3,0.6,0.51,0,0,0,-23.62398554000596
41,T_7,C_7_8,0.61,0.51,1,1,1,4.904507133151579
13,T_6,C_6_8,0.42,0.53,0,0,0,-12.871452767626314
49,T_10,C_10_4,0.55,0.0,1,1,,6.213117923141957
10,T_8,C_8_2,0.56,0.62,0,0,0,-38.42606031880396
36,T_7,C_7_8,0.57,0.54,0,0,1,-28.249102684811348
23,T_8,C_8_2,0.43,0.53,0,0,1,-2.955749377666649
3,T_10,C_10_3,0.45,0.0,0,0,0,-13.943507109625358
42,T_7,C_7_8,0.63,0.59,0,0,1,-13.770182367357325
43,T_6,C_6_9,0.51,0.55,0,0,0,-22.498290087035247
5,T_10,C_10_3,0.55,0.0,0,0,1,-16.562681587357176
1,T_10,C_10_3,0.48,0.0,0,0,1,-8.001831619552974
9,T_8,C_8_4,0.53,0.66,0,0,1,-11.587150357479537
27,T_8,C_8_4,0.54,0.61,0,0,0,-1.3167060561273516
26,T_9,C_9_3,0.59,0.5,1,1,0,13.33052382484369
33,T_10,C_10_3,0.48,0.0,1,1,1,0.5278995689883175
22,T_9,C_9_1,0.59,0.5,0,0,1,-9.851610039387012
3,T_10,C_10_4,0.42,0.0,1,1,,7.776713868871507
40,T_8,C_8_4,0.61,0.65,1,1,1,11.61666265248228
4,T_10,C_10_4,0.48,0.0,1,1,1,2.7998235032379606
8,T_9,C_9_9,0.56,0.51,1,1,,10.442193066661364
21,T_5,C_5_1,0.52,0.55,1,1,0,2.359231994549079
6,T_9,C_9_3,0.63,0.48,0,0,1,-36.22390417557542
25,T_8,C_8_4,0.52,0.63,0,0,0,-12.474382187047702
22,T_10,C_10_4,0.5,0.0,1,1,0,2.9059682947947776
45,T_9,C_9_3,0.72,0.58,1,1,1,8.098965612315595
29,T_9,C_9_3,0.64,0.51,1,1,1,7.154838628188611
26,T_9,C_9_1,0.54,0.5,0,0,0,-0.4261137527637917
22,T_10,C_10_3,0.45,0.0,1,1,,3.4462671996171883
13,T_6,C_6_7,0.38,0.53,0,0,0,-16.125794680972646
8,T_10,C_10_3,0.51,0.0,0,0,0,-22.574398741886327
44,T_9,C_9_1,0.71,0.54,0,0,1,-2.9386497374921188
6,T_10,C_10_3,0.48,0.0,0,0,0,-16.748535669051062
24,T_9,C_9_3,0.65,0.5,1,1,0,6.1392970305687005
46,T_9,C_9_1,0.6,0.5,0,0,0,-16.68769916714992
8,T_10,C_10_4,0.48,0.0,1,1,,5.441964536483813
43,T_6,C_6_4,0.5,0.55,1,1,,14.156546085815275
6,T_10,C_10_1,0.48,0.0,1,1,,12.20202934544891
35,T_8,C_8_3,0.53,0.63,1,1,1,1.532832241752418
45,T_10,C_10_3,0.58,0.0,1,1,1,18.349751433671617
21,T_5,C_5_10,0.51,0.55,1,1,,10.824498908419098
29,T_10,C_10_3,0.51,0.0,1,1,1,25.615534261954437
10,T_8,C_8_5,0.47,0.62,0,0,1,-11.101451048563996
26,T_9,C_9_7,0.53,0.5,0,0,0,-32.048538484135776
44,T_10,C_10_4,0.54,0.0,0,0,0,-35.72698180272394
41,T_8,C_8_4,0.51,0.62,0,0,1,-10.72552777289355
44,T_10,C_10_1,0.53,0.0,1,1,,25.69246107338057
27,T_8,C_8_3,0.48,0.61,0,0,0,-1.5919678487403885
23,T_9,C_9_3,0.53,0.42,0,0,1,-1.158278345283449
46,T_9,C_9_12,0.58,0.5,0,0,1,-15.23810235533995
24,T_9,C_9_1,0.63,0.5,1,1,,4.197472754653754
36,T_8,C_8_4,0.54,0.63,1,1,1,13.927173268536766
42,T_8,C_8_4,0.59,0.65,0,0,1,-10.129795122089517
9,T_9,C_9_3,0.66,0.53,0,0,1,-9.897047317823512
25,T_8,C_8_2,0.51,0.63,0,0,1,-5.643230759329665
13,T_6,C_6_3,0.36,0.53,1,1,,9.18832841412053
26,T_9,C_9_17,0.53,0.5,0,0,0,-3.657293422191769
40,T_9,C_9_1,0.65,0.51,0,0,0,-1.9739392294507834
23,T_10,C_10_3,0.42,0.0,1,1,1,3.8933949382587674
46,T_10,C_10_1,0.5,0.0,1,1,0,14.510417680002925
24,T_10,C_10_4,0.5,0.0,1,1,1,19.59950457881616
46,T_10,C_10_2,0.47,0.0,1,1,,7.472759775993987
9,T_10,C_10_1,0.53,0.0,1,1,1,3.5064466131742646
26,T_9,C_9_12,0.51,0.5,0,0,1,-23.578721782119498
43,T_7,C_7_6,0.55,0.58,0,0,1,-16.7514150489524
40,T_9,C_9_7,0.63,0.51,0,0,0,-22.260814836088876
35,T_9,C_9_1,0.63,0.52,0,0,1,-3.8539414802295244
21,T_6,C_6_2,0.55,0.61,1,1,0,3.402114890065868
10,T_9,C_9_3,0.62,0.5,1,1,0,3.9282342930509255
26,T_10,C_10_3,0.5,0.0,1,1,0,1.9108213577275253
27,T_8,C_8_2,0.45,0.61,1,1,,8.670904565059391
26,T_10,C_10_4,0.46,0.0,1,1,,2.3980477027250684
41,T_9,C_9_3,0.62,0.49,0,0,1,-1.3542800440160487
40,T_9,C_9_3,0.63,0.51,1,1,,13.023746026747475
35,T_10,C_10_1,0.52,0.0,0,0,0,-0.7368861345875537
13,T_7,C_7_6,0.53,0.53,1,1,1,23.02357362244239
36,T_9,C_9_1,0.63,0.48,1,1,1,16.92251968567859
35,T_10,C_10_2,0.5,0.0,1,1,,27.99009563112189
42,T_9,C_9_1,0.65,0.49,1,1,1,0.3532271269991831
10,T_9,C_9_17,0.59,0.5,1,1,,4.014858901602969
41,T_10,C_10_3,0.49,0.0,1,1,1,2.3572737622841
25,T_9,C_9_1,0.63,0.48,0,0,0,-16.168387580940006
40,T_10,C_10_4,0.51,0.0,0,0,0,-3.3670261948013636
40,T_10,C_10_1,0.5,0.0,1,1,,22.573914398898978
36,T_10,C_10_1,0.48,0.0,0,0,1,-1.3933493441523535
42,T_10,C_10_1,0.49,0.0,1,1,1,0.056819941872431556
10,T_10,C_10_3,0.5,0.0,1,1,0,5.196326114711928
21,T_6,C_6_4,0.54,0.61,1,1,,2.414698558818233
10,T_10,C_10_1,0.45,0.0,1,1,,7.467102997782455
25,T_9,C_9_3,0.62,0.48,1,1,,11.713095599508732
43,T_8,C_8_4,0.58,0.57,1,1,0,10.80125836153092
27,T_9,C_9_1,0.61,0.43,0,0,1,-0.7827984269436765
25,T_10,C_10_1,0.48,0.0,1,1,0,16.599826342002768
25,T_10,C_10_2,0.48,0.0,1,1,,24.019147507038255
13,T_8,C_8_4,0.53,0.57,0,0,0,-8.751929416038696
27,T_10,C_10_4,0.43,0.0,0,0,0,-3.529775569884876
21,T_7,C_7_8,0.61,0.53,1,1,1,18.740633904821244
27,T_10,C_10_3,0.42,0.0,0,0,0,-2.406612576168378
27,T_10,C_10_1,0.41,0.0,1,1,,22.88208445838501
43,T_8,C_8_2,0.49,0.57,1,1,,35.18717960878407
21,T_8,C_8_4,0.53,0.58,1,1,1,12.161396920017973
13,T_8,C_8_2,0.45,0.57,0,0,1,-0.04359805224476965
21,T_9,C_9_1,0.58,0.41,0,0,0,-26.813108646445293
21,T_9,C_9_3,0.58,0.41,0,0,1,-3.4935213158048875
43,T_9,C_9_7,0.57,0.48,1,1,0,13.039566919489227
13,T_9,C_9_3,0.57,0.49,0,0,1,-7.260065433451974
21,T_10,C_10_4,0.41,0.0,1,1,1,4.300437804540496
43,T_9,C_9_3,0.56,0.48,0,0,1,-2.0928504423210272
13,T_10,C_10_3,0.49,0.0,0,0,0,-14.102709179679774
13,T_10,C_10_4,0.38,0.0,1,1,,8.606003339051068
43,T_10,C_10_3,0.48,0.0,1,1,0,25.521143754191502
43,T_10,C_10_1,0.47,0.0,1,1,,25.635452636956764
