student_number,topic,arm_pulled,pay-off,pay-off_next_topic,actual_decision,skip_decision,reward,confidence_score
12,T_1,C_1_11,0.51,0.55,0,0,0,-10.0
0,T_1,C_1_3,0.56,0.64,0,0,0,-10.0
23,T_1,C_1_13,0.44,0.57,0,0,1,-10.0
40,T_1,C_1_11,0.61,0.62,0,0,1,-10.0
14,T_1,C_1_11,0.57,0.6,0,0,1,-10.0
32,T_1,C_1_3,0.56,0.59,0,0,0,-10.0
27,T_1,C_1_5,0.49,0.63,0,0,1,-10.0
10,T_1,C_1_13,0.56,0.64,0,0,0,-10.0
9,T_1,C_1_13,0.59,0.6,0,0,1,-10.0
24,T_1,C_1_12,0.57,0.64,0,0,0,-10.0
20,T_1,C_1_12,0.67,0.72,1,0,1,33.721278721278715
8,T_1,C_1_11,0.58,0.68,1,0,1,26.99100899100899
7,T_1,C_1_13,0.54,0.6,1,0,0,25.156843156843152
21,T_1,C_1_12,0.49,0.53,1,0,0,20.47452547452547
42,T_1,C_1_13,0.57,0.64,1,0,0,25.274725274725263
38,T_1,C_1_13,0.52,0.6,1,0,0,18.584820369251503
44,T_1,C_1_3,0.63,0.67,1,0,0,32.373243522944115
43,T_1,C_1_3,0.53,0.66,1,0,0,25.938113782425155
18,T_1,C_1_12,0.58,0.6,1,0,1,27.992005997994013
39,T_1,C_1_13,0.64,0.66,1,0,0,29.530928153682638
6,T_1,C_1_13,0.56,0.62,0,0,1,-8.666021914277154
47,T_1,C_1_13,0.6,0.67,0,0,1,-4.516470568315044
1,T_1,C_1_13,0.56,0.65,0,0,1,-10.917268175493508
49,T_1,C_1_11,0.62,0.67,0,0,1,-0.24827515455632287
41,T_1,C_1_3,0.54,0.6,0,0,0,-5.452661994037873
28,T_1,C_1_13,0.53,0.58,0,0,1,-14.294137567318032
29,T_1,C_1_12,0.54,0.61,0,0,0,-8.075792602213346
34,T_1,C_1_3,0.57,0.65,0,0,0,-47.7500000595227
13,T_1,C_1_12,0.51,0.66,0,0,0,-45.5906375097219
25,T_1,C_1_13,0.51,0.57,0,0,1,-50.79482077665417
5,T_1,C_1_13,0.63,0.65,0,0,1,-51.28884468103665
22,T_1,C_1_14,0.54,0.59,0,0,1,-51.64741041808843
48,T_1,C_1_13,0.6,0.66,0,0,0,-50.573705238805566
35,T_1,C_1_11,0.53,0.58,0,0,1,-49.26195225075776
45,T_1,C_1_12,0.61,0.71,0,0,0,-53.9601594220725
3,T_1,C_1_12,0.51,0.58,0,0,0,-45.084661414104374
4,T_1,C_1_12,0.55,0.58,0,0,1,-48.24003990016014
26,T_1,C_1_13,0.52,0.59,0,0,0,-47.778050048621026
2,T_1,C_1_12,0.51,0.58,0,0,0,-47.829791342153364
16,T_1,C_1_13,0.55,0.65,0,0,0,-43.32929382971556
33,T_1,C_1_13,0.56,0.62,0,0,1,-51.22083611827277
31,T_1,C_1_11,0.58,0.62,0,0,1,-54.86959233717825
37,T_1,C_1_13,0.51,0.64,0,0,1,-55.94819930235237
15,T_1,C_1_3,0.72,0.73,0,0,0,-61.35914457598422
30,T_1,C_1_12,0.59,0.67,0,0,0,-5.784175485057141
11,T_1,C_1_11,0.61,0.68,0,0,1,-9.527714252452773
19,T_1,C_1_14,0.54,0.63,1,0,1,30.414801289217856
17,T_1,C_1_11,0.63,0.68,1,0,1,32.00904732096387
36,T_1,C_1_13,0.52,0.63,0,0,1,-18.257640779780218
46,T_1,C_1_13,0.56,0.6,1,0,1,18.59806970702664
0,T_1,C_1_13,0.56,0.64,0,0,1,-25.978402073429944
12,T_1,C_1_12,0.48,0.55,0,0,1,-28.66799137619976
10,T_1,C_1_3,0.53,0.64,0,0,1,-29.170759737936006
32,T_1,C_1_12,0.55,0.59,0,0,0,-34.15041535780936
24,T_1,C_1_3,0.55,0.64,0,0,0,-2.207758017674732
7,T_1,C_1_3,0.52,0.6,1,0,0,49.42667366663329
21,T_1,C_1_13,0.49,0.53,1,0,0,37.940417742462685
42,T_1,C_1_12,0.54,0.64,1,0,0,26.93188693677547
38,T_1,C_1_15,0.46,0.6,1,0,0,35.873541534649284
44,T_1,C_1_13,0.59,0.67,1,0,0,34.03017934219032
43,T_1,C_1_13,0.52,0.66,1,0,1,20.902945686663703
39,T_1,C_1_3,0.64,0.66,1,1,,51.078417384776905
23,T_2,C_2_5,0.57,0.57,0,0,1,-10.541264118966449
41,T_1,C_1_12,0.53,0.6,1,0,0,8.008217502145705
34,T_1,C_1_11,0.57,0.65,1,0,1,9.323813597929966
29,T_1,C_1_3,0.53,0.61,1,0,1,23.3963183060279
40,T_2,C_2_5,0.62,0.68,0,0,0,-32.67336154331295
14,T_2,C_2_10,0.6,0.69,0,0,1,-21.784472654424057
13,T_1,C_1_7,0.51,0.66,1,0,1,17.83731073586706
9,T_2,C_2_5,0.6,0.69,0,0,0,-66.2854956922446
27,T_2,C_2_5,0.63,0.62,0,0,1,-30.288257879402654
20,T_2,C_2_5,0.72,0.78,1,0,1,22.56076747975668
8,T_2,C_2_5,0.68,0.7,0,0,1,-14.73858315703422
45,T_1,C_1_3,0.6,0.71,1,0,0,22.695861320497688
48,T_1,C_1_3,0.6,0.66,1,0,0,23.545253275595915
3,T_1,C_1_3,0.49,0.58,0,0,0,-24.18225858198754
2,T_1,C_1_11,0.49,0.58,1,0,1,3.542793928062398
26,T_1,C_1_11,0.5,0.59,1,0,1,17.589885134082515
16,T_1,C_1_3,0.53,0.65,1,0,1,33.54014454251005
6,T_2,C_2_5,0.62,0.69,1,0,0,4.367352545628158
18,T_2,C_2_16,0.6,0.7,1,0,0,36.919679426230985
15,T_1,C_1_13,0.7,0.73,1,0,1,3.800716312542111
30,T_1,C_1_5,0.54,0.67,0,0,1,-15.406676506597709
47,T_2,C_2_5,0.67,0.72,0,0,0,-70.49152345438489
1,T_2,C_2_5,0.65,0.65,0,0,0,-94.56546060780448
28,T_2,C_2_5,0.58,0.66,1,0,0,17.188687074147804
49,T_2,C_2_10,0.67,0.74,1,0,1,12.493115118428243
24,T_1,C_1_14,0.55,0.64,0,0,0,-31.878834485045708
32,T_1,C_1_13,0.5,0.59,0,0,1,-20.921191759447176
25,T_2,C_2_10,0.57,0.64,0,0,0,-43.284911833111984
5,T_2,C_2_16,0.65,0.75,0,0,0,-24.75912914434589
22,T_2,C_2_10,0.59,0.71,0,0,0,-40.028926566077
35,T_2,C_2_14,0.58,0.61,0,0,0,-52.51615980160133
21,T_1,C_1_15,0.46,0.53,0,0,0,-20.7358289192484
4,T_2,C_2_10,0.58,0.69,1,0,0,33.52695199583094
7,T_1,C_1_12,0.52,0.6,1,1,,59.44569945674154
42,T_1,C_1_5,0.53,0.64,1,0,1,35.97968786447174
9,T_2,C_2_16,0.59,0.69,1,0,1,15.763426480250624
44,T_1,C_1_11,0.59,0.67,0,0,1,-6.756208222945723
23,T_3,C_3_4,0.57,0.45,1,0,1,3.6090885807072457
40,T_2,C_2_10,0.6,0.68,0,0,1,-10.553468496918317
33,T_2,C_2_5,0.62,0.7,1,0,1,1.1305497679218615
37,T_2,C_2_5,0.64,0.65,0,0,1,-3.3662538850461834
38,T_1,C_1_12,0.46,0.6,1,0,1,14.499499539611355
31,T_2,C_2_10,0.62,0.68,0,0,1,-17.894107766324712
14,T_3,C_3_4,0.69,0.57,0,0,1,-41.44675477448929
11,T_2,C_2_10,0.68,0.7,0,0,1,-61.18121735839583
41,T_1,C_1_13,0.52,0.6,0,0,1,-29.02309003612681
0,T_2,C_2_5,0.64,0.67,0,0,0,-41.60347150751646
19,T_2,C_2_5,0.63,0.71,0,0,1,-36.04125534039566
17,T_2,C_2_5,0.68,0.71,0,0,1,-54.4169738342249
6,T_2,C_2_6,0.53,0.69,0,0,0,-34.3260092482829
27,T_3,C_3_4,0.62,0.51,0,0,0,-43.5254652772947
36,T_2,C_2_5,0.63,0.62,0,0,1,-47.19977762166197
20,T_3,C_3_4,0.78,0.68,0,0,1,-25.305458686687803
18,T_2,C_2_10,0.6,0.7,0,0,0,-22.56856899410189
8,T_3,C_3_4,0.7,0.59,1,0,0,1.5493041165158932
12,T_2,C_2_5,0.55,0.61,1,0,1,2.6320833482757635
46,T_2,C_2_2,0.6,0.68,0,0,0,-18.266023053888333
1,T_2,C_2_2,0.58,0.65,0,0,0,-11.507269530301645
47,T_2,C_2_16,0.59,0.72,1,0,1,16.067505244473118
10,T_2,C_2_5,0.64,0.72,1,0,0,8.253991730959608
48,T_1,C_1_12,0.59,0.66,1,1,,51.85227831637491
45,T_1,C_1_13,0.59,0.71,0,0,0,-42.41887602859673
28,T_2,C_2_6,0.54,0.66,0,0,0,-0.310803647515284
3,T_1,C_1_13,0.48,0.58,1,0,1,34.85908024570925
25,T_2,C_2_5,0.56,0.64,1,0,1,28.029073022809943
49,T_3,C_3_4,0.74,0.6,0,0,1,-3.805902590090585
43,T_2,C_2_5,0.66,0.66,1,0,0,27.159111109412414
5,T_2,C_2_5,0.63,0.75,1,1,,51.505578088061775
39,T_2,C_2_6,0.66,0.79,1,1,0,56.24711106488888
35,T_2,C_2_2,0.56,0.61,0,0,0,-9.527913022297973
22,T_2,C_2_6,0.56,0.71,1,0,0,4.542434261762558
27,T_3,C_3_1,0.54,0.51,0,0,0,-34.08350176369038
4,T_2,C_2_5,0.57,0.69,0,0,1,-46.42645550034517
24,T_1,C_1_11,0.54,0.64,1,0,0,9.907931711022488
34,T_2,C_2_5,0.65,0.7,1,0,1,9.288647423054467
8,T_3,C_3_9,0.58,0.59,1,0,1,46.23695051857574
13,T_2,C_2_5,0.66,0.65,1,0,0,45.97796277444768
29,T_2,C_2_5,0.61,0.7,1,1,0,54.62385819446854
23,T_4,C_4_4,0.45,0.49,1,0,1,8.834614450645661
33,T_3,C_3_4,0.7,0.53,0,0,1,-6.30094892963603
9,T_3,C_3_4,0.69,0.57,1,0,1,0.43936797177242326
16,T_2,C_2_5,0.65,0.67,1,0,1,2.7025721971245282
2,T_2,C_2_5,0.58,0.62,0,0,1,-29.23492780287546
21,T_1,C_1_14,0.45,0.53,0,0,0,-14.888096816959969
0,T_2,C_2_6,0.61,0.67,1,0,1,3.4094383943076245
31,T_3,C_3_4,0.68,0.58,0,0,0,-25.315913718368414
40,T_3,C_3_4,0.68,0.58,0,0,0,-51.069389166483674
37,T_3,C_3_4,0.65,0.49,0,0,1,-26.082107663089587
6,T_2,C_2_13,0.52,0.69,0,0,1,-29.600292281791727
14,T_4,C_4_4,0.57,0.59,0,0,1,-40.95994140459873
26,T_2,C_2_5,0.59,0.65,1,0,1,7.720701972671041
27,T_3,C_3_5,0.53,0.51,0,0,0,-41.68067747398746
15,T_2,C_2_16,0.73,0.83,0,0,0,-37.13912016865063
30,T_2,C_2_5,0.67,0.7,1,0,1,6.709948195181516
19,T_3,C_3_4,0.71,0.52,1,0,1,7.09543770567103
18,T_2,C_2_5,0.57,0.7,1,0,1,8.146137006370344
11,T_3,C_3_4,0.7,0.59,0,0,1,-11.224492364259032
36,T_3,C_3_4,0.62,0.55,0,0,1,-8.81170414194156
46,T_2,C_2_5,0.56,0.68,1,0,1,0.870669331007857
1,T_2,C_2_10,0.57,0.65,0,0,1,-5.273309726583789
17,T_3,C_3_4,0.71,0.63,1,0,1,2.5652592088437807
10,T_2,C_2_6,0.62,0.72,0,0,1,-24.461112127949857
20,T_4,C_4_1,0.68,0.67,1,0,1,19.389050206026734
28,T_2,C_2_10,0.51,0.66,0,0,0,-3.0709565933537313
12,T_3,C_3_4,0.61,0.49,0,0,1,-32.30360226981863
32,T_2,C_2_5,0.59,0.67,0,0,1,-33.357770291645764
47,T_3,C_3_4,0.72,0.59,0,0,1,-33.67794615510004
43,T_2,C_2_6,0.58,0.66,0,0,1,-40.64514458527424
39,T_2,C_2_5,0.64,0.79,0,0,1,-39.16123290580251
31,T_3,C_3_5,0.62,0.58,0,0,1,-51.14653973380596
7,T_2,C_2_5,0.6,0.7,0,0,1,-27.608942499579523
35,T_2,C_2_10,0.56,0.61,0,0,0,-50.08633747617466
22,T_2,C_2_2,0.56,0.71,0,0,1,-36.428874145717394
40,T_3,C_3_9,0.62,0.58,0,0,1,-48.54103980576916
25,T_3,C_3_4,0.64,0.53,0,0,0,-40.73689830447495
49,T_4,C_4_3,0.6,0.65,0,0,0,-38.747272866287204
45,T_1,C_1_9,0.58,0.71,0,0,0,-0.5579545001686377
5,T_3,C_3_5,0.75,0.58,0,0,0,-2.6853211094629383
42,T_2,C_2_5,0.64,0.69,0,0,1,-8.597159594714595
13,T_2,C_2_6,0.54,0.65,0,0,0,-23.49798117535243
27,T_3,C_3_10,0.52,0.51,0,0,0,-35.63295676640296
29,T_2,C_2_10,0.56,0.7,0,0,1,-23.31095434649351
38,T_2,C_2_5,0.6,0.64,0,0,0,-25.932900913619136
4,T_3,C_3_4,0.69,0.59,0,0,1,-51.81046940676981
41,T_2,C_2_5,0.6,0.68,0,0,1,-4.53856184325267
34,T_3,C_3_4,0.7,0.57,0,0,1,-1.3812968859877177
44,T_2,C_2_10,0.67,0.73,0,0,0,-8.402489233823953
8,T_4,C_4_1,0.59,0.62,1,0,0,28.881747685241002
24,T_1,C_1_9,0.53,0.64,1,0,0,32.370129994686515
9,T_4,C_4_4,0.57,0.6,1,0,1,3.1602383064904416
33,T_4,C_4_1,0.53,0.58,0,0,0,-12.114188201580937
2,T_3,C_3_4,0.62,0.54,1,0,0,10.846716403231445
0,T_3,C_3_4,0.67,0.52,1,0,1,29.465438781696683
16,T_3,C_3_4,0.67,0.51,1,0,1,31.678331063291246
23,T_5,C_5_8,0.49,0.45,0,0,1,-4.397395996411725
15,T_2,C_2_10,0.73,0.83,0,0,0,-15.006690818773212
37,T_4,C_4_4,0.49,0.57,0,0,1,-10.155465121393652
25,T_3,C_3_5,0.57,0.53,1,0,0,32.390540706598564
26,T_3,C_3_4,0.65,0.51,1,0,0,37.193998772216425
21,T_1,C_1_3,0.44,0.53,1,0,0,9.554875669349641
3,T_2,C_2_5,0.58,0.65,1,0,1,18.950322549619457
48,T_2,C_2_5,0.66,0.71,1,0,0,38.88911065743727
6,T_3,C_3_4,0.69,0.55,1,0,1,21.931233656594824
5,T_3,C_3_4,0.7,0.58,0,0,1,-12.756173268596433
19,T_4,C_4_4,0.52,0.59,0,0,1,-16.56425407667725
30,T_3,C_3_4,0.7,0.58,1,0,0,12.66487843147122
18,T_3,C_3_4,0.7,0.58,1,0,1,18.438508556355508
11,T_4,C_4_2,0.59,0.67,1,0,0,25.061197631985756
27,T_3,C_3_9,0.5,0.51,0,0,1,-13.683366994872532
36,T_4,C_4_4,0.55,0.58,0,0,0,-44.65268596432463
28,T_2,C_2_7,0.5,0.66,0,0,0,-36.555324819615834
14,T_5,C_5_9,0.59,0.6,0,0,0,-51.05658215406678
1,T_3,C_3_4,0.65,0.54,0,0,1,-43.79757125716823
46,T_3,C_3_4,0.68,0.56,0,0,1,-7.46231436359164
17,T_4,C_4_4,0.63,0.66,0,0,0,-36.046969858640125
10,T_3,C_3_4,0.72,0.51,1,0,1,9.593960858814143
12,T_4,C_4_4,0.49,0.52,0,0,0,-0.4901883380352672
35,T_2,C_2_16,0.53,0.61,1,0,1,29.724634333557482
32,T_3,C_3_4,0.67,0.51,0,0,1,-3.641095455178583
49,T_4,C_4_1,0.59,0.65,1,0,1,13.544334069425263
47,T_4,C_4_1,0.59,0.62,1,0,1,4.334783694737494
43,T_3,C_3_4,0.66,0.51,0,0,1,-46.84363598049154
39,T_3,C_3_4,0.79,0.61,0,0,1,-42.14979238648158
2,T_3,C_3_1,0.54,0.54,0,0,1,-39.78594811474271
31,T_4,C_4_4,0.58,0.63,0,0,1,-53.518283941841624
7,T_3,C_3_4,0.7,0.52,1,0,0,4.288255219667656
20,T_5,C_5_5,0.67,0.65,1,0,0,2.111344920664301
40,T_4,C_4_4,0.58,0.61,1,0,1,30.2576951187327
13,T_2,C_2_18,0.53,0.65,1,0,1,32.5893700772733
22,T_3,C_3_4,0.71,0.55,1,0,1,37.02552264775426
25,T_3,C_3_9,0.56,0.53,1,0,0,12.655053211294023
42,T_3,C_3_4,0.69,0.57,0,0,1,-37.6063519259269
26,T_3,C_3_5,0.59,0.51,0,0,0,-30.00189280123655
38,T_2,C_2_6,0.52,0.64,0,0,0,-23.935831694713023
8,T_4,C_4_4,0.54,0.62,0,0,1,-35.13752110395123
45,T_1,C_1_11,0.58,0.71,0,0,0,-17.28599534290648
44,T_2,C_2_5,0.65,0.73,1,0,1,11.505699628653058
29,T_3,C_3_4,0.7,0.53,1,0,0,15.679362180093367
33,T_4,C_4_4,0.53,0.58,0,0,0,-33.037599591619845
4,T_4,C_4_4,0.59,0.59,0,0,1,-28.742063220906694
30,T_3,C_3_10,0.6,0.58,0,0,1,-22.26228306755108
41,T_3,C_3_4,0.68,0.5,0,0,1,-31.558670588076506
34,T_4,C_4_1,0.57,0.62,0,0,0,-18.51667810722799
15,T_2,C_2_5,0.69,0.83,0,0,1,-21.812553291335597
0,T_4,C_4_3,0.52,0.57,0,0,0,-34.30027392592559
24,T_1,C_1_7,0.53,0.64,0,0,0,-16.199214431223073
16,T_4,C_4_1,0.51,0.55,0,0,1,-22.538104735957212
48,T_2,C_2_16,0.65,0.71,0,0,1,-25.12116662520803
14,T_5,C_5_7,0.58,0.6,1,0,0,3.898169955736238
9,T_5,C_5_9,0.6,0.6,1,0,0,8.723277287362839
11,T_4,C_4_3,0.58,0.67,0,0,0,-6.637698322393275
36,T_4,C_4_2,0.45,0.58,0,0,0,-5.738060318713968
3,T_3,C_3_4,0.65,0.5,0,0,0,-7.126039624107451
37,T_5,C_5_8,0.57,0.53,0,0,1,-19.651929591744995
23,T_6,C_6_9,0.45,0.51,0,0,1,-12.377657747084797
5,T_4,C_4_4,0.58,0.62,0,0,0,-7.669728944495806
21,T_1,C_1_5,0.43,0.53,1,0,1,40.89004742227526
7,T_3,C_3_5,0.61,0.52,1,0,1,45.54081540934072
28,T_2,C_2_2,0.49,0.66,1,0,0,22.517371593657636
17,T_4,C_4_1,0.59,0.66,0,0,0,-8.720641056155678
6,T_4,C_4_1,0.55,0.58,0,0,0,-7.60270890752886
18,T_4,C_4_4,0.58,0.57,0,0,1,-0.03889630655956289
12,T_4,C_4_3,0.45,0.52,0,0,1,-10.064188140422699
25,T_3,C_3_2,0.55,0.53,0,0,1,-47.064438776753285
26,T_3,C_3_9,0.54,0.51,1,0,1,16.38221010078818
20,T_5,C_5_10,0.64,0.65,1,0,1,30.569509136157915
27,T_4,C_4_4,0.51,0.58,0,0,0,-15.529894265228956
1,T_4,C_4_4,0.54,0.61,0,0,1,-27.17089744327016
46,T_4,C_4_4,0.56,0.6,1,0,1,4.195225419605041
19,T_5,C_5_7,0.59,0.57,1,0,0,23.838654906784484
29,T_3,C_3_10,0.58,0.53,1,0,1,41.43670193414996
10,T_4,C_4_4,0.51,0.58,1,0,0,25.792997202178945
32,T_4,C_4_4,0.51,0.56,0,0,1,-14.299560204588087
35,T_3,C_3_4,0.61,0.53,0,0,1,-25.56931279836298
43,T_4,C_4_1,0.51,0.58,1,0,0,1.107227460358966
39,T_4,C_4_1,0.61,0.65,1,0,1,1.9033809392929282
2,T_4,C_4_4,0.54,0.59,0,0,1,-7.585507949595946
49,T_5,C_5_5,0.65,0.67,1,0,1,15.262557329912624
13,T_3,C_3_4,0.65,0.49,0,0,0,-22.09278161447661
38,T_2,C_2_16,0.5,0.64,0,0,1,-19.084065291180238
33,T_4,C_4_3,0.48,0.58,0,0,0,-38.817475189071864
22,T_4,C_4_4,0.55,0.58,0,0,1,-26.864152404261727
3,T_3,C_3_5,0.55,0.5,0,0,0,-34.004975189071864
47,T_5,C_5_8,0.62,0.6,0,0,0,-26.997063796666808
31,T_5,C_5_7,0.63,0.61,0,0,0,-14.472023493020751
42,T_4,C_4_4,0.57,0.61,0,0,1,-6.7808702544741735
34,T_4,C_4_4,0.55,0.62,1,0,1,0.841506540219358
0,T_4,C_4_1,0.48,0.57,0,0,1,-4.813856235805874
14,T_5,C_5_1,0.55,0.6,0,0,0,-34.26884451490983
40,T_5,C_5_7,0.61,0.62,0,0,0,-49.49421882539054
9,T_5,C_5_8,0.6,0.6,0,0,1,-29.227867367549724
44,T_3,C_3_4,0.73,0.58,0,0,1,-4.406324216996442
45,T_1,C_1_5,0.56,0.71,1,0,0,0.09483266702601156
11,T_4,C_4_4,0.58,0.67,0,0,1,-52.43383324833938
30,T_4,C_4_4,0.58,0.58,0,0,1,-14.845420702280975
36,T_4,C_4_3,0.45,0.58,0,0,1,-10.00517011496694
41,T_4,C_4_4,0.5,0.54,0,0,1,-22.909078556480026
8,T_5,C_5_8,0.62,0.64,1,0,1,24.766221615676187
15,T_3,C_3_4,0.83,0.71,1,0,1,21.27912231935091
5,T_4,C_4_3,0.56,0.62,1,0,0,7.603764126688458
4,T_5,C_5_7,0.59,0.63,0,0,0,-6.677820438801878
48,T_3,C_3_4,0.71,0.56,1,0,0,49.466599024648495
6,T_4,C_4_4,0.55,0.58,1,0,1,5.864527361417627
17,T_4,C_4_3,0.58,0.66,0,0,1,-24.727103849414284
24,T_1,C_1_13,0.53,0.64,0,0,1,-15.935841466735827
28,T_2,C_2_14,0.47,0.66,1,0,1,13.791254230033292
19,T_5,C_5_9,0.53,0.57,1,0,0,14.16843984634933
16,T_5,C_5_1,0.55,0.62,0,0,1,-22.477457835420438
13,T_3,C_3_5,0.51,0.49,0,0,1,-6.925267266443843
27,T_4,C_4_3,0.45,0.58,1,0,1,24.535440435655985
7,T_4,C_4_1,0.52,0.55,0,0,0,-18.014151366272127
3,T_3,C_3_10,0.53,0.5,0,0,1,-25.0791165634879
23,T_7,C_7_8,0.51,0.5,0,0,1,-10.006632412117433
10,T_4,C_4_1,0.5,0.58,1,1,,50.49925532898383
37,T_6,C_6_9,0.53,0.54,1,0,1,40.63859328125481
25,T_4,C_4_4,0.53,0.56,1,0,0,39.518299564194365
26,T_4,C_4_3,0.51,0.55,1,0,1,18.082279934323836
43,T_4,C_4_3,0.5,0.58,0,0,0,-28.14161554487152
47,T_5,C_5_9,0.61,0.6,0,0,0,-20.58401185823559
31,T_5,C_5_9,0.59,0.61,0,0,1,-37.15383718595224
18,T_5,C_5_10,0.57,0.58,1,0,1,2.8645871141676063
33,T_4,C_4_5,0.47,0.58,0,0,0,-35.41972519624176
29,T_4,C_4_4,0.53,0.55,0,0,1,-11.045299468829832
12,T_5,C_5_5,0.52,0.54,0,0,0,-20.95494724830913
35,T_4,C_4_3,0.53,0.57,0,0,0,-40.26022142395573
14,T_5,C_5_8,0.55,0.6,0,0,0,-35.18835598053067
20,T_6,C_6_9,0.65,0.66,1,0,1,19.778858761913384
40,T_5,C_5_5,0.6,0.62,0,0,0,-10.507619465741275
1,T_5,C_5_8,0.61,0.58,0,0,1,-28.265602075856805
46,T_5,C_5_1,0.6,0.64,0,0,1,-37.376289098757546
48,T_3,C_3_5,0.7,0.56,0,0,0,-31.94510842553453
38,T_3,C_3_4,0.64,0.47,0,0,0,-16.3270850399231
32,T_5,C_5_10,0.56,0.55,0,0,1,-23.656557290072886
39,T_5,C_5_1,0.65,0.68,1,0,0,5.760412631370064
4,T_5,C_5_9,0.57,0.63,0,0,1,-39.24876033897365
49,T_6,C_6_2,0.67,0.71,1,0,1,10.04628718058695
2,T_5,C_5_7,0.59,0.58,0,0,1,-25.946550598262952
21,T_2,C_2_10,0.53,0.67,0,0,0,-18.12306574977812
22,T_5,C_5_9,0.58,0.56,0,0,1,-0.15028170188051249
5,T_4,C_4_1,0.55,0.62,1,0,1,37.018164426910275
19,T_5,C_5_10,0.52,0.57,1,0,1,34.944090352836184
44,T_4,C_4_4,0.58,0.66,0,0,0,-5.450837977676928
42,T_5,C_5_7,0.61,0.59,1,0,1,25.97403519110833
0,T_5,C_5_8,0.57,0.61,1,0,1,4.795361922091003
34,T_5,C_5_5,0.62,0.64,1,0,1,7.008411236651908
15,T_4,C_4_1,0.71,0.72,1,0,1,46.465115597425815
45,T_1,C_1_6,0.56,0.71,1,0,0,46.61873005525714
9,T_6,C_6_2,0.6,0.66,1,0,0,2.761292625746089
7,T_4,C_4_4,0.52,0.55,0,0,1,-24.85384904048894
30,T_5,C_5_7,0.58,0.63,0,0,0,-32.34822263388729
11,T_5,C_5_7,0.67,0.64,0,0,0,-34.12466674491503
36,T_5,C_5_7,0.58,0.54,0,0,1,-28.415739513107088
47,T_5,C_5_5,0.6,0.6,0,0,1,-29.434906411278412
41,T_5,C_5_8,0.54,0.54,0,0,0,-11.056291786006774
28,T_3,C_3_4,0.66,0.49,0,0,0,-10.468314902212487
8,T_6,C_6_4,0.64,0.61,0,0,1,-10.617903533476515
25,T_4,C_4_3,0.5,0.56,1,0,1,40.14777855549131
43,T_4,C_4_4,0.47,0.58,0,0,1,-2.329320455327064
13,T_4,C_4_1,0.49,0.53,1,0,0,27.546583633908007
6,T_5,C_5_1,0.58,0.6,1,0,1,22.642924186559252
48,T_3,C_3_10,0.63,0.56,1,0,1,8.911828358752793
17,T_5,C_5_7,0.66,0.67,0,0,1,-29.72978237950222
14,T_5,C_5_10,0.53,0.6,0,0,1,-34.949021753104006
12,T_5,C_5_10,0.52,0.54,0,0,1,-20.692685144638446
33,T_4,C_4_2,0.43,0.58,0,0,1,-35.240375159541586
38,T_3,C_3_5,0.58,0.47,1,0,1,9.678218712433418
3,T_4,C_4_4,0.5,0.53,1,0,1,1.733101213761099
40,T_5,C_5_10,0.6,0.62,1,0,1,1.6877480539098073
16,T_6,C_6_2,0.62,0.67,1,0,1,24.56613368819581
35,T_4,C_4_4,0.52,0.57,1,0,0,6.083579864884778
27,T_5,C_5_7,0.58,0.52,1,0,0,11.723346992186002
37,T_7,C_7_10,0.54,0.56,0,0,0,-32.858045791142686
10,T_5,C_5_7,0.58,0.59,1,0,0,12.460928905241325
39,T_5,C_5_7,0.61,0.68,1,0,1,10.67854548555221
26,T_5,C_5_8,0.55,0.53,0,0,0,-24.77664089755282
23,T_8,C_8_3,0.5,0.55,0,0,1,-6.809181253929825
31,T_6,C_6_2,0.61,0.63,0,0,1,-45.42026065794391
18,T_6,C_6_2,0.58,0.63,0,0,0,-41.39233731600524
24,T_2,C_2_5,0.64,0.71,0,0,0,-27.066456205895797
29,T_5,C_5_10,0.55,0.53,0,0,1,-23.381705472757968
21,T_2,C_2_5,0.53,0.67,0,0,1,-21.264129500343277
20,T_7,C_7_10,0.66,0.64,0,0,0,-32.443211765077095
44,T_4,C_4_3,0.57,0.66,0,0,1,-7.288454845809795
28,T_3,C_3_5,0.59,0.49,0,0,0,-13.728835240835405
30,T_5,C_5_9,0.57,0.63,1,0,1,4.1718618505885825
11,T_5,C_5_8,0.64,0.64,1,0,1,25.229173480019515
41,T_5,C_5_10,0.54,0.54,1,0,1,13.748852780311054
49,T_7,C_7_8,0.71,0.61,1,0,1,1.0933358237625428
46,T_6,C_6_5,0.64,0.61,0,0,0,-16.500297790195972
9,T_6,C_6_9,0.58,0.66,1,0,0,23.15533798258207
4,T_6,C_6_5,0.63,0.62,0,0,1,-8.106420812236452
1,T_6,C_6_9,0.58,0.64,0,0,0,-3.7970526205153194
32,T_6,C_6_2,0.55,0.56,1,0,1,32.2750987442607
2,T_6,C_6_2,0.58,0.62,1,0,0,20.31609028352156
13,T_4,C_4_4,0.46,0.53,1,0,0,3.9003027347015546
19,T_6,C_6_5,0.57,0.57,0,0,1,-4.670417633701439
42,T_6,C_6_5,0.59,0.61,0,0,1,-10.402354049886403
5,T_5,C_5_8,0.62,0.65,0,0,0,-2.1706831749046644
22,T_6,C_6_5,0.56,0.57,0,0,0,-7.554798698370366
37,T_7,C_7_8,0.53,0.56,0,0,0,-3.9685171099227152
45,T_1,C_1_1,0.55,0.71,1,0,1,37.36440520242197
27,T_5,C_5_8,0.52,0.52,1,0,0,31.136710903275983
0,T_6,C_6_2,0.61,0.64,1,0,0,36.700425806083764
15,T_5,C_5_5,0.72,0.72,1,0,0,34.969116072081846
34,T_6,C_6_2,0.64,0.68,1,0,0,2.370908685439037
7,T_5,C_5_9,0.55,0.57,1,0,1,26.91951147107536
10,T_5,C_5_8,0.55,0.59,1,0,1,27.23470324165305
8,T_7,C_7_10,0.61,0.58,1,0,1,28.922203241653058
26,T_5,C_5_7,0.53,0.53,1,0,0,35.09246186234272
36,T_6,C_6_5,0.54,0.64,1,0,1,6.552313975948511
35,T_4,C_4_2,0.47,0.57,1,0,1,9.51351166948534
28,T_3,C_3_9,0.53,0.49,0,0,1,-0.8778861799770481
20,T_7,C_7_6,0.66,0.64,0,0,1,-12.823405893238698
48,T_4,C_4_1,0.56,0.57,1,0,1,29.146014673459803
47,T_6,C_6_2,0.6,0.66,0,0,1,-1.1343787252145103
25,T_5,C_5_7,0.56,0.6,1,0,0,25.37572301310052
43,T_5,C_5_8,0.58,0.58,1,0,0,22.66448743666838
38,T_4,C_4_4,0.47,0.51,1,0,1,23.169453811235304
18,T_6,C_6_9,0.53,0.63,0,0,1,-16.510828480699164
6,T_6,C_6_5,0.6,0.6,0,0,0,-47.20874663227009
33,T_5,C_5_1,0.58,0.6,0,0,1,-47.67925125202844
24,T_2,C_2_10,0.62,0.71,0,0,1,-36.96043714480482
16,T_7,C_7_8,0.67,0.54,0,0,0,-38.963278053895735
17,T_6,C_6_5,0.67,0.73,0,0,0,-39.300840658741194
14,T_6,C_6_2,0.6,0.63,0,0,1,-32.537924451381215
12,T_6,C_6_2,0.54,0.59,0,0,1,-24.02303083435995
3,T_5,C_5_10,0.53,0.54,0,0,1,-35.871057735456205
37,T_7,C_7_11,0.53,0.56,1,0,1,0.9106578617897831
40,T_6,C_6_2,0.62,0.62,0,0,1,-9.536617438988683
21,T_3,C_3_4,0.67,0.53,0,0,1,-18.991655123956296
31,T_7,C_7_8,0.63,0.58,1,0,0,1.425306006785775
9,T_6,C_6_5,0.58,0.66,1,0,1,37.513616302513306
5,T_5,C_5_9,0.6,0.65,1,0,0,24.43457607668409
39,T_6,C_6_2,0.68,0.66,0,0,0,-21.688050342587047
1,T_6,C_6_5,0.57,0.64,1,0,1,8.87938177701486
2,T_6,C_6_9,0.55,0.62,1,0,0,26.057282302082108
13,T_4,C_4_3,0.4,0.53,1,0,1,20.6530569499694
46,T_6,C_6_2,0.6,0.61,0,0,0,-13.220519247015575
27,T_5,C_5_9,0.49,0.52,1,0,0,0.2443190089619094
15,T_5,C_5_8,0.71,0.72,0,0,0,-49.60434670784041
23,T_9,C_9_3,0.55,0.42,0,0,1,-11.527801764020204
44,T_5,C_5_7,0.66,0.65,0,0,0,-33.3902519907105
29,T_6,C_6_2,0.53,0.57,0,0,1,-34.475866025798254
4,T_7,C_7_8,0.62,0.58,0,0,1,-47.811801165189486
22,T_6,C_6_9,0.55,0.57,0,0,1,-34.445793858695126
11,T_6,C_6_9,0.64,0.68,0,0,0,-25.301738127944674
26,T_5,C_5_9,0.52,0.53,0,0,1,-22.193970458245605
30,T_6,C_6_5,0.63,0.62,0,0,1,-11.031956824573466
32,T_7,C_7_11,0.56,0.52,1,0,0,28.450580205133374
41,T_6,C_6_2,0.54,0.56,1,0,1,5.160314263144145
0,T_6,C_6_9,0.57,0.64,1,0,1,21.90211468184617
34,T_6,C_6_9,0.61,0.68,1,0,0,15.294996747442823
25,T_5,C_5_10,0.54,0.6,0,0,1,-8.515192641740803
19,T_7,C_7_6,0.57,0.53,0,0,0,-23.92662918288446
43,T_5,C_5_1,0.57,0.58,1,0,0,23.002594887598924
42,T_7,C_7_8,0.61,0.58,1,0,1,7.119917978259197
16,T_7,C_7_11,0.56,0.54,1,0,0,19.53147786683858
49,T_8,C_8_3,0.61,0.66,1,0,1,1.0877324916075946
31,T_7,C_7_11,0.6,0.58,1,0,1,14.389373576687142
7,T_6,C_6_2,0.57,0.61,0,0,1,-5.752533028306178
6,T_6,C_6_2,0.57,0.6,0,0,1,-10.077342979930217
36,T_7,C_7_8,0.64,0.56,0,0,0,-30.139782605446136
28,T_4,C_4_4,0.49,0.54,0,0,1,-8.224544085666228
23,T_10,C_10_2,0.42,0.0,0,0,0,-9.167564672712968
17,T_6,C_6_9,0.66,0.73,1,0,1,14.499101993953733
10,T_6,C_6_2,0.59,0.61,0,0,1,-24.82847992937034
35,T_5,C_5_7,0.57,0.61,1,0,1,12.936510622639386
5,T_5,C_5_5,0.59,0.65,1,0,0,0.6644720551462715
24,T_3,C_3_4,0.71,0.58,0,0,1,-5.339111257197917
47,T_7,C_7_8,0.66,0.61,0,0,1,-0.5908306519709576
8,T_8,C_8_3,0.58,0.64,0,0,0,-33.68149274303861
48,T_5,C_5_1,0.57,0.66,0,0,0,-35.764654255066105
15,T_5,C_5_9,0.7,0.72,0,0,1,-44.95767055037704
18,T_7,C_7_11,0.63,0.62,0,0,1,-49.589105004735316
27,T_5,C_5_5,0.49,0.52,0,0,0,-30.62204941104966
38,T_5,C_5_8,0.51,0.53,0,0,1,-37.10866574598447
2,T_6,C_6_5,0.55,0.62,1,0,1,4.617395165430832
32,T_7,C_7_8,0.55,0.52,0,0,1,-12.073700724980139
44,T_5,C_5_8,0.62,0.65,1,0,1,1.6584910558417967
14,T_7,C_7_11,0.63,0.61,1,0,1,9.143650873193385
39,T_6,C_6_5,0.65,0.66,1,0,1,11.86986579448017
20,T_8,C_8_3,0.64,0.68,1,0,1,6.2127816055684715
23,T_10,C_10_1,0.41,0.0,1,0,0,5.440707683597189
12,T_7,C_7_8,0.59,0.52,1,0,0,19.509153953275515
45,T_2,C_2_5,0.71,0.7,0,0,0,-21.67281120792631
33,T_6,C_6_5,0.6,0.59,0,0,1,-22.512182363086943
21,T_4,C_4_4,0.53,0.53,0,0,0,-27.20527874039385
46,T_6,C_6_4,0.56,0.61,0,0,0,-22.99784230280209
40,T_7,C_7_11,0.62,0.57,0,0,1,-15.933868936526514
19,T_7,C_7_10,0.54,0.53,0,0,1,-24.83678632507737
16,T_7,C_7_6,0.54,0.54,1,0,0,22.206349307337106
3,T_6,C_6_2,0.54,0.55,1,0,1,11.989257382117811
9,T_7,C_7_8,0.66,0.61,0,0,1,-35.70495377595986
43,T_5,C_5_7,0.57,0.58,0,0,0,-6.45206458493335
1,T_7,C_7_8,0.64,0.57,1,0,0,7.006459636980172
11,T_6,C_6_2,0.63,0.68,1,0,1,16.87426860418701
37,T_8,C_8_3,0.56,0.61,0,0,0,-19.01418811241516
36,T_7,C_7_11,0.55,0.56,0,0,0,-25.545361674496878
13,T_5,C_5_10,0.53,0.51,0,0,1,-19.909265254690016
34,T_6,C_6_5,0.59,0.68,0,0,1,-25.58917460352589
29,T_7,C_7_8,0.57,0.55,0,0,0,-22.243165155944446
23,T_10,C_10_4,0.4,0.0,1,0,1,21.607276930301136
22,T_7,C_7_10,0.57,0.53,1,0,0,7.988775917471988
5,T_5,C_5_7,0.58,0.65,1,0,0,19.858373426080433
30,T_7,C_7_8,0.62,0.59,1,0,1,7.92099968870671
41,T_7,C_7_10,0.56,0.54,0,0,1,-15.077595051879978
0,T_7,C_7_8,0.64,0.55,0,0,1,-0.9072135218679702
26,T_6,C_6_2,0.53,0.58,0,0,1,-5.104254544060305
4,T_8,C_8_4,0.58,0.61,0,0,1,-30.936551908253193
48,T_5,C_5_10,0.57,0.66,0,0,0,-18.968095532414292
27,T_5,C_5_10,0.49,0.52,1,0,1,28.81019642878003
25,T_6,C_6_2,0.6,0.65,0,0,0,-28.061752020551875
6,T_7,C_7_11,0.6,0.53,0,0,0,-8.662819966816357
12,T_7,C_7_3,0.53,0.52,0,0,0,-8.082840355634701
7,T_7,C_7_8,0.61,0.54,0,0,0,-22.66439115777374
24,T_4,C_4_4,0.58,0.6,1,0,1,4.538639729513512
17,T_7,C_7_8,0.73,0.64,1,0,0,16.067973062846853
10,T_7,C_7_8,0.61,0.55,1,0,1,18.44632438418816
16,T_7,C_7_3,0.54,0.54,1,0,0,24.386364357539243
28,T_5,C_5_8,0.54,0.51,1,0,0,11.940661492782418
8,T_8,C_8_5,0.53,0.64,0,0,0,-13.927330855725259
42,T_8,C_8_4,0.58,0.63,0,0,1,-18.60863491427481
49,T_9,C_9_17,0.66,0.58,1,0,0,19.58489866799896
31,T_8,C_8_2,0.58,0.62,0,0,0,-43.33940343043399
1,T_7,C_7_11,0.58,0.57,0,0,0,-34.48557885631934
35,T_6,C_6_2,0.61,0.66,0,0,1,-1.9253238337998513
43,T_5,C_5_5,0.55,0.58,1,0,1,26.057662734923376
21,T_4,C_4_5,0.46,0.53,1,0,1,1.1714096066499398
36,T_7,C_7_6,0.53,0.56,1,0,1,13.829913908436833
45,T_2,C_2_16,0.66,0.7,1,0,0,20.378557191031145
29,T_7,C_7_11,0.56,0.55,1,0,0,6.001937236482656
46,T_6,C_6_9,0.55,0.61,1,0,1,11.920588030133459
2,T_7,C_7_8,0.62,0.55,0,0,0,-15.707958831807316
38,T_6,C_6_2,0.53,0.6,1,0,0,1.0627741970057256
22,T_7,C_7_11,0.57,0.53,0,0,1,-14.70486341108224
15,T_6,C_6_2,0.72,0.75,0,0,0,-13.98454678839093
18,T_8,C_8_2,0.62,0.63,1,0,1,9.63991511478902
47,T_8,C_8_2,0.61,0.68,1,0,0,24.28329019718848
39,T_7,C_7_11,0.66,0.59,1,0,1,14.809398779500679
5,T_5,C_5_1,0.57,0.65,1,0,0,35.05652388493652
44,T_6,C_6_2,0.65,0.66,1,0,1,28.76507651651549
33,T_7,C_7_8,0.59,0.53,1,0,1,17.23986067859721
32,T_8,C_8_2,0.52,0.61,1,0,1,11.81060438842916
14,T_8,C_8_2,0.61,0.62,0,0,1,-31.754241584153938
20,T_9,C_9_1,0.68,0.61,0,0,0,-56.02374978087525
12,T_7,C_7_6,0.5,0.52,0,0,0,-21.80211043661298
6,T_7,C_7_10,0.58,0.53,0,0,1,-38.45048119053945
7,T_7,C_7_3,0.56,0.54,0,0,0,-29.387571623042728
48,T_5,C_5_8,0.57,0.66,1,0,1,7.39250152083064
3,T_7,C_7_8,0.55,0.5,0,0,1,-4.038874990178146
17,T_7,C_7_11,0.67,0.64,1,0,1,27.613658384191915
16,T_7,C_7_10,0.52,0.54,1,0,0,15.38684308017644
37,T_8,C_8_2,0.48,0.61,0,0,0,-3.134697389797442
11,T_7,C_7_8,0.68,0.61,1,0,0,47.89236093880958
9,T_8,C_8_2,0.61,0.66,1,0,1,8.555184475255263
40,T_8,C_8_5,0.57,0.64,0,0,1,-2.979668944940163
34,T_7,C_7_8,0.68,0.57,1,0,1,16.640526494799243
49,T_9,C_9_1,0.66,0.58,1,0,0,17.56546754053758
25,T_6,C_6_9,0.56,0.65,1,0,1,15.769621415103824
28,T_5,C_5_9,0.53,0.51,0,0,0,-27.480976535914547
13,T_6,C_6_9,0.51,0.52,0,0,1,-16.68513778428906
1,T_7,C_7_3,0.57,0.57,0,0,0,-21.203309870092827
19,T_8,C_8_3,0.53,0.6,0,0,0,-39.97458992207463
29,T_7,C_7_13,0.54,0.55,1,0,1,8.233236171477444
26,T_7,C_7_8,0.58,0.55,1,0,0,16.36615896493064
2,T_7,C_7_11,0.55,0.55,0,0,1,-23.464435574193136
30,T_8,C_8_4,0.59,0.6,1,0,0,19.737353280568893
0,T_8,C_8_2,0.55,0.64,1,0,0,45.74704692254803
27,T_6,C_6_9,0.52,0.59,1,0,0,9.463557969627733
41,T_8,C_8_2,0.54,0.6,0,0,1,-2.9488131643928965
4,T_9,C_9_17,0.61,0.52,0,0,0,-21.516567378053164
8,T_8,C_8_2,0.5,0.64,0,0,1,-33.34034764806653
24,T_5,C_5_7,0.6,0.59,0,0,1,-28.125116711925344
5,T_5,C_5_10,0.55,0.65,0,0,1,-25.627044732490926
45,T_2,C_2_10,0.63,0.7,1,0,0,11.295578943981386
20,T_9,C_9_19,0.67,0.61,0,0,1,-6.283740259615265
12,T_7,C_7_11,0.49,0.52,0,0,1,-14.276292013547806
7,T_7,C_7_10,0.56,0.54,1,0,0,4.0022060197360965
31,T_8,C_8_4,0.58,0.62,0,0,0,-3.927877367050291
38,T_6,C_6_5,0.5,0.6,1,0,1,10.564534620913914
16,T_7,C_7_7,0.49,0.54,0,0,1,-9.458014270995083
35,T_7,C_7_8,0.66,0.6,0,0,0,-19.545026427105128
10,T_8,C_8_3,0.55,0.61,1,0,1,11.74683270994033
15,T_6,C_6_9,0.7,0.75,1,0,1,4.796704832702492
46,T_7,C_7_8,0.61,0.55,0,0,0,-6.191775600283638
11,T_7,C_7_6,0.64,0.61,1,0,1,13.014482381836414
42,T_9,C_9_3,0.63,0.54,1,0,0,2.9927710152974587
21,T_5,C_5_7,0.53,0.56,0,0,1,-27.74601408056133
43,T_6,C_6_9,0.58,0.58,0,0,0,-14.40902275555991
49,T_9,C_9_15,0.65,0.58,0,0,1,-18.5884189387753
1,T_7,C_7_10,0.55,0.57,0,0,1,-12.558575652850134
47,T_8,C_8_3,0.58,0.68,1,0,1,11.628727952635288
36,T_8,C_8_4,0.56,0.61,1,0,0,12.859204143111484
44,T_7,C_7_11,0.66,0.6,1,0,0,34.55554488922382
26,T_7,C_7_3,0.57,0.55,1,0,1,38.6748342293253
28,T_5,C_5_7,0.51,0.51,0,0,0,-20.568141706787806
18,T_9,C_9_1,0.63,0.54,0,0,1,-27.427143047974447
22,T_8,C_8_3,0.53,0.59,1,0,0,2.7361883422465105
4,T_9,C_9_3,0.59,0.52,0,0,0,-24.382227298653596
20,T_10,C_10_2,0.61,0.0,0,0,1,-37.08974467073194
32,T_9,C_9_3,0.61,0.5,0,0,1,-29.48442805277472
39,T_8,C_8_2,0.59,0.67,0,0,1,-28.996099977064922
33,T_8,C_8_4,0.53,0.61,0,0,0,-23.912773225270588
14,T_9,C_9_17,0.62,0.55,0,0,1,-26.808803471017278
37,T_8,C_8_5,0.48,0.61,0,0,0,-15.018003218969397
7,T_7,C_7_11,0.56,0.54,0,0,0,-3.206066611391314
6,T_8,C_8_2,0.53,0.62,0,0,0,-27.90271178695466
48,T_6,C_6_2,0.66,0.7,0,0,1,-25.822937917607927
35,T_7,C_7_11,0.58,0.6,1,0,1,17.74630621580237
25,T_7,C_7_8,0.65,0.53,1,0,1,3.0502673979189394
27,T_6,C_6_2,0.5,0.59,1,0,0,38.646010446891765
3,T_8,C_8_2,0.5,0.57,1,0,1,18.673596653788305
13,T_7,C_7_8,0.52,0.52,0,0,1,-9.10554370146243
49,T_10,C_10_1,0.58,0.0,0,0,0,-1.2476852168036752
17,T_8,C_8_4,0.64,0.66,1,0,1,10.833363573833978
19,T_8,C_8_6,0.5,0.6,0,0,1,-11.50518461139757
46,T_7,C_7_11,0.58,0.55,1,0,0,9.333948263420147
42,T_9,C_9_15,0.61,0.54,1,0,0,4.514686224645907
9,T_9,C_9_1,0.66,0.54,1,0,1,4.457775655540209
30,T_8,C_8_6,0.54,0.6,0,0,1,-4.659106909648276
40,T_9,C_9_19,0.64,0.55,0,0,0,-6.687214342502737
45,T_2,C_2_18,0.6,0.7,0,0,1,-0.8008932931585802
0,T_8,C_8_3,0.54,0.64,1,0,1,35.349017892101884
18,T_10,C_10_4,0.54,0.0,1,0,0,2.7205889644210677
34,T_8,C_8_4,0.57,0.62,1,0,0,25.706873253697903
44,T_7,C_7_8,0.66,0.6,0,0,1,-40.957898413596496
32,T_10,C_10_3,0.5,0.0,0,0,0,-27.738965095071233
29,T_8,C_8_3,0.55,0.6,1,0,1,4.023301310964918
14,T_10,C_10_3,0.55,0.0,0,0,1,-20.130882163997075
4,T_9,C_9_19,0.59,0.52,0,0,1,-20.493165042408965
49,T_10,C_10_4,0.56,0.0,0,0,0,-11.99998886374892
2,T_8,C_8_4,0.55,0.62,0,0,0,-12.672445439431288
28,T_5,C_5_1,0.51,0.51,1,0,0,15.057974029176165
31,T_8,C_8_5,0.56,0.62,1,0,0,21.653895935406904
41,T_9,C_9_1,0.6,0.49,1,0,1,6.276186957078698
43,T_6,C_6_2,0.57,0.58,1,0,1,1.5974714036348283
24,T_6,C_6_9,0.59,0.61,0,0,0,-21.334459289434466
5,T_6,C_6_2,0.65,0.72,0,0,1,-14.29078693750542
8,T_9,C_9_1,0.64,0.57,0,0,1,-8.488684278259896
38,T_7,C_7_8,0.6,0.51,1,0,0,14.825142926967612
7,T_7,C_7_6,0.53,0.54,0,0,0,-21.932955244392094
15,T_7,C_7_11,0.75,0.71,0,0,1,-34.80133764779608
18,T_10,C_10_3,0.53,0.0,0,0,1,-35.015998935787024
9,T_10,C_10_4,0.54,0.0,1,0,1,2.1652271431460566
32,T_10,C_10_4,0.49,0.0,0,0,0,-6.662903588191582
12,T_8,C_8_2,0.52,0.55,0,0,0,-19.298748795874413
16,T_8,C_8_4,0.54,0.62,0,0,0,-22.09333674175387
21,T_6,C_6_5,0.56,0.58,0,0,1,-27.32665200668279
36,T_8,C_8_3,0.54,0.61,0,0,1,-10.59893227711918
46,T_7,C_7_10,0.56,0.55,0,0,1,-14.365988208280815
42,T_9,C_9_17,0.59,0.54,0,0,0,-14.414543832128395
10,T_9,C_9_3,0.61,0.54,0,0,0,-18.507352682773753
49,T_10,C_10_3,0.55,0.0,1,0,1,7.556958346045061
40,T_9,C_9_3,0.63,0.55,1,0,1,2.717012502496202
22,T_8,C_8_2,0.52,0.59,1,0,0,2.628556476045478
11,T_8,C_8_2,0.61,0.68,1,0,1,16.245355985548855
47,T_9,C_9_1,0.68,0.56,1,0,1,8.784122650277567
4,T_10,C_10_3,0.52,0.0,0,0,0,-19.837495936406757
27,T_6,C_6_5,0.5,0.59,0,0,1,-1.6937650495566139
1,T_8,C_8_3,0.57,0.62,0,0,1,-10.620370554143767
33,T_8,C_8_2,0.52,0.61,0,0,1,-24.927863282735167
37,T_8,C_8_4,0.46,0.61,1,0,1,28.652483184296482
26,T_8,C_8_2,0.55,0.6,0,0,0,-9.490968442376623
6,T_8,C_8_3,0.51,0.62,1,0,0,4.397444994116183
41,T_10,C_10_2,0.49,0.0,1,0,1,9.111817710315911
39,T_9,C_9_1,0.67,0.62,1,0,0,1.0046313522160766
32,T_10,C_10_2,0.47,0.0,0,0,0,-0.5343099208035902
48,T_7,C_7_8,0.7,0.59,0,0,1,-1.1547123358268223
8,T_10,C_10_2,0.57,0.0,1,0,1,7.9381015438794185
28,T_5,C_5_10,0.48,0.51,1,0,0,15.797331333000542
38,T_7,C_7_11,0.53,0.51,0,0,1,-4.765271897607544
45,T_3,C_3_4,0.7,0.59,0,0,1,-18.716787049122676
7,T_7,C_7_13,0.52,0.54,0,0,0,-15.927090079425707
35,T_8,C_8_2,0.6,0.6,0,0,1,-17.226079488966295
3,T_9,C_9_3,0.57,0.47,0,0,0,-16.356031512225815
13,T_8,C_8_3,0.52,0.59,0,0,1,-3.3705417903394803
25,T_8,C_8_2,0.53,0.6,0,0,1,-33.114798138586124
17,T_9,C_9_17,0.66,0.61,0,0,1,-19.22664819904561
19,T_9,C_9_3,0.6,0.48,1,0,1,21.367111139297386
4,T_10,C_10_2,0.51,0.0,0,0,1,-7.941391130212381
34,T_8,C_8_2,0.56,0.62,0,0,1,-19.88885489832832
40,T_10,C_10_3,0.55,0.0,1,0,1,11.431838018265589
30,T_9,C_9_3,0.6,0.55,1,0,0,15.90928591944284
42,T_9,C_9_1,0.58,0.54,0,0,1,-8.73237261488072
24,T_6,C_6_5,0.59,0.61,1,0,0,10.293597515796682
47,T_10,C_10_2,0.56,0.0,1,0,0,25.952647425598208
10,T_9,C_9_1,0.59,0.54,1,0,1,26.796904791803886
0,T_9,C_9_3,0.64,0.54,1,0,0,18.16190779841841
32,T_10,C_10_1,0.47,0.0,0,0,0,-21.855140518690035
2,T_8,C_8_5,0.5,0.62,0,0,0,-41.742104313216814
31,T_8,C_8_3,0.53,0.62,0,0,1,-13.11750750388721
44,T_8,C_8_3,0.6,0.68,0,0,0,-22.209086791385005
29,T_9,C_9_1,0.6,0.49,0,0,1,-17.832214412715167
43,T_7,C_7_8,0.58,0.52,1,0,1,21.72604414506442
5,T_7,C_7_8,0.72,0.7,1,0,0,3.2143567487232803
39,T_9,C_9_17,0.65,0.62,0,0,1,-32.20545351072472
12,T_8,C_8_4,0.47,0.55,0,0,1,-41.362269709708045
16,T_8,C_8_2,0.52,0.62,0,0,0,-7.308327284268182
47,T_10,C_10_1,0.56,0.0,1,0,0,0.8141033430000926
17,T_10,C_10_1,0.61,0.0,1,0,0,20.024575442071853
7,T_7,C_7_2,0.5,0.54,1,0,1,19.953358824861162
21,T_7,C_7_8,0.58,0.51,1,0,1,15.059590278867105
3,T_9,C_9_1,0.56,0.47,1,0,1,14.85187514533593
15,T_8,C_8_2,0.71,0.78,1,0,1,17.419234195781065
19,T_10,C_10_2,0.48,0.0,1,0,1,24.897273978808315
28,T_5,C_5_3,0.46,0.51,1,0,0,21.90735701558173
32,T_10,C_10_5,0.39,0.0,1,0,1,22.70966107685271
22,T_8,C_8_5,0.52,0.59,0,0,0,-9.479103037049512
42,T_10,C_10_1,0.54,0.0,0,0,0,-23.404023342600325
10,T_10,C_10_4,0.54,0.0,0,0,0,-21.30428783662797
36,T_9,C_9_3,0.61,0.52,0,0,1,-24.587217547200922
30,T_9,C_9_19,0.59,0.55,0,0,1,-21.849816302684815
27,T_7,C_7_8,0.59,0.53,0,0,1,-23.634349950854833
46,T_8,C_8_4,0.55,0.6,1,0,0,3.3887797486224387
6,T_8,C_8_4,0.5,0.62,1,0,0,22.85404001744861
26,T_8,C_8_3,0.54,0.6,1,0,0,14.984936243863682
47,T_10,C_10_4,0.54,0.0,1,0,1,29.244442128276788
17,T_10,C_10_2,0.58,0.0,0,0,0,-2.091175080224569
0,T_9,C_9_1,0.61,0.54,0,0,0,-5.197771075513162
11,T_9,C_9_3,0.68,0.59,0,0,1,-14.519916507143062
29,T_10,C_10_2,0.49,0.0,0,0,1,-10.684624120618135
1,T_9,C_9_3,0.62,0.53,0,0,0,-0.26477593443006286
45,T_4,C_4_1,0.59,0.63,0,0,0,-12.744493747481211
39,T_10,C_10_4,0.62,0.0,1,0,1,21.547017273461535
33,T_9,C_9_3,0.61,0.53,1,0,1,24.249894548857895
37,T_9,C_9_3,0.61,0.49,0,0,0,-4.134436885038109
5,T_7,C_7_11,0.64,0.7,1,0,1,23.605513275357286
3,T_10,C_10_3,0.47,0.0,0,0,1,-3.409580092406629
42,T_10,C_10_4,0.53,0.0,0,0,0,-25.062651790250925
10,T_10,C_10_1,0.52,0.0,0,0,0,-17.05211931511926
48,T_8,C_8_2,0.59,0.65,0,0,1,-9.432374566394953
24,T_6,C_6_2,0.56,0.61,0,0,0,-19.572058961485524
38,T_8,C_8_2,0.51,0.57,1,0,1,3.223743858955175
35,T_9,C_9_17,0.6,0.51,1,0,1,25.29386847156068
17,T_10,C_10_4,0.57,0.0,1,0,1,27.060049229578183
36,T_10,C_10_1,0.52,0.0,0,0,1,-7.141746566533772
13,T_9,C_9_3,0.59,0.46,0,0,0,-14.735089993186238
30,T_10,C_10_1,0.55,0.0,0,0,1,-7.213553322639086
25,T_9,C_9_15,0.6,0.5,0,0,1,-18.08200501064838
34,T_9,C_9_3,0.62,0.55,1,0,1,16.875641793369258
28,T_5,C_5_2,0.45,0.51,1,0,0,0.32330742854620764
2,T_8,C_8_3,0.47,0.62,0,0,0,-41.334547207192806
44,T_8,C_8_5,0.6,0.68,1,0,1,3.396919406619743
11,T_10,C_10_1,0.59,0.0,1,0,1,9.921465485158306
42,T_10,C_10_2,0.52,0.0,1,0,0,16.989213024243433
10,T_10,C_10_2,0.49,0.0,1,0,1,18.183191020769208
0,T_9,C_9_15,0.6,0.54,0,0,0,-15.52806676305383
16,T_8,C_8_3,0.49,0.62,0,0,1,-19.06011045459502
33,T_10,C_10_4,0.53,0.0,0,0,1,-5.954126382058218
31,T_9,C_9_3,0.62,0.53,0,0,1,-28.961363295179265
1,T_9,C_9_15,0.61,0.53,1,0,1,2.528080376114983
37,T_9,C_9_1,0.59,0.49,1,0,1,23.08900763742767
43,T_8,C_8_3,0.52,0.63,1,0,1,22.410641699568068
35,T_10,C_10_3,0.51,0.0,0,0,1,-26.237671937955483
22,T_8,C_8_6,0.5,0.59,0,0,1,-14.750595545077793
12,T_9,C_9_3,0.55,0.49,0,0,1,-6.546654792867518
42,T_10,C_10_3,0.45,0.0,1,0,0,4.169763117580263
45,T_4,C_4_4,0.58,0.63,0,0,1,-9.240539241949715
21,T_8,C_8_4,0.51,0.56,0,0,0,-3.758308885229326
34,T_10,C_10_1,0.55,0.0,0,0,0,-4.0551570227651705
7,T_8,C_8_2,0.54,0.61,1,0,1,3.106447561762071
25,T_10,C_10_4,0.5,0.0,0,0,0,-29.821679172934378
15,T_9,C_9_1,0.78,0.68,0,0,1,-39.2223660647489
46,T_8,C_8_2,0.54,0.6,0,0,1,-5.848010025825025
13,T_9,C_9_1,0.55,0.46,0,0,0,-9.697339507289854
6,T_8,C_8_5,0.49,0.62,0,0,0,-12.018849804772671
26,T_8,C_8_6,0.47,0.6,0,0,1,-11.226229340568704
42,T_10,C_10_5,0.45,0.0,1,0,0,6.032148256495333
27,T_8,C_8_3,0.53,0.6,1,0,1,32.52086873621809
31,T_10,C_10_3,0.53,0.0,1,0,0,22.904135214723205
24,T_6,C_6_4,0.56,0.61,1,0,0,23.751602488485325
28,T_5,C_5_5,0.44,0.51,1,0,1,6.508239842854599
34,T_10,C_10_3,0.52,0.0,0,0,0,-7.400178814710824
1,T_10,C_10_1,0.53,0.0,1,0,0,35.17721286700926
0,T_9,C_9_17,0.58,0.54,1,0,0,15.567775686793219
37,T_10,C_10_2,0.49,0.0,1,0,1,2.888428562910848
25,T_10,C_10_1,0.48,0.0,0,0,1,-16.07975325527096
12,T_10,C_10_3,0.49,0.0,0,0,0,-15.64423953456576
31,T_10,C_10_1,0.53,0.0,1,0,1,17.359068415204174
15,T_10,C_10_4,0.68,0.0,1,0,0,4.199420964259348
34,T_10,C_10_4,0.51,0.0,1,0,0,16.0744604420991
1,T_10,C_10_2,0.52,0.0,1,0,1,31.490837347164796
48,T_9,C_9_1,0.65,0.6,0,0,0,-19.378854400401032
5,T_8,C_8_2,0.7,0.68,0,0,1,-19.350105809645676
2,T_8,C_8_2,0.47,0.62,1,0,0,15.360093787032493
13,T_9,C_9_19,0.52,0.46,0,0,0,-2.1925369070418785
38,T_9,C_9_3,0.57,0.5,0,0,1,-8.659316186321151
12,T_10,C_10_1,0.45,0.0,0,0,0,-4.040509880014877
15,T_10,C_10_1,0.66,0.0,1,0,1,18.402247815561854
34,T_10,C_10_2,0.5,0.0,1,0,1,4.427252067770615
0,T_9,C_9_19,0.55,0.54,0,0,0,-11.150169740185945
12,T_10,C_10_2,0.42,0.0,1,0,0,3.7955189496236663
44,T_9,C_9_3,0.68,0.58,0,0,1,-7.043765593851745
12,T_10,C_10_4,0.4,0.0,1,0,0,1.6389139804295265
12,T_10,C_10_5,0.36,0.0,1,0,1,1.52013238223297
16,T_9,C_9_3,0.62,0.53,1,0,0,0.1538565586707339
38,T_10,C_10_4,0.5,0.0,0,0,0,-4.191202067794933
21,T_8,C_8_6,0.49,0.56,0,0,1,-1.9064449488669304
48,T_9,C_9_3,0.65,0.6,1,0,1,0.12466075015463218
13,T_9,C_9_15,0.49,0.46,1,0,1,7.771897216009385
38,T_10,C_10_1,0.47,0.0,0,0,0,-12.627090013436879
24,T_6,C_6_8,0.53,0.61,0,0,0,-20.38599869940567
43,T_9,C_9_3,0.63,0.49,0,0,1,-1.7554578821812354
45,T_5,C_5_5,0.63,0.64,0,0,1,-20.212330447567986
44,T_10,C_10_4,0.58,0.0,1,0,1,22.138074274979203
22,T_9,C_9_1,0.59,0.51,1,0,0,16.244800233845258
38,T_10,C_10_2,0.45,0.0,1,0,1,23.914616798603433
6,T_8,C_8_6,0.47,0.62,1,0,1,29.453805236624575
0,T_9,C_9_12,0.53,0.54,0,0,0,-29.83260826055382
7,T_9,C_9_1,0.61,0.5,0,0,1,-0.3496312318103083
48,T_10,C_10_4,0.6,0.0,0,0,1,-4.333019936129267
46,T_9,C_9_17,0.6,0.51,1,0,1,11.090568103737889
13,T_10,C_10_2,0.46,0.0,1,0,1,8.044610185686901
26,T_9,C_9_1,0.6,0.48,0,0,1,-23.93314091269326
16,T_9,C_9_1,0.59,0.53,0,0,1,-19.321057128393274
43,T_10,C_10_2,0.49,0.0,0,0,1,-4.384663323083537
28,T_6,C_6_2,0.51,0.55,0,0,0,-21.71904751079785
27,T_9,C_9_3,0.6,0.5,0,0,1,-15.203383912109295
22,T_9,C_9_17,0.58,0.51,0,0,1,-17.14873731198956
2,T_8,C_8_1,0.46,0.62,0,0,1,-17.11512849656257
7,T_10,C_10_4,0.5,0.0,0,0,1,-19.829178083339446
0,T_9,C_9_16,0.52,0.54,0,0,1,-22.4440541163973
46,T_10,C_10_2,0.51,0.0,0,0,0,-6.232044369268331
26,T_10,C_10_4,0.48,0.0,0,0,1,-21.00939456168178
16,T_10,C_10_4,0.53,0.0,1,0,1,4.193761973957351
5,T_9,C_9_1,0.68,0.6,0,0,0,-11.805139728403987
46,T_10,C_10_4,0.5,0.0,1,0,1,19.634179327060075
27,T_10,C_10_1,0.5,0.0,0,0,1,-4.857858015059671
22,T_10,C_10_2,0.51,0.0,1,0,1,13.044309296841577
24,T_6,C_6_3,0.5,0.61,1,0,0,4.08764445866276
0,T_10,C_10_4,0.54,0.0,1,0,1,1.9929742597323807
5,T_9,C_9_15,0.64,0.6,0,0,0,-26.85319264587388
28,T_6,C_6_5,0.5,0.55,0,0,0,-8.173214527711943
21,T_9,C_9_17,0.56,0.46,0,0,0,-9.18853181436401
45,T_6,C_6_2,0.64,0.74,1,0,1,9.049804950593451
6,T_9,C_9_1,0.62,0.55,0,0,0,-0.5318319354802465
5,T_9,C_9_17,0.63,0.6,1,0,1,3.7721889027666133
24,T_6,C_6_7,0.43,0.61,1,0,0,10.940765007512965
21,T_9,C_9_3,0.53,0.46,0,0,1,-12.587995550320205
2,T_9,C_9_3,0.62,0.48,0,0,0,-13.268764471422958
6,T_9,C_9_19,0.6,0.55,1,0,1,3.8723030667034157
5,T_10,C_10_4,0.6,0.0,0,0,1,-34.93771452478037
21,T_10,C_10_1,0.46,0.0,0,0,1,-14.409337698419332
28,T_6,C_6_9,0.49,0.55,0,0,1,-11.17225232593428
6,T_10,C_10_2,0.55,0.0,0,0,0,-6.356478809933129
2,T_9,C_9_17,0.58,0.48,1,0,1,9.462252866485478
6,T_10,C_10_4,0.51,0.0,1,0,1,18.900906503836183
45,T_7,C_7_8,0.74,0.61,0,0,1,-52.22158560428454
24,T_6,C_6_6,0.41,0.61,0,0,0,-29.341433760466728
2,T_10,C_10_1,0.48,0.0,0,0,1,-11.00484800196446
28,T_7,C_7_11,0.55,0.52,0,0,1,-7.382352502542538
24,T_6,C_6_1,0.4,0.61,0,0,0,-3.7962449852628355
45,T_8,C_8_3,0.61,0.68,1,0,1,1.000694216692576
28,T_8,C_8_2,0.52,0.6,0,0,1,-9.725169581123627
24,T_7,C_7_8,0.61,0.58,0,0,1,-5.111656067610102
45,T_9,C_9_3,0.68,0.61,0,0,1,-33.20684082039746
45,T_10,C_10_1,0.61,0.0,0,0,0,-34.47130163870739
45,T_10,C_10_4,0.57,0.0,0,0,1,-3.0990154658433084
24,T_8,C_8_3,0.58,0.61,1,0,1,19.678472416407377
28,T_9,C_9_1,0.6,0.5,0,0,0,-9.799726649490959
28,T_9,C_9_15,0.57,0.5,1,0,1,12.289424024566198
28,T_10,C_10_4,0.5,0.0,0,0,1,-9.066416298002302
24,T_9,C_9_3,0.61,0.53,0,0,1,-6.438217056654068
24,T_10,C_10_1,0.53,0.0,0,0,1,-5.805316954275069
