student_number,topic,arm_pulled,pay-off,pay-off_next_topic,actual_decision,skip_decision,reward,confidence_score,expected_reward
0,T_1,C_1_1,0.06,0.04,0,0,0,-10.0,0.4706502625483955
1,T_1,C_1_1,0.06,0.04,0,0,0,-10.0,0.5082196093271569
2,T_1,C_1_1,0.06,0.04,1,0,0,22.14785214785214,0.4006875871865545
48,T_1,C_1_1,0.06,0.05,1,0,1,32.48552344963112,0.5479572896936287
8,T_1,C_1_1,0.06,0.04,1,0,0,23.18243272181457,0.5370102526779118
7,T_1,C_1_1,0.06,0.04,0,0,1,-15.854611523934238,0.5144644261764897
5,T_1,C_1_1,0.07,0.05,0,0,1,-16.119551762978066,0.5698417567819909
29,T_1,C_1_1,0.06,0.04,0,0,1,-16.396444193256947,0.4832401645254848
45,T_1,C_1_1,0.07,0.05,0,0,0,-17.421344591663324,0.5179169440357054
19,T_1,C_1_1,0.06,0.04,0,0,1,-9.508993994053759,0.44226274858100445
25,T_1,C_1_1,0.06,0.04,1,0,0,15.571144159798488,0.45250949745037317
15,T_1,C_1_1,0.07,0.05,0,0,1,-16.930308735089618,0.6580682843785299
20,T_1,C_1_1,0.07,0.05,1,0,0,30.63980087621639,0.5703673756214107
21,T_1,C_1_1,0.06,0.04,1,0,1,8.026865552833318,0.44181871616627205
40,T_1,C_1_1,0.06,0.04,1,0,0,30.207960080196486,0.5210713863536676
3,T_1,C_1_1,0.06,0.04,1,0,1,19.47064664736067,0.4643668207296695
4,T_1,C_1_1,0.06,0.04,0,0,0,-15.21373759445213,0.5154454564804052
24,T_1,C_1_1,0.06,0.04,0,0,0,-9.823081530833838,0.4885229337341872
12,T_1,C_1_1,0.06,0.04,0,0,0,-8.804194850913358,0.4139670223324165
38,T_1,C_1_1,0.06,0.04,0,0,0,-20.164035805187716,0.4670155355617441
23,T_1,C_1_1,0.06,0.04,0,0,0,-4.686898628249343,0.3922820208903127
13,T_1,C_1_1,0.06,0.04,0,0,0,-5.7594632405753865,0.426483745384831
44,T_1,C_1_1,0.06,0.05,0,0,1,-6.762641785986142,0.5214022215737663
16,T_1,C_1_1,0.06,0.04,0,0,1,-21.711996304357545,0.4907341370096435
42,T_1,C_1_1,0.06,0.04,0,0,1,-11.392664035804017,0.5025896640039833
6,T_1,C_1_1,0.06,0.04,1,0,0,22.291475921282007,0.5673550027568239
14,T_1,C_1_1,0.06,0.04,0,0,0,-5.504901238733298,0.5235583183993134
9,T_1,C_1_1,0.06,0.04,0,0,0,-14.39620683067333,0.5621620214534067
33,T_1,C_1_1,0.06,0.04,0,0,1,-14.95330712858793,0.5375975975189697
43,T_1,C_1_1,0.06,0.04,1,0,1,8.322821533543927,0.48393838393935973
17,T_1,C_1_1,0.07,0.05,1,0,1,2.6584650979003612,0.5625478245794596
26,T_1,C_1_1,0.06,0.04,1,0,0,0.7287621276033356,0.4692245847176573
28,T_1,C_1_1,0.06,0.04,0,0,0,-6.295990347644189,0.49765605832641124
22,T_1,C_1_1,0.06,0.04,1,0,1,24.657862812152498,0.503831449938922
34,T_1,C_1_1,0.06,0.04,1,0,0,36.403659053497705,0.507843707847407
47,T_1,C_1_1,0.06,0.04,1,0,1,33.19099832154913,0.5779513553859069
36,T_1,C_1_1,0.06,0.04,1,0,0,31.054499805228666,0.4418565265829686
39,T_1,C_1_1,0.07,0.05,1,0,1,24.692482001074357,0.5946393355912906
49,T_1,C_1_1,0.07,0.05,1,0,0,44.37497458267676,0.5317421544078542
31,T_1,C_1_1,0.06,0.04,0,0,0,-12.817154096711652,0.5028921063007585
32,T_1,C_1_1,0.06,0.04,0,0,1,-19.29442682398438,0.4557052333220095
11,T_1,C_1_1,0.07,0.05,0,0,0,-7.829999946514027,0.49721037636361953
46,T_1,C_1_1,0.06,0.04,0,0,0,-24.45055330619782,0.5428902019042562
30,T_1,C_1_1,0.06,0.04,0,0,0,-31.93079046034802,0.5053335927565414
27,T_1,C_1_1,0.06,0.04,1,0,0,28.443223840836975,0.38882080084501824
41,T_1,C_1_1,0.06,0.04,1,0,1,20.76910106835591,0.4829410902831942
35,T_1,C_1_1,0.06,0.04,1,0,0,27.29624815621376,0.46750953169262943
10,T_1,C_1_1,0.06,0.04,0,0,0,-17.40825406442485,0.49785455370284
37,T_1,C_1_1,0.06,0.04,1,0,0,10.169556100653228,0.46291670252753736
18,T_1,C_1_1,0.06,0.04,0,0,0,-14.253771155853505,0.5239941192631274
0,T_1,C_1_2,0.07,0.04,1,0,0,24.083860920211457,0.4778651436003832
2,T_1,C_1_2,0.07,0.04,0,0,0,-7.388413528149946,0.5008650138561563
1,T_1,C_1_2,0.07,0.04,1,0,0,30.780866545421354,0.5561322540248403
8,T_1,C_1_2,0.07,0.04,1,0,1,17.000147385121657,0.4538930767948207
45,T_1,C_1_2,0.07,0.05,1,0,0,43.18326372945165,0.5564928794754638
25,T_1,C_1_2,0.07,0.04,1,0,0,3.2841722813218457,0.5077102380339188
20,T_1,C_1_2,0.07,0.05,1,0,0,18.400884571113686,0.4827735923769083
40,T_1,C_1_2,0.07,0.04,1,0,1,26.298379691182703,0.5007200945470403
24,T_1,C_1_2,0.07,0.04,0,0,1,-12.306867511804072,0.48149278327207606
12,T_1,C_1_2,0.08,0.04,1,0,0,28.537588459928394,0.43454514992995186
4,T_1,C_1_2,0.07,0.04,1,0,1,12.574112177455463,0.4947807584693439
13,T_1,C_1_2,0.08,0.04,1,0,1,19.779772554813952,0.38526931017261234
38,T_1,C_1_2,0.07,0.04,1,0,1,28.18637632839887,0.46966705979842155
23,T_1,C_1_2,0.08,0.04,1,0,1,12.803284549550147,0.42969299315376613
14,T_1,C_1_2,0.07,0.04,0,0,0,-25.53617152979795,0.48996706469555185
48,T_2,C_2_1,0.05,0.08,0,0,0,-44.568309723766276,0.47223305350565026
6,T_1,C_1_2,0.07,0.04,0,0,0,-60.50622129479168,0.47118938672417765
9,T_1,C_1_2,0.07,0.04,1,0,1,8.034685606408551,0.5353941147554031
5,T_2,C_2_1,0.05,0.08,1,0,0,21.410858214288474,0.5065651214860063
29,T_2,C_2_1,0.04,0.08,0,0,1,-10.009604930267948,0.34922555561735547
19,T_2,C_2_1,0.04,0.08,1,0,0,19.869970135809254,0.278440798353502
7,T_2,C_2_1,0.04,0.08,1,0,0,33.6684706044128,0.37969721435743875
34,T_1,C_1_2,0.07,0.04,1,0,0,11.344488281472993,0.5079862974657736
15,T_2,C_2_1,0.05,0.08,1,0,0,4.249958408267256,0.5417853550135863
26,T_1,C_1_2,0.07,0.04,1,0,1,2.867357846995059,0.45307516181694063
28,T_1,C_1_2,0.07,0.88,0,0,1,-4.795920439648889,0.4415703938386867
36,T_1,C_1_2,0.07,0.7,1,0,0,22.075566429361132,0.5517186721194627
3,T_2,C_2_1,0.04,0.08,0,0,1,-26.412370457003984,0.3363501734229621
21,T_2,C_2_1,0.04,0.08,0,0,0,-20.211440224445838,0.3296127809254592
11,T_1,C_1_2,0.07,7.55,1,0,1,70.14472013271673,0.5631625586404021
16,T_2,C_2_1,0.04,0.08,1,0,0,19.394256310824353,0.4106127087972535
31,T_1,C_1_2,0.07,2.06,1,0,1,23.05381104180764,0.5318553250451024
49,T_1,C_1_2,0.07,0.41,1,0,0,12.48887597687258,0.5523385346939567
46,T_1,C_1_2,0.07,-0.01,0,0,0,-0.16005512644750475,0.5273198693824169
42,T_2,C_2_1,0.04,0.08,1,0,1,14.076274808677605,0.39010932671127696
30,T_1,C_1_2,0.07,0.78,0,0,1,-36.44067928742567,0.4877140803049589
44,T_2,C_2_1,0.05,0.08,0,0,1,-10.293983973816875,0.4496394680667613
43,T_2,C_2_1,0.04,0.08,0,0,0,-4.727900911405292,0.34678990884702215
10,T_1,C_1_2,0.07,0.37,0,0,1,-17.858776487442164,0.4805839117997076
35,T_1,C_1_2,0.07,0.46,1,0,1,21.386143112065948,0.5408573730401328
0,T_1,C_1_3,0.08,0.64,0,0,1,-26.097486164861515,0.6062186825428767
27,T_1,C_1_2,0.07,0.77,0,0,0,-38.811771879147244,0.4939231767617818
45,T_1,C_1_3,0.08,0.9,1,0,0,17.414641105401397,0.5633524222474875
17,T_2,C_2_1,0.05,0.08,1,0,1,54.08743522304846,0.46368849276124047
1,T_1,C_1_3,0.08,0.91,0,0,0,-44.03891517937145,0.5630854539192884
37,T_1,C_1_2,0.07,0.94,0,0,1,-66.58823135588533,0.45972840016412303
25,T_1,C_1_3,0.08,0.92,0,0,0,-39.301338596948604,0.5319969981968116
20,T_1,C_1_3,0.08,0.91,0,0,1,-62.61297929355723,0.5826192658527496
48,T_2,C_2_2,0.06,0.08,1,0,1,44.855813828993924,0.5909762814120392
2,T_1,C_1_3,0.08,0.93,0,0,1,-1.9643043724143059,0.5283690262784604
33,T_2,C_2_1,0.04,0.08,1,0,0,11.778819901832218,0.38000319429269236
18,T_1,C_1_2,0.04,0.92,0,0,0,-29.898479868190794,0.455897866636218
47,T_2,C_2_2,0.04,0.08,1,0,0,58.42730656500561,0.5739191971576594
22,T_2,C_2_2,0.03,0.08,0,0,0,-8.188036156408804,0.5329707162086235
5,T_2,C_2_2,0.06,0.08,0,0,1,-6.882531902305972,0.6156515450497151
12,T_1,C_1_3,0.08,0.63,0,0,0,-27.182531902305968,0.49142603113878935
7,T_2,C_2_2,0.06,0.08,1,0,0,10.989637200162862,0.537022453406471
19,T_2,C_2_2,0.06,0.08,0,0,1,-1.1002810559679208,0.5187236414142136
15,T_2,C_2_2,0.06,0.08,1,0,1,19.001444647937596,0.6919591953134676
32,T_2,C_2_1,0.84,0.08,1,0,0,42.367557948665706,0.36739834413361294
39,T_2,C_2_1,0.16,0.08,1,0,1,48.89231366291383,0.45357757423131784
14,T_1,C_1_3,0.08,0.71,1,0,1,19.95028467740657,0.5786887774293935
6,T_1,C_1_3,0.08,0.49,1,0,1,30.434158868249675,0.5414277373237217
21,T_2,C_2_2,0.06,0.08,1,0,0,35.808980329580514,0.5076570943807058
29,T_3,C_3_1,0.08,0.22,0,0,1,-28.969625133605216,0.5713452459227868
16,T_2,C_2_2,0.06,0.08,0,0,1,-4.975195844716436,0.5382328088709307
41,T_2,C_2_1,0.9,0.08,0,0,1,-22.09648964525551,0.3611744719006529
8,T_2,C_2_1,0.93,0.08,0,0,0,-29.296575255540407,0.3247534306344524
43,T_2,C_2_2,0.06,0.96,0,0,0,-23.573343165466625,0.5133924132958415
34,T_1,C_1_3,0.08,0.67,0,0,1,-9.896241197666997,0.5953429199968905
40,T_2,C_2_1,0.92,0.96,0,0,0,-5.5008923604576925,0.39212652120472746
46,T_1,C_1_3,0.08,0.68,0,0,0,-26.32159972736806,0.6095795156052738
4,T_2,C_2_1,0.9,0.96,1,0,1,30.930643168005957,0.3844524648883892
24,T_2,C_2_1,0.93,0.97,1,0,0,37.23305173178829,0.3591468352915766
44,T_3,C_3_1,0.96,0.21,1,0,0,69.96578813183858,0.6808366279980679
42,T_3,C_3_1,0.08,0.21,1,0,0,36.294665137186165,0.6317507377985134
3,T_3,C_3_1,0.08,0.22,0,0,0,-0.6393788276838315,0.5436504440821976
36,T_1,C_1_3,0.08,0.51,1,0,0,41.56781468430018,0.4981629466889312
38,T_2,C_2_2,0.72,0.95,1,0,1,20.123370239855753,0.50720835050536
13,T_2,C_2_2,0.61,0.97,1,0,0,30.022925795411304,0.4691356517164651
17,T_3,C_3_1,0.96,0.21,1,0,0,77.60070357318908,0.6545964202341179
49,T_1,C_1_3,0.08,0.56,1,0,1,38.218602921916144,0.6410691823844886
47,T_2,C_2_1,0.85,0.91,1,0,0,35.4627867501305,0.43257572922089543
22,T_2,C_2_1,0.92,0.9,1,0,0,25.533583210307516,0.3476058178000455
33,T_2,C_2_2,0.95,0.9,1,0,1,22.452173081774035,0.5513500003870876
27,T_1,C_1_3,0.92,0.56,1,0,0,54.422883148493625,0.49776553558191944
23,T_2,C_2_1,0.65,0.91,1,0,0,47.236714780997104,0.30302531872757543
45,T_1,C_1_4,0.08,0.73,1,0,0,43.640594851543824,0.5539328405909414
32,T_2,C_2_2,0.94,0.9,1,0,1,42.222605433554435,0.5227595617509759
48,T_3,C_3_1,0.96,0.21,1,0,1,5.503752051118089,0.6719692068860599
9,T_2,C_2_1,0.61,0.89,0,0,1,-9.900653235225546,0.4432097511498763
1,T_1,C_1_4,0.08,0.49,1,0,0,11.020051610589446,0.4439658545312849
7,T_2,C_2_3,0.05,0.93,0,0,1,-37.162612656954146,0.4484101058927337
26,T_2,C_2_2,0.52,0.91,0,0,1,-9.089898447334056,0.5163925421325548
44,T_3,C_3_2,0.08,0.21,1,0,1,4.293179363893425,0.5911801902375872
5,T_3,C_3_1,0.85,0.21,1,0,1,5.287410259789954,0.659680148172709
21,T_2,C_2_3,0.05,0.91,0,0,0,-47.951876775466786,0.40508193162117445
25,T_1,C_1_4,0.08,0.54,0,0,1,-4.749067293465037,0.48431289444015824
3,T_3,C_3_2,0.08,0.22,0,0,0,-29.9420970111473,0.4840004136817897
19,T_3,C_3_1,0.91,0.22,0,0,1,-21.239204811322576,0.582493064427364
18,T_1,C_1_3,0.94,0.63,0,0,1,-48.95436694979763,0.5179826601629701
42,T_3,C_3_2,0.08,0.21,0,0,0,-38.133157484416365,0.5577372724317468
28,T_2,C_2_1,0.51,0.93,0,0,1,-59.845690350323466,0.35943946899998447
15,T_3,C_3_1,0.91,0.21,0,0,0,-12.523578007004424,0.7578649943028029
12,T_1,C_1_4,0.08,0.62,0,0,1,-1.899780981632592,0.490608292885949
17,T_3,C_3_2,0.08,0.21,0,0,1,-32.228357049362124,0.6534668195144224
8,T_2,C_2_2,0.87,0.8,1,0,0,21.531540103231787,0.5180205725148096
29,T_4,C_4_1,0.22,0.08,0,0,0,-34.22313440290623,0.4811008942805134
11,T_2,C_2_2,0.61,0.89,0,0,0,-12.29202722749913,0.6130566442632783
39,T_3,C_3_1,0.88,0.21,0,0,1,-44.42629052305273,0.7171362220457315
40,T_2,C_2_2,0.87,1.07,0,0,1,-9.001704646853977,0.543214378243859
16,T_3,C_3_1,0.84,0.21,0,0,1,-19.80443345982531,0.6119732883064476
31,T_2,C_2_1,0.55,1.0,0,0,0,-26.242205435456306,0.4083340281891069
43,T_2,C_2_3,0.05,0.96,0,0,1,-20.684329021183018,0.47292466816907763
41,T_3,C_3_1,0.9,0.22,0,0,1,-37.731140236985034,0.5864914011366972
24,T_2,C_2_2,0.91,0.63,0,0,1,-6.290346361734178,0.5465596595645615
30,T_2,C_2_2,0.6,0.97,0,0,0,-18.615584869973546,0.5511770733947815
35,T_2,C_2_1,0.54,0.7,0,0,1,-8.807938087825155,0.4341090864797501
13,T_2,C_2_1,0.73,0.82,1,0,0,12.584269704382637,0.2791896045182546
3,T_3,C_3_3,0.08,0.12,0,0,0,-22.41591887108683,0.44907258360556923
37,T_2,C_2_2,0.45,0.44,0,0,1,-11.096990608338345,0.504978255612191
2,T_2,C_2_1,0.5,0.7,1,0,0,5.4728919047670885,0.35425963836965985
10,T_2,C_2_2,0.65,0.64,0,0,1,-52.16105327503759,0.5638787178853419
22,T_2,C_2_3,0.05,0.48,0,0,1,-41.49180262904274,0.4566245102441297
47,T_2,C_2_3,0.05,0.57,1,0,1,5.097025372976901,0.5179684112729575
46,T_1,C_1_4,0.08,0.42,0,0,1,-53.35983511335429,0.42400246221804605
4,T_3,C_3_2,0.49,0.14,0,0,1,-38.27807951955051,0.5233332394139432
0,T_2,C_2_2,0.71,0.52,1,0,0,0.13905937135273483,0.5558619775824033
20,T_2,C_2_2,0.57,0.59,1,0,0,15.560291195672452,0.6131791842409811
15,T_3,C_3_2,0.93,0.12,1,0,0,10.19517092075837,0.6439079818908098
23,T_2,C_2_2,0.88,0.6,1,0,0,1.015009491024589,0.44348020686889955
42,T_3,C_3_3,0.08,0.13,0,0,1,-18.770582275699248,0.49809488622678055
38,T_3,C_3_1,0.83,0.13,1,0,1,11.453603142646237,0.5577293319852326
33,T_3,C_3_1,0.55,0.13,0,0,0,-28.35514684273096,0.6317592753138361
36,T_1,C_1_4,0.08,0.47,1,0,1,24.95564976936511,0.4324535647552672
21,T_2,C_2_4,0.06,0.71,0,0,0,-16.278138626539334,0.40890914977781684
32,T_3,C_3_1,0.6,0.13,1,0,1,12.687294157734277,0.5936164560359843
48,T_4,C_4_1,0.21,0.08,0,0,0,-2.074204990476986,0.4891877158385583
45,T_1,C_1_5,0.09,0.53,0,0,1,-24.98441340687483,0.6065487847168115
14,T_2,C_2_3,0.42,0.69,0,0,0,-49.00150126329398,0.4852421199220502
6,T_2,C_2_3,0.49,0.55,0,0,0,-41.29656929050487,0.4492355791340001
27,T_1,C_1_4,0.08,0.53,1,0,1,33.65309292517044,0.47021443963399767
26,T_3,C_3_1,0.59,0.13,1,0,0,17.269096255257285,0.5544834036677257
9,T_3,C_3_2,0.63,0.13,1,0,0,11.425346255257269,0.6058129555452354
3,T_3,C_3_4,0.12,0.12,1,0,0,13.36369084985187,0.6493527039435156
7,T_3,C_3_1,0.7,0.11,0,0,0,-13.423624550992008,0.5845469034092245
44,T_4,C_4_1,0.21,0.08,1,0,1,13.223488147149174,0.6017573173260874
29,T_4,C_4_2,0.23,0.08,1,0,0,11.662699012950185,0.3050860122025034
11,T_2,C_2_3,0.53,0.5,1,0,1,19.41902279035323,0.5484455578524958
1,T_1,C_1_5,0.09,0.59,0,0,1,-22.316471057415825,0.5468344161049761
8,T_2,C_2_3,0.94,0.37,1,0,0,4.780411840646524,0.4864952706701123
5,T_4,C_4_1,0.21,0.08,0,0,0,-24.495072573843792,0.5430015767996048
34,T_2,C_2_3,0.56,0.4,1,0,1,24.611373805138385,0.524436146796868
15,T_3,C_3_3,0.05,0.1,0,0,1,-23.225326801429674,0.6713297941144969
19,T_4,C_4_1,0.13,0.08,1,0,1,10.046433241775405,0.5030392191207278
31,T_2,C_2_2,0.5,0.51,1,0,1,18.509970542697427,0.5673798649763644
28,T_3,C_3_1,0.55,0.11,1,0,0,16.29383106800722,0.573832433531711
30,T_2,C_2_3,0.72,0.47,1,0,0,30.53399843202394,0.4828951893376574
33,T_3,C_3_3,0.52,0.97,0,0,1,-32.003457481120165,0.5105516757521562
17,T_4,C_4_1,0.14,0.08,0,0,1,-36.35176524472252,0.5604102062704126
40,T_3,C_3_2,0.68,0.98,0,0,0,-38.79713638734139,0.5786553689554756
13,T_2,C_2_3,0.95,0.65,1,0,0,27.582519200382407,0.3635388735551782
2,T_2,C_2_2,0.59,0.55,0,0,1,-45.2937119214919,0.5100514774564668
24,T_3,C_3_3,0.4,0.98,1,0,0,2.279438434354093,0.5165775290573212
39,T_4,C_4_1,0.13,0.08,0,0,0,-43.51787904113039,0.5636435714350605
49,T_2,C_2_3,0.56,0.48,0,0,1,-48.350796746866074,0.563659713055181
26,T_3,C_3_3,0.6,0.97,0,0,1,-37.93602594960672,0.48580003607090794
16,T_4,C_4_1,0.15,0.08,0,0,0,-39.351308341633285,0.4068080972093453
43,T_3,C_3_2,0.5,0.98,0,0,0,-44.1918399030951,0.5636578200144424
9,T_3,C_3_3,0.66,0.97,0,0,1,-36.14171538724689,0.5507474517972341
41,T_4,C_4_1,0.12,0.08,0,0,1,-22.1956125680097,0.49565153393643213
7,T_3,C_3_3,0.7,0.96,0,0,0,-29.637569450265126,0.5072081923755007
0,T_2,C_2_3,0.77,0.45,0,0,1,-16.99906836277242,0.4610557596127214
35,T_3,C_3_2,0.52,0.98,0,0,1,-31.888049307262918,0.5694039170738117
10,T_3,C_3_3,0.45,0.98,0,0,1,-24.20205096426374,0.5339839253715097
23,T_2,C_2_3,0.95,0.53,1,0,0,17.725869499696493,0.32933345739442976
3,T_3,C_3_5,0.14,0.98,0,0,0,-14.239699723982167,0.6006771387413192
37,T_3,C_3_3,0.49,0.99,0,0,1,-6.199964624644414,0.4778123019973456
20,T_2,C_2_3,0.8,0.53,1,0,1,20.578181070719815,0.5217374887869224
22,T_3,C_3_3,0.5,0.99,1,0,0,35.87503050216937,0.5006455834427423
21,T_2,C_2_5,0.07,0.48,1,0,1,11.92044751290431,0.5160940046810004
47,T_3,C_3_1,0.43,0.97,1,0,1,45.62482406121148,0.6273018621843336
48,T_4,C_4_2,0.24,0.08,1,0,0,26.053007135505716,0.3903977156172948
28,T_3,C_3_3,1.25,0.97,1,0,1,63.04834729602778,0.47724955637039734
6,T_2,C_2_2,0.63,0.69,1,0,1,65.9248905059043,0.5304071406684158
42,T_4,C_4_1,0.12,0.08,0,0,0,-5.942995161195499,0.529419591119251
14,T_2,C_2_2,0.57,0.69,0,0,0,-1.7923828109382143,0.5552610269516308
25,T_2,C_2_2,0.56,0.43,0,0,0,-20.33690963487973,0.525101442956391
4,T_4,C_4_1,0.12,0.08,0,0,1,-2.51793745350188,0.5289447398742693
38,T_4,C_4_1,0.1,0.08,1,0,1,23.577181927740874,0.3888836041518513
12,T_2,C_2_3,0.68,0.4,1,0,1,28.733047391235516,0.4315156985546625
32,T_4,C_4_1,0.98,0.08,1,0,0,13.220612447247586,0.5288290096364395
18,T_2,C_2_2,0.5,0.55,0,0,0,-32.67853162976536,0.5634284835327865
29,T_4,C_4_3,0.33,0.08,1,0,1,17.0856698578404,0.4799747310410436
40,T_3,C_3_3,1.0,0.99,0,0,1,-37.47787642911017,0.517395865985713
5,T_4,C_4_2,0.17,0.08,0,0,1,-7.779896608789887,0.3755815205889313
8,T_2,C_2_4,0.04,0.09,1,0,1,24.97807874013162,0.5641478149816659
24,T_3,C_3_1,0.57,0.99,1,0,1,2.3704208515275393,0.5906376751455202
43,T_3,C_3_3,0.76,0.99,0,0,0,-48.676681767073646,0.5004977225185979
7,T_3,C_3_2,0.77,0.96,0,0,1,-2.5891750208709876,0.5034821176660162
34,T_3,C_3_3,0.4,0.98,0,0,0,-26.547082957792057,0.5388846285334505
11,T_3,C_3_3,0.61,0.99,0,0,0,-55.344489764923324,0.5576572641407442
13,T_2,C_2_4,0.04,0.79,0,0,0,-16.321596014781704,0.4706129420577867
30,T_2,C_2_1,0.65,0.61,1,0,0,3.3094719463833275,0.34494552227023234
39,T_4,C_4_2,0.16,0.08,1,0,0,23.379832825742284,0.40422755793293175
15,T_4,C_4_1,0.98,0.08,1,0,1,44.53423864627581,0.6549691441346999
3,T_3,C_3_6,0.12,0.99,1,0,0,8.49780546004041,0.35371519435566984
46,T_2,C_2_2,0.47,0.64,0,0,1,-13.350514032593315,0.5432676754925608
22,T_3,C_3_2,0.43,0.99,0,0,1,-17.609619320416474,0.5179507303435888
44,T_5,C_5_1,0.08,0.1,0,0,0,-0.4045463959101747,0.6123199025184389
31,T_3,C_3_3,0.57,0.58,0,0,1,-15.956951116364031,0.5049637783242751
33,T_4,C_4_1,0.97,0.08,1,0,1,11.295460459198678,0.4734900308065921
16,T_4,C_4_2,0.18,0.08,0,0,0,-12.816129953900653,0.38870932387709795
19,T_5,C_5_1,0.08,0.09,0,0,0,-14.239740286080082,0.4823573465433456
2,T_3,C_3_2,0.54,0.51,0,0,1,-49.86235044130336,0.5033277609381794
36,T_2,C_2_2,0.53,0.62,0,0,0,-39.50481157880259,0.5303763248873925
49,T_3,C_3_3,0.51,0.59,0,0,0,-57.18984491624178,0.598830865858692
45,T_2,C_2_3,0.48,0.46,0,0,0,-3.7729445165615245,0.5114335333189713
23,T_2,C_2_4,0.04,0.63,0,0,1,-10.126261862684604,0.43887943747760383
26,T_4,C_4_1,0.98,0.08,1,0,1,50.16418671239279,0.4600458830599704
17,T_5,C_5_1,0.08,0.1,1,0,1,28.074209993042345,0.6174623613113344
48,T_4,C_4_3,0.33,0.08,1,0,0,37.60770281600886,0.5203222759398862
9,T_4,C_4_1,0.98,0.08,1,0,1,54.9250871860248,0.5072466422599338
35,T_4,C_4_1,0.98,0.08,1,0,0,49.14772327643192,0.4862530113436269
10,T_4,C_4_1,0.98,0.08,1,0,1,40.18027059910297,0.47352549346204975
0,T_3,C_3_3,0.67,0.58,1,0,1,22.285678353044133,0.5314794810237576
42,T_4,C_4_2,0.14,0.08,0,0,0,-18.969455694382475,0.37385602478940694
27,T_2,C_2_5,0.57,0.45,0,0,0,-6.280266505193284,0.533772060194833
43,T_3,C_3_1,0.9,0.52,0,0,1,-0.02080805594837498,0.5907904028752309
20,T_3,C_3_1,0.59,0.68,0,0,0,-3.0432236259430256,0.6909891251328862
14,T_2,C_2_5,0.64,0.57,0,0,1,-11.837831080344287,0.6287904687025156
34,T_3,C_3_2,0.53,0.6,0,0,1,-9.022282707923338,0.5534351914602396
1,T_2,C_2_5,0.5,0.68,1,0,0,16.731008264066233,0.5858814937147072
21,T_3,C_3_2,0.49,0.63,1,0,0,11.270200663116107,0.4278630535508067
37,T_4,C_4_1,0.99,0.04,1,0,1,22.605909293361577,0.46809365320566976
11,T_3,C_3_2,0.63,0.55,1,0,1,8.709706381421306,0.6158813424852564
25,T_2,C_2_5,0.56,0.53,1,0,0,2.9210795401672094,0.534823016058906
41,T_5,C_5_1,0.08,0.09,1,0,0,23.640931677864007,0.5074932478975734
32,T_4,C_4_2,0.14,0.04,1,0,1,20.708599287402624,0.2757858697545532
47,T_4,C_4_1,0.98,0.04,1,0,1,33.80575568550686,0.49056280061617563
18,T_2,C_2_5,0.59,0.53,1,0,1,23.949515559124556,0.5556834060275285
3,T_3,C_3_7,0.14,0.57,1,0,1,19.92217428824423,0.41367104835663776
6,T_3,C_3_3,0.73,0.6,0,0,0,-4.447685843605899,0.5007431520762803
28,T_4,C_4_3,0.65,0.04,0,0,0,-11.354943443486917,0.49100180586883824
12,T_3,C_3_2,0.49,0.39,1,0,0,19.506015861924496,0.4842127879337897
4,T_5,C_5_1,0.04,0.1,1,0,1,18.99387803890179,0.5468598883269867
30,T_2,C_2_5,0.8,0.57,1,0,1,25.08251435518983,0.5493443368957696
13,T_2,C_2_5,0.95,0.71,1,0,0,19.768742837192967,0.477158323912728
49,T_3,C_3_2,0.72,0.54,1,0,1,1.6404173285857704,0.5956262957087253
44,T_5,C_5_2,0.09,0.1,0,0,1,-24.489660331362245,0.6084792450538682
39,T_4,C_4_3,0.99,0.89,1,0,1,21.455606967308555,0.5849783999114488
38,T_5,C_5_1,0.05,0.09,0,0,0,-8.181607164825895,0.47582092397658216
8,T_3,C_3_3,0.44,0.66,0,0,1,-12.883339656422898,0.5074141122546899
40,T_4,C_4_3,0.53,0.92,0,0,1,-19.482916941622047,0.5030781527255017
29,T_5,C_5_1,0.04,0.09,1,0,1,24.40012397627347,0.5247713559028888
24,T_4,C_4_3,0.61,0.92,1,0,0,18.11797276816744,0.5033887608591815
7,T_4,C_4_3,0.63,0.92,0,0,1,-7.735353499727269,0.5003599751932526
19,T_5,C_5_2,0.09,0.09,0,0,1,-10.991185537052278,0.5099756124268018
5,T_5,C_5_1,0.04,0.1,1,0,1,37.76944629717309,0.564882961182751
16,T_4,C_4_3,0.99,0.93,1,0,0,33.80715315553209,0.4617795692537102
36,T_2,C_2_5,0.59,0.56,0,0,1,-34.944807834450174,0.511375135283186
46,T_3,C_3_3,0.6,0.73,0,0,0,-46.990719876139146,0.4906593002289724
20,T_3,C_3_2,0.45,0.52,0,0,1,-37.602948978306316,0.5639724798441289
45,T_2,C_2_5,0.59,0.54,1,0,0,36.72154154618377,0.5609061764040468
31,T_4,C_4_3,0.51,0.91,1,0,1,11.638143862786087,0.5398050527427014
21,T_3,C_3_1,0.62,0.45,1,0,1,16.66439868904092,0.5403554636606858
22,T_4,C_4_3,0.55,0.86,0,0,0,-26.15231862350972,0.5253673727267051
48,T_4,C_4_4,0.52,0.94,1,0,1,7.661672101834711,0.5398641995936482
2,T_4,C_4_1,0.48,0.94,0,0,1,-18.069032209055145,0.5039567973658785
35,T_4,C_4_2,0.66,0.95,0,0,0,-21.34245851331285,0.2990160233921963
42,T_4,C_4_3,0.99,0.67,0,0,0,-18.15658669873234,0.5275928677685221
15,T_5,C_5_1,0.92,0.1,0,0,1,-27.992097844005208,0.6766643659568963
27,T_2,C_2_4,0.43,0.48,0,0,1,-18.124303839393345,0.5127696829115523
6,T_3,C_3_7,0.76,0.65,1,0,0,1.2336740964087074,0.4632630980730462
23,T_3,C_3_7,0.48,0.62,0,0,1,-0.5446836827793735,0.3892056714845311
33,T_5,C_5_1,0.91,0.1,0,0,0,-10.82590973641923,0.5401371456984339
12,T_3,C_3_7,0.61,0.45,0,0,1,-9.328386911763213,0.41438749364918426
41,T_5,C_5_2,0.09,0.09,0,0,1,-6.994798541449497,0.48397075997626193
1,T_2,C_2_4,0.51,0.53,0,0,0,-8.041433485334554,0.5600762910343746
25,T_2,C_2_4,0.43,0.52,0,0,1,-15.563898681107064,0.4582295269873305
26,T_5,C_5_1,0.88,0.09,1,0,1,12.24635019798357,0.46754605649443737
0,T_4,C_4_1,0.51,0.81,0,0,1,-13.572493494547032,0.47574708791863607
34,T_4,C_4_1,0.5,0.67,1,0,0,25.145969921868346,0.5050861245367972
43,T_4,C_4_1,0.67,0.84,0,0,0,-8.268514628831623,0.44747225733413254
14,T_3,C_3_7,0.57,0.58,0,0,1,-38.443419571797406,0.4720665523348383
9,T_5,C_5_1,0.94,0.1,0,0,1,-17.799090056154892,0.5616824541486191
10,T_5,C_5_1,0.92,0.09,0,0,1,-19.006536864665517,0.5114330734963952
17,T_6,C_6_1,0.1,0.07,0,0,0,-19.662311940653357,0.4453030412037167
38,T_5,C_5_2,0.96,0.09,0,0,1,-6.221774882046518,0.4616646772170441
11,T_4,C_4_2,0.45,0.78,1,0,0,6.834257877523719,0.3807122435150192
13,T_2,C_2_6,0.08,0.5,1,0,0,26.07044258607784,0.53192773049006
28,T_4,C_4_1,0.74,0.74,0,0,0,-18.372064752034195,0.45051880513938103
46,T_3,C_3_7,0.65,0.5,0,0,1,-15.230024450455804,0.42132939131207087
18,T_3,C_3_7,0.55,0.51,0,0,0,-21.491478764712546,0.5059391093125563
3,T_4,C_4_1,0.43,0.72,1,0,1,19.668802881057882,0.4503731934467211
37,T_5,C_5_2,0.91,0.09,1,0,0,24.51003689159214,0.4930235337062289
30,T_3,C_3_7,0.55,0.51,1,0,1,5.285628805915175,0.4291834351722176
24,T_4,C_4_1,0.83,0.69,1,0,0,21.031111605186407,0.5354335246370105
47,T_5,C_5_2,0.65,0.1,0,0,0,-3.0248173545309793,0.5632609441566854
32,T_5,C_5_2,0.76,0.1,1,0,0,7.514232385381493,0.47379678671450476
16,T_4,C_4_4,0.52,0.71,1,0,0,40.551350922886904,0.49476938277975474
6,T_3,C_3_1,0.77,0.54,1,0,1,49.98763278195735,0.6006982333977835
49,T_4,C_4_3,0.51,0.68,0,0,0,-29.424750796227425,0.571761344377588
8,T_4,C_4_1,0.61,0.75,1,0,1,18.568090134393962,0.48844133767319786
45,T_2,C_2_2,0.46,0.51,1,0,0,44.19480775748991,0.596063863537561
22,T_4,C_4_1,0.52,0.7,1,0,1,22.08662503911905,0.5287016841443682
4,T_6,C_6_1,0.1,0.07,1,0,0,0.7462877157122698,0.4094406680366667
33,T_5,C_5_2,0.97,0.06,1,0,1,0.9741358169780909,0.5258391031740096
40,T_5,C_5_2,0.72,0.06,1,0,0,36.42100594161021,0.5673958774870491
44,T_6,C_6_1,0.1,0.07,0,0,1,-2.2581114906786626,0.4547340697824601
42,T_4,C_4_4,1.0,0.75,1,0,0,10.19198600320377,0.506594546556482
39,T_5,C_5_2,0.69,0.07,0,0,1,-9.441743565889816,0.5945872760760681
36,T_3,C_3_7,0.51,0.57,1,0,0,17.498821070068566,0.45817098712505455
35,T_4,C_4_4,0.66,0.62,0,0,0,-2.5450125109121267,0.4716485147550462
29,T_6,C_6_1,0.09,0.07,0,0,0,-25.656283388576522,0.3768163692657953
20,T_4,C_4_4,0.5,0.74,1,0,1,17.284966977662094,0.5807922228912995
21,T_4,C_4_4,0.51,0.62,0,0,1,-4.7602973281494085,0.39620578017286895
19,T_6,C_6_1,0.09,0.07,0,0,0,-0.7121848188969677,0.4067331777816786
7,T_5,C_5_2,0.67,0.06,0,0,0,-34.36804296035695,0.5077021825980544
5,T_6,C_6_1,0.1,0.07,0,0,0,-30.823664262132088,0.4202632759360766
1,T_2,C_2_2,0.43,0.58,1,0,1,26.838609471509862,0.542431469790374
18,T_3,C_3_3,0.53,0.46,1,0,1,10.919052275937908,0.5040185334457726
34,T_4,C_4_4,0.61,0.55,0,0,1,-13.298522945453973,0.5278431307556674
31,T_5,C_5_2,0.72,0.04,0,0,1,-25.440643711286057,0.5997767942045306
12,T_4,C_4_4,0.45,0.64,1,0,0,20.150694132424256,0.4364051921838197
2,T_5,C_5_2,0.72,0.94,1,0,0,0.9186317379300313,0.5199485257807641
27,T_3,C_3_7,0.62,0.59,0,0,1,-10.515191791481701,0.4119624249488253
43,T_4,C_4_4,0.62,0.55,0,0,0,-13.768868262069955,0.4964385602113113
48,T_5,C_5_2,0.73,0.93,0,0,0,-11.216662379717032,0.5321139987013217
23,T_4,C_4_1,0.48,0.51,0,0,0,-8.368868262069945,0.3980675901102261
25,T_3,C_3_7,0.51,0.53,1,0,1,21.304752199006646,0.4846613340516588
37,T_5,C_5_1,0.88,0.96,1,0,1,18.318864952359096,0.5005357497212697
28,T_4,C_4_4,0.73,0.6,1,0,0,1.3528892308441343,0.4457379001637934
17,T_6,C_6_2,0.13,0.07,1,0,1,27.928713406668322,0.5729400367623048
13,T_2,C_2_7,0.07,0.47,1,0,1,22.77633245428736,0.47348727047938
11,T_4,C_4_4,0.53,0.57,0,0,1,-18.201878305182532,0.5768796794829123
15,T_6,C_6_1,0.06,0.07,0,0,1,-41.96029704603172,0.5509271494393049
32,T_5,C_5_1,0.91,0.95,0,0,1,-25.6916942019588,0.541314352413517
47,T_5,C_5_1,0.96,0.82,0,0,1,-25.219126535535977,0.5710814456645258
41,T_6,C_6_1,0.07,0.07,0,0,1,-2.9731056035820846,0.3804746347029332
14,T_4,C_4_4,0.46,0.66,0,0,0,-47.84489949462342,0.4767742857471872
36,T_3,C_3_3,0.48,0.75,0,0,1,-12.895771425848498,0.45438095464959605
0,T_5,C_5_2,0.64,0.95,0,0,0,-38.506225059080805,0.511059513593491
16,T_4,C_4_5,1.0,0.52,1,0,0,2.990550088779848,0.4911376235828213
26,T_6,C_6_1,0.06,0.07,0,0,0,-12.159885957731753,0.3425310298064948
40,T_5,C_5_1,0.94,0.94,0,0,1,-23.861636371506258,0.5975824309734343
49,T_4,C_4_1,0.64,0.64,0,0,0,-2.048770430634375,0.5740926428990698
46,T_4,C_4_1,0.5,0.6,1,0,0,17.30206043114807,0.4722538318407821
10,T_6,C_6_1,0.06,0.07,0,0,0,-8.218042878328404,0.3828542806098615
24,T_4,C_4_4,0.92,0.65,1,0,0,24.978147387669814,0.48239880333667967
4,T_6,C_6_2,0.14,0.07,0,0,0,-3.3550946444639838,0.5345984700934012
45,T_2,C_2_4,0.6,0.44,1,0,0,10.221299272987139,0.5581928705443754
38,T_6,C_6_1,0.06,0.07,0,0,0,-27.222570456546173,0.28367372322808737
9,T_6,C_6_1,0.05,0.07,0,0,1,-10.16960379698478,0.38288798311351263
30,T_4,C_4_3,0.4,0.52,0,0,0,-27.907392350913998,0.4807657103298409
6,T_4,C_4_1,0.4,0.56,0,0,1,-31.050822005896016,0.45606439894062323
42,T_4,C_4_5,1.0,0.63,0,0,0,-41.024148295636984,0.49362425803561505
7,T_5,C_5_1,0.97,0.76,0,0,0,-47.759929433146006,0.5083646995908582
35,T_4,C_4_3,0.99,0.61,0,0,0,-44.0447790480545,0.5201646502953379
3,T_5,C_5_1,0.55,0.66,0,0,1,-31.089383364601265,0.49801764089633305
2,T_5,C_5_1,0.94,0.75,1,0,1,2.6366465742351974,0.5348092342620515
29,T_6,C_6_2,0.14,0.07,1,0,0,11.475136000372563,0.5626459876263104
8,T_5,C_5_1,0.56,0.7,0,0,0,-2.255859613188904,0.5452210955080328
19,T_6,C_6_2,0.14,0.07,0,0,1,-21.723878079795043,0.4880481034244084
48,T_5,C_5_1,0.95,0.69,0,0,1,-8.73677206260308,0.6158577162587983
44,T_7,C_7_1,0.07,0.16,0,0,1,-15.175883810454067,0.5487060440206666
5,T_6,C_6_2,0.13,0.07,1,0,1,26.878827402967822,0.6286522289029552
22,T_5,C_5_2,0.59,0.67,1,0,1,8.183879243593788,0.5431047840054875
12,T_4,C_4_3,0.41,0.9,1,0,0,24.28018541517856,0.4347432345701242
33,T_6,C_6_1,0.87,0.07,1,0,1,14.109592981202855,0.3801495535000907
18,T_4,C_4_4,0.42,0.63,1,0,0,21.928806076393663,0.49936396336815203
39,T_6,C_6_1,0.89,0.07,0,0,0,-19.53598374360299,0.46951811263688314
43,T_4,C_4_3,1.8,0.62,0,0,0,-8.126439584058847,0.4551796206870229
23,T_4,C_4_2,1.1,0.73,0,0,1,-6.318176420813473,0.21471046026297883
28,T_4,C_4_2,0.99,0.57,0,0,0,-17.981049820528977,0.26780351171016537
1,T_3,C_3_7,0.51,0.89,0,0,1,-7.868674287100815,0.5026102954681333
20,T_5,C_5_1,0.64,0.47,1,0,0,32.31330398575743,0.650109962956575
0,T_5,C_5_1,0.95,0.53,1,0,1,2.875944357430928,0.5165940758165382
25,T_4,C_4_1,0.48,0.82,0,0,1,-6.687950783619457,0.49170249486159695
21,T_5,C_5_2,0.56,7.2,1,0,0,19.420960107469487,0.49312285114387433
34,T_5,C_5_1,0.76,0.59,0,0,0,-36.64185045425283,0.5693292491980773
14,T_4,C_4_1,0.47,0.59,0,0,1,-15.447498166929211,0.5559826049819594
27,T_4,C_4_1,0.52,0.54,0,0,0,-19.84233157860649,0.4798629645819982
31,T_6,C_6_2,0.7,0.96,0,0,0,-43.448969996685626,0.5244187206800872
13,T_3,C_3_7,0.48,0.48,0,0,0,-13.708595035532394,0.39687261481423397
49,T_4,C_4_4,1.1,0.68,0,0,1,-17.236469569798253,0.5496294718604707
26,T_6,C_6_2,0.98,0.96,0,0,1,-4.1864695697982555,0.5278174475508104
36,T_4,C_4_1,0.58,0.6,1,0,1,24.398240995910804,0.4727892480886722
7,T_5,C_5_3,0.09,0.6,1,0,1,5.218694858961718,0.5092548808223366
46,T_4,C_4_3,1.19,0.68,0,0,0,-24.44352424216189,0.5368224959023515
10,T_6,C_6_2,0.98,0.96,1,0,1,20.483480981571613,0.5601091483274457
17,T_7,C_7_1,0.07,0.16,1,0,1,22.422428349992693,0.5671863798229786
15,T_7,C_7_1,0.07,0.16,0,0,1,-0.41761688654933604,0.6828296617924857
24,T_4,C_4_2,0.96,0.57,0,0,1,-7.742573849011988,0.36022770694124007
37,T_6,C_6_2,0.68,0.96,0,0,1,-7.931982688931978,0.520072782211465
41,T_7,C_7_1,0.07,0.16,1,0,1,8.640479372276545,0.481238078731006
11,T_5,C_5_1,0.58,0.74,0,0,1,-6.803954944487249,0.5732372499977624
4,T_6,C_6_3,0.14,0.96,0,0,0,-3.2316837587101457,0.4539140195310801
30,T_4,C_4_4,0.58,0.45,1,0,1,5.554330227303865,0.5034187696473538
8,T_5,C_5_2,0.92,0.54,0,0,0,-6.400914527940905,0.528548442894849
45,T_2,C_2_7,0.82,0.45,1,0,1,37.41176524511625,0.6625157049338297
38,T_6,C_6_2,0.97,0.95,0,0,1,-4.935217858468009,0.5586718618914062
32,T_6,C_6_1,0.67,0.96,1,0,0,4.309362698787728,0.3810142021932129
16,T_5,C_5_1,0.81,0.75,1,0,1,38.19446685359264,0.5457939326981647
35,T_4,C_4_5,1.0,0.76,1,0,0,19.81420744908586,0.49545202453902965
47,T_6,C_6_2,0.57,0.96,1,0,0,41.791907797517915,0.5923802708782914
29,T_6,C_6_3,0.14,0.95,1,0,0,1.024440536694506,0.42126146928436004
40,T_6,C_6_1,0.57,0.96,1,0,0,0.28694053669448927,0.4270073951946626
9,T_7,C_7_1,0.96,0.16,0,0,0,-17.282151632397653,0.4799056597165207
20,T_5,C_5_2,0.94,0.53,1,0,0,7.7620559568237795,0.5990335987045194
12,T_4,C_4_1,0.57,0.59,1,0,0,7.178260942973363,0.44875742413304354
21,T_5,C_5_1,0.96,-0.0,0,0,1,-24.382769006873943,0.46761030279762617
18,T_4,C_4_2,0.41,0.56,0,0,0,-26.160777305629146,0.2988975685190759
13,T_3,C_3_1,0.51,0.38,0,0,1,-11.481579824504923,0.5395507953890067
34,T_5,C_5_2,0.84,0.71,0,0,0,-22.331614378755106,0.5581504416418146
42,T_5,C_5_2,0.6,0.73,1,0,0,7.935157773125263,0.5741861668290738
43,T_4,C_4_2,0.99,0.58,0,0,0,-20.93830594987196,0.34446529738140474
39,T_6,C_6_2,0.96,0.96,0,0,0,-34.67848513663972,0.6340312964877577
6,T_5,C_5_1,0.51,0.52,0,0,0,-23.247058534296507,0.5621085680232412
3,T_6,C_6_1,0.48,0.97,0,0,1,-13.501365908521187,0.34716333130684784
28,T_4,C_4_5,1.0,0.51,0,0,1,-1.6732188158120058,0.4369918597495458
19,T_7,C_7_1,0.96,0.16,0,0,0,-24.146256623090206,0.5369067962705876
5,T_7,C_7_1,0.96,0.16,0,0,1,-2.0597971818994187,0.5321261819420664
2,T_6,C_6_2,0.66,0.96,1,0,0,11.49216073248688,0.4940552378171916
33,T_7,C_7_1,0.96,0.16,0,0,1,-4.074368759968525,0.5219398269093762
48,T_6,C_6_2,0.56,0.96,0,0,1,-1.8418584719026967,0.6556079406336361
31,T_6,C_6_1,0.96,0.96,1,0,1,25.86472825371098,0.418168947756296
22,T_6,C_6_1,0.58,0.95,1,0,1,20.039146858362137,0.40340034785518686
27,T_4,C_4_2,0.68,0.52,1,0,0,9.310692685995567,0.33216038975221784
1,T_4,C_4_1,0.76,0.54,1,0,0,12.998791181207586,0.4748428118231707
44,T_8,C_8_1,0.16,0.06,1,0,0,13.12356283031241,0.5052212379419023
46,T_4,C_4_5,-0.0,0.53,1,0,0,18.892357542652825,0.47336189628148373
8,T_5,C_5_3,0.97,0.51,1,0,0,27.74906198869462,0.5432878615725165
23,T_5,C_5_3,0.49,0.8,1,0,0,21.475941105334066,0.41714733223837397
25,T_5,C_5_3,0.53,0.6,1,0,0,15.896635455231946,0.46106961305997185
26,T_7,C_7_1,0.95,0.16,1,0,0,14.988731292529824,0.4129629994005619
9,T_7,C_7_2,0.08,0.16,0,0,0,-18.13522174518485,0.5542428536750257
14,T_5,C_5_3,0.52,0.62,0,0,0,-4.2792222835011975,0.49825374029697816
49,T_5,C_5_3,0.59,0.53,0,0,1,-11.732093060586473,0.5218815771188762
0,T_6,C_6_2,0.73,0.96,0,0,1,-9.666330348722065,0.5610934496357838
4,T_6,C_6_4,0.18,0.96,0,0,1,-33.53172952019887,0.5341727489113313
20,T_5,C_5_3,0.97,0.45,0,0,1,-50.2059530450082,0.6054331144757024
10,T_7,C_7_1,0.96,0.16,0,0,1,-31.596641446727887,0.5169566369872187
32,T_6,C_6_2,0.96,0.96,1,0,0,16.419117923189653,0.5717317545657239
37,T_7,C_7_1,0.96,0.09,1,0,1,14.337559036367654,0.43690372509183106
47,T_6,C_6_1,0.96,0.96,1,0,1,14.952985483472311,0.41828343884400254
12,T_4,C_4_2,1.0,0.75,1,0,1,23.270514774586506,0.2897877626298563
29,T_6,C_6_4,0.18,0.93,1,0,0,4.613275717347461,0.4998660583519668
34,T_5,C_5_3,0.97,0.61,1,0,0,14.386339690411436,0.5237715478860792
36,T_5,C_5_3,0.5,0.93,1,0,1,18.493410397482155,0.47978558158206186
42,T_5,C_5_3,0.63,0.69,1,0,1,15.728427232498987,0.5282824252533376
19,T_7,C_7_2,0.08,0.1,1,0,0,9.207215111286883,0.45925091038328364
24,T_5,C_5_3,0.61,0.55,1,0,0,13.376984133949557,0.5117795766373149
7,T_6,C_6_2,0.6,0.94,1,0,1,6.645381577563602,0.5564406659552092
40,T_6,C_6_2,0.92,0.96,1,0,1,27.352262357946973,0.5281717389527862
6,T_5,C_5_3,0.7,0.59,0,0,0,-24.67921398830545,0.5665099110307372
17,T_8,C_8_1,0.16,0.06,0,0,0,-25.423337561173103,0.5036842068517164
18,T_4,C_4_3,0.56,0.54,0,0,1,-24.305088296994217,0.5304333678182692
30,T_5,C_5_3,0.7,2.97,0,0,0,-2.283611786927165,0.5525126011428283
45,T_3,C_3_7,0.39,0.49,0,0,0,-28.14200104867204,0.5950697778172277
11,T_6,C_6_2,0.76,0.96,0,0,0,-10.830860829279647,0.5632239946674926
41,T_8,C_8_1,0.16,0.06,0,0,0,-17.057000958706777,0.41749136623000815
39,T_6,C_6_3,0.07,0.97,0,0,0,-25.43080119850562,0.5278800380134141
38,T_7,C_7_1,0.95,0.11,0,0,0,-32.27291126235477,0.40441568344571693
43,T_4,C_4_5,1.0,0.41,0,0,0,-14.044970085884216,0.41806076269619485
35,T_5,C_5_1,0.5,0.57,0,0,1,-13.143956382898924,0.4940695466570103
16,T_6,C_6_2,0.68,0.97,0,0,1,-22.24682879438857,0.5797033090497262
26,T_7,C_7_2,0.08,0.09,1,0,1,2.379352361871465,0.524247924998523
15,T_8,C_8_1,0.16,0.06,0,0,1,-3.052556850411597,0.5940746205352025
2,T_6,C_6_1,0.69,0.96,0,0,0,-10.225889293669299,0.3483409497752442
23,T_5,C_5_1,0.78,0.63,0,0,0,-11.65759659990956,0.430575233204868
8,T_5,C_5_4,0.09,0.5,1,0,1,19.443228327280554,0.45254763435560363
9,T_7,C_7_3,0.09,0.09,0,0,1,-9.61133188208321,0.6017926361131993
1,T_4,C_4_2,0.44,0.5,0,0,1,-0.8262354083639805,0.3483621307393776
13,T_4,C_4_2,0.32,0.53,1,0,1,11.925594265621381,0.3124366956057101
25,T_5,C_5_1,0.8,0.43,0,0,0,-35.789104510056,0.5497430199314355
27,T_4,C_4_4,10.18,0.55,0,0,0,-16.656581666766968,0.44838630576370586
46,T_4,C_4_2,-0.35,0.48,1,0,0,32.391916664614484,0.3644874985741026
14,T_5,C_5_1,0.57,0.44,1,0,1,1.166899547324505,0.5159187042679763
21,T_6,C_6_2,1.77,0.95,0,0,1,-6.677264908908922,0.5090069430185765
3,T_7,C_7_1,0.96,0.08,1,0,0,3.171715918768712,0.4477139748220739
48,T_7,C_7_1,0.97,0.09,1,0,0,18.237333849167133,0.5275705837571674
28,T_5,C_5_2,0.5,0.51,1,0,1,21.401463564587367,0.4838707543718236
44,T_8,C_8_2,0.21,0.06,1,0,0,37.192152073573915,0.5295348230597636
19,T_7,C_7_3,0.09,0.09,1,0,0,36.23763765385088,0.5027456481726476
31,T_7,C_7_1,0.96,0.06,1,0,1,39.180752956134064,0.5101996872836867
34,T_5,C_5_4,0.09,0.46,1,0,1,13.468270480973622,0.49370021676259623
22,T_7,C_7_1,0.93,0.07,0,0,1,-17.591061922412464,0.49823914340698217
24,T_5,C_5_1,0.76,0.42,0,0,1,-12.827912964141548,0.5643558426761424
45,T_3,C_3_3,0.46,0.49,0,0,0,-26.785752226328615,0.5659210752305401
33,T_8,C_8_1,0.09,0.06,0,0,0,-19.970969600285724,0.44430960609327663
32,T_6,C_6_4,0.98,0.66,0,0,1,-19.87748704597371,0.5133228382886356
6,T_5,C_5_2,0.94,0.45,0,0,1,-1.2473906355929163,0.5146222998352397
5,T_8,C_8_1,0.1,0.06,0,0,0,-31.36605634553132,0.5265374261698516
29,T_6,C_6_5,0.22,0.59,0,0,1,-20.72295387035847,0.5347436240052502
0,T_7,C_7_1,0.97,0.92,0,0,1,-30.53410141134208,0.4430487319477162
30,T_5,C_5_1,0.78,0.54,0,0,1,-8.408855509702732,0.5397459372289657
4,T_7,C_7_1,0.97,0.93,1,0,0,17.052013793951915,0.5435924267668424
38,T_7,C_7_2,0.04,0.94,0,0,0,-9.564634033146287,0.4616555260614913
20,T_6,C_6_4,0.41,0.57,0,0,1,-11.58787192518772,0.5990407400901754
49,T_6,C_6_2,0.47,0.6,0,0,1,-24.193754278128893,0.5626559038782728
47,T_7,C_7_1,0.63,0.96,0,0,0,-2.7573830738666634,0.5399914055326287
11,T_6,C_6_4,0.57,0.51,0,0,1,-17.565040434046743,0.6125539689787665
10,T_8,C_8_1,0.09,0.06,0,0,1,-27.90630190457914,0.43943993786190333
12,T_5,C_5_1,0.81,0.44,0,0,0,-8.944037753635795,0.4646473938451665
39,T_6,C_6_4,0.98,0.5,0,0,1,-34.27755287110004,0.6442553120964001
17,T_8,C_8_2,0.21,0.06,1,0,1,12.842421672021953,0.5693229169021756
23,T_5,C_5_2,0.9,0.61,1,0,0,3.641253599341855,0.422417046461351
37,T_8,C_8_1,0.08,0.06,0,0,0,-16.482113240961766,0.3831841193446787
40,T_7,C_7_3,0.56,0.74,0,0,1,-7.221966374606675,0.6505131201235015
42,T_6,C_6_4,0.45,0.54,0,0,0,-17.08197933636943,0.5526448689109992
2,T_6,C_6_4,0.98,0.5,0,0,1,-0.13577065198836635,0.43542497650804324
3,T_7,C_7_3,0.69,0.89,1,0,1,10.552092218605534,0.4988332226808166
48,T_7,C_7_3,0.72,0.93,1,0,1,11.817636260056334,0.49094144403702455
25,T_5,C_5_4,0.65,0.52,1,0,1,7.519061130522648,0.3885918816053141
7,T_7,C_7_3,0.61,0.96,0,0,1,-24.703021636886856,0.5045107825855379
36,T_6,C_6_2,0.58,0.41,0,0,1,-5.5897530284725665,0.5323513420175316
41,T_8,C_8_2,0.21,0.06,0,0,0,-12.14315108672502,0.4609141200629742
18,T_5,C_5_4,0.44,0.56,0,0,1,-48.09681922892518,0.42374521481029853
19,T_7,C_7_4,0.09,0.93,0,0,0,-11.704340412711748,0.392078491794968
27,T_4,C_4_3,1.98,0.48,0,0,0,-22.895614446272653,0.4624963271871976
45,T_3,C_3_1,0.55,0.45,0,0,0,-7.952996780250732,0.6576208335434883
46,T_4,C_4_4,1.0,0.5,0,0,1,-22.272894851245397,0.4705116090620394
16,T_7,C_7_3,0.5,0.83,0,0,0,-3.0333584700476885,0.452042667062698
43,T_5,C_5_4,0.59,0.45,0,0,1,-17.872337421625318,0.462552336072601
4,T_7,C_7_3,0.72,0.71,0,0,0,-12.564850829109687,0.5883176467199986
35,T_6,C_6_4,0.47,0.59,0,0,1,-6.171561681784644,0.5223562364254333
38,T_7,C_7_3,0.96,0.53,1,0,1,20.0029140351341,0.41012027920328786
15,T_9,C_9_1,0.06,0.2,0,0,0,-24.909588432706176,0.7212513349043485
8,T_6,C_6_1,0.44,0.55,0,0,1,-11.271945726454032,0.4241202296581803
1,T_5,C_5_4,0.54,0.48,0,0,1,-1.3889533990882748,0.46163626972229777
13,T_5,C_5_4,0.62,0.52,0,0,0,-0.019782435800890674,0.3701443628758808
47,T_7,C_7_3,0.67,0.59,0,0,0,-8.885437999925127,0.582751076883214
21,T_7,C_7_3,0.54,0.48,0,0,1,-13.411619353692682,0.45566973033895697
9,T_8,C_8_1,0.96,0.06,0,0,1,-17.144058689580294,0.47457487304906576
26,T_8,C_8_1,0.94,0.06,0,0,1,-33.605764073859,0.4187737824723352
44,T_8,C_8_3,0.25,0.06,1,0,1,10.340673271121304,0.5540082160247738
12,T_5,C_5_4,0.84,0.49,1,0,0,17.205862333421116,0.40007751926227053
23,T_5,C_5_4,0.97,0.49,0,0,1,-9.482696993740472,0.31249582175110596
14,T_6,C_6_5,0.51,0.67,1,0,1,0.06416748132192307,0.5799800771140199
28,T_6,C_6_5,0.49,0.59,0,0,1,-16.362175748932746,0.5150595023040698
34,T_6,C_6_5,0.52,0.48,1,0,0,2.6234692799405037,0.6115522477046318
33,T_8,C_8_2,0.12,0.03,0,0,1,-4.372735653645817,0.5110966754576078
5,T_8,C_8_2,0.12,0.04,1,0,0,5.9962633875921485,0.5619136583021489
19,T_7,C_7_5,0.1,0.6,0,0,1,-1.9449502660109044,0.5107276773313343
32,T_7,C_7_3,0.56,0.77,1,0,0,32.380589025114034,0.4799570905516883
45,T_3,C_3_2,0.97,0.4,1,0,0,42.48545320704712,0.5943780329509216
22,T_8,C_8_1,0.96,0.03,0,0,0,-21.177920900420506,0.41286664447574795
24,T_6,C_6_5,0.55,0.59,1,0,1,2.279917254138959,0.5896816590869143
16,T_7,C_7_1,0.57,0.57,1,0,1,18.70551624531174,0.45881119379204294
29,T_7,C_7_3,0.66,0.52,1,0,0,4.723801239006553,0.47524495905607567
42,T_6,C_6_5,0.61,0.5,1,0,1,0.3266525418103825,0.5707289505960076
4,T_7,C_7_2,0.67,0.68,0,0,1,-1.6380667262051247,0.5279716992193759
31,T_8,C_8_1,0.5,0.03,0,0,0,-7.95188697627337,0.45786515100906866
6,T_6,C_6_5,0.49,0.65,1,0,1,1.2494578525396327,0.5553025104795035
20,T_7,C_7_3,0.57,0.65,1,0,1,14.033870171835673,0.6104790365979229
49,T_7,C_7_3,0.52,0.59,0,0,1,-2.3116354039463354,0.6243857976557652
11,T_7,C_7_1,0.5,0.75,1,0,1,4.282141699176979,0.5353769059332772
15,T_9,C_9_2,0.06,0.2,1,0,0,6.532836167748623,0.6923246033485184
30,T_6,C_6_5,0.58,0.42,1,0,0,14.728816067246122,0.5472691648078599
39,T_7,C_7_1,0.49,0.61,1,0,1,1.5259266200099209,0.6181155098087505
0,T_8,C_8_1,0.41,0.03,1,0,1,12.79094930143146,0.47561552202365837
47,T_7,C_7_2,0.9,0.54,0,0,1,-12.41118684390984,0.5266062903857178
27,T_4,C_4_5,1.0,0.41,1,0,0,7.6052918335225375,0.4162090552953278
37,T_8,C_8_2,0.97,0.03,1,0,0,22.724675173530354,0.4017349124770169
2,T_7,C_7_3,0.54,0.74,1,0,1,5.404420649621845,0.5129819863579598
13,T_5,C_5_1,0.49,0.44,0,0,1,-7.286842249064814,0.4952559175304114
10,T_9,C_9_2,0.03,0.2,0,0,0,-21.390592249064795,0.5242679432949726
12,T_5,C_5_12,-0.0,0.49,0,0,0,-1.1523994105580808,0.4049631044329314
41,T_8,C_8_3,0.24,0.03,0,0,0,-2.7194611697595645,0.4053590635310028
17,T_9,C_9_2,0.04,0.2,0,0,0,-28.49862523713322,0.6041737063269633
40,T_8,C_8_2,2.86,0.03,0,0,0,-40.75189188647027,0.5336628261550578
45,T_3,C_3_4,0.07,0.4,0,0,0,-2.00351488899579,0.7788776988729413
36,T_7,C_7_5,0.49,0.59,0,0,0,-17.68606306513365,0.40894384224100777
48,T_8,C_8_1,0.47,0.04,0,0,1,-7.038894427921454,0.5081696043947297
25,T_6,C_6_5,0.49,0.44,0,0,1,-18.854700277330316,0.5788190353781584
32,T_7,C_7_5,0.54,0.82,0,0,0,-2.9150259823460236,0.4781956412091243
46,T_5,C_5_4,0.59,0.42,0,0,0,-11.593704103788633,0.4693675955365165
3,T_8,C_8_2,0.41,0.03,1,0,1,18.118097138447393,0.4685799836165108
18,T_6,C_6_5,0.56,0.47,1,0,1,0.11886592138764751,0.5515816508488618
35,T_7,C_7_3,0.44,0.62,0,0,0,-13.922058138233458,0.5488863840544769
7,T_8,C_8_1,0.58,0.03,0,0,0,-12.382355904982825,0.43627402362292145
8,T_7,C_7_5,0.57,0.57,0,0,1,-25.054812480665237,0.6010210585557374
29,T_7,C_7_5,0.68,0.52,0,0,0,-12.209899329300455,0.46532752405333366
43,T_6,C_6_5,0.5,0.46,0,0,1,-2.674138262210686,0.5825719701229541
34,T_6,C_6_4,0.62,0.48,1,0,1,11.95992935818515,0.5546987122255411
15,T_9,C_9_3,0.06,0.2,1,0,1,22.40169646593107,0.7328003590005276
1,T_6,C_6_5,0.4,0.46,1,0,0,0.574310389030948,0.5988759105240513
38,T_8,C_8_3,0.49,0.03,1,0,0,10.167154312534972,0.3262146830903223
28,T_7,C_7_5,0.47,0.41,1,0,1,7.352493848174166,0.41649796945428136
14,T_7,C_7_5,0.45,0.51,0,0,1,-15.633363281166385,0.47893061616109933
26,T_9,C_9_3,0.03,0.2,1,0,1,1.785455907025531,0.5785752117737588
10,T_9,C_9_3,0.04,0.2,0,0,0,-0.20138288576311303,0.5639141895759094
22,T_8,C_8_3,0.68,0.03,1,0,0,37.708657903195906,0.43536904821887756
23,T_6,C_6_5,0.54,0.5,1,0,0,22.128411659966236,0.47750051920706016
5,T_8,C_8_3,0.99,0.03,1,0,0,40.480775073103146,0.44815564833022126
9,T_9,C_9_3,0.03,0.2,1,0,1,7.794464453090856,0.6210767527956507
44,T_9,C_9_3,0.03,0.2,1,0,1,15.3389033333746,0.6478401135568741
17,T_9,C_9_3,0.04,0.2,1,0,1,10.27333960788442,0.6530380612840653
21,T_8,C_8_3,0.49,0.03,1,0,1,6.824810196119694,0.42047349964572167
24,T_7,C_7_5,0.53,0.44,0,0,0,-11.361031677371901,0.5332879256757193
45,T_3,C_3_5,0.08,0.41,1,0,1,21.16502852076012,0.6964397658504377
12,T_5,C_5_13,-0.0,0.48,1,0,0,3.562078217757004,0.3654966556347158
33,T_9,C_9_3,0.03,0.2,0,0,1,-24.813456950438688,0.5736098796048259
42,T_7,C_7_3,0.37,0.47,0,0,0,-10.145951735212465,0.5347247228443611
36,T_7,C_7_3,0.59,0.46,0,0,1,-2.361974321104417,0.4814366008209499
31,T_8,C_8_3,0.72,0.03,0,0,0,-6.165273038269979,0.5155202574833644
32,T_7,C_7_2,0.56,0.44,1,0,1,0.377061130430941,0.5575309910841102
19,T_8,C_8_3,0.57,0.94,0,0,0,-20.426477612705092,0.4558837708651932
30,T_6,C_6_2,0.52,0.36,0,0,1,-4.430494604665953,0.5460166697923613
35,T_7,C_7_2,0.54,0.47,0,0,1,-8.859445268271616,0.5725789041609518
16,T_8,C_8_3,0.52,0.9,1,0,1,11.934280818778388,0.38324510017326774
6,T_7,C_7_3,0.45,0.66,0,0,1,-9.82999314814772,0.5598986647525162
46,T_5,C_5_2,0.58,0.46,0,0,1,-36.65859188989608,0.5752748071061404
15,T_10,C_10_1,0.2,0.0,0,0,0,-16.480250937531967,0.6534630495228158
4,T_8,C_8_3,0.67,0.94,0,0,1,-26.367386859862094,0.5092388480731943
29,T_7,C_7_2,0.52,0.47,0,0,1,-8.880658731016709,0.49523740027116375
37,T_8,C_8_3,0.99,0.95,0,0,1,-17.525429666569938,0.3958936183107833
26,T_10,C_10_1,0.2,0.0,1,0,0,17.299992942317257,0.45034534048615743
10,T_9,C_9_4,0.04,0.2,0,0,0,-2.621389265218022,0.5353134852203165
49,T_8,C_8_3,0.59,0.95,1,0,1,2.8879876252840466,0.5076252623293527
11,T_8,C_8_3,0.68,0.95,1,0,0,17.63430720399149,0.5440594614816281
41,T_8,C_8_4,0.35,0.95,1,0,1,8.544222560702472,0.47260646491557395
9,T_10,C_10_1,0.2,0.0,0,0,0,-8.36387901124429,0.5188194163097013
20,T_8,C_8_3,0.67,0.95,1,0,1,12.906613103449718,0.5389593453060355
39,T_8,C_8_3,0.39,0.94,0,0,1,-9.44323583914846,0.5046248887895952
0,T_9,C_9_3,0.93,0.2,1,0,0,15.25646204604794,0.5516242986353619
27,T_5,C_5_4,0.4,0.55,1,0,0,27.33803304302679,0.4250674910075622
44,T_10,C_10_1,0.2,0.0,1,0,0,6.65697774664987,0.5646488914562815
47,T_8,C_8_1,0.43,0.95,0,0,1,-24.51755682105403,0.4838665194700231
40,T_8,C_8_3,1.26,0.96,0,0,0,-26.556111037921525,0.5164971252688453
2,T_8,C_8_3,0.69,0.95,0,0,1,-17.74645363574963,0.5069887470363159
17,T_10,C_10_1,0.2,0.0,0,0,0,-24.503974694714685,0.5616595492471812
24,T_7,C_7_3,0.57,0.47,0,0,1,-16.06394272546541,0.5597540080481724
13,T_6,C_6_5,0.48,0.36,0,0,0,-9.120467079043271,0.5062579914506159
33,T_10,C_10_1,0.2,0.0,0,0,0,-29.575761756179105,0.5074330177355768
15,T_10,C_10_2,0.25,0.0,1,0,1,29.01093190863955,0.6217265154970956
7,T_8,C_8_2,0.64,0.95,1,0,1,11.1947156924233,0.5189149716952314
25,T_7,C_7_3,0.51,0.51,1,0,1,7.81393491164253,0.5218858025711528
42,T_7,C_7_1,0.41,0.46,0,0,1,-16.96701294095756,0.5362619239969184
18,T_7,C_7_3,0.39,0.34,0,0,1,-1.378883444554723,0.5296358450958234
26,T_10,C_10_2,0.25,0.0,1,0,1,26.919501799345998,0.4021955798275907
23,T_6,C_6_2,0.59,0.38,1,0,1,12.937465871202285,0.4861944090370508
12,T_5,C_5_11,-0.0,0.52,0,0,0,-6.953423803667038,0.3860175513562311
1,T_6,C_6_2,0.52,0.41,0,0,0,-27.09824726267358,0.5339891039251252
48,T_9,C_9_3,0.94,0.11,0,0,1,-14.537505192057187,0.5472619506135455
34,T_7,C_7_2,0.39,0.54,1,0,1,11.80688110214246,0.5353438581191607
43,T_7,C_7_5,0.46,0.54,0,0,1,-1.9219579472055965,0.5629470446424608
9,T_10,C_10_2,0.25,0.0,1,0,0,13.026668098194646,0.4812175067452338
38,T_8,C_8_1,0.54,0.94,0,0,1,-6.896563443202632,0.39805187575425094
3,T_9,C_9_3,0.96,0.09,1,0,1,8.938444371279624,0.5392779812319435
10,T_9,C_9_1,0.03,0.1,1,0,1,7.337729234211729,0.5771144546397535
5,T_8,C_8_4,0.34,0.95,1,0,1,11.61782458582075,0.6388162121571705
8,T_8,C_8_2,0.66,0.96,0,0,1,-21.87011740861709,0.490385611023113
44,T_10,C_10_2,0.25,0.0,1,0,1,18.19238259138295,0.45983096036183424
22,T_8,C_8_2,0.98,0.96,0,0,1,-4.597714214021641,0.4750715502904773
17,T_10,C_10_2,0.25,0.0,1,0,1,14.292272595388878,0.5013017291052428
45,T_4,C_4_4,0.41,0.55,1,0,1,9.030538105523298,0.5631723523184576
28,T_8,C_8_1,0.53,0.95,1,0,1,12.110144288049298,0.3981583198708728
33,T_10,C_10_2,0.25,0.0,0,0,1,-5.11091818044009,0.4305173792180327
0,T_9,C_9_1,0.03,0.09,1,0,1,21.65138176028309,0.5780833938265826
14,T_8,C_8_1,0.35,0.96,0,0,0,-21.445239460819508,0.4595111543949226
19,T_8,C_8_2,1.0,0.94,0,0,0,-40.51891829289192,0.44225809598413446
21,T_9,C_9_3,0.94,0.99,0,0,1,-44.67662650316954,0.5088657404154784
31,T_8,C_8_2,0.97,0.96,0,0,1,-13.265754874663802,0.4998275183515193
30,T_7,C_7_2,0.4,0.53,1,0,1,7.030120555885833,0.45706722619084805
27,T_5,C_5_1,0.52,0.59,1,0,1,9.08207378959208,0.44644450275319214
9,T_10,C_10_3,0.33,0.0,1,0,1,1.8412172213881588,0.4593213008914834
36,T_8,C_8_3,0.47,0.95,0,0,0,-36.058348729087136,0.4408062091157614
32,T_8,C_8_3,0.52,0.96,0,0,0,-37.4279139464785,0.4501753397147884
16,T_9,C_9_3,0.89,0.98,0,0,0,-44.48910064058914,0.48371952988346456
46,T_6,C_6_5,0.46,0.56,0,0,0,-45.18721178824474,0.5652295667124483
48,T_10,C_10_2,0.99,0.0,0,0,1,-27.824047451919252,0.5101866328977215
6,T_8,C_8_4,0.52,0.76,0,0,0,-55.58435752986432,0.48339544624439934
11,T_8,C_8_4,0.8,0.66,0,0,1,-15.067122009962105,0.6092426561448093
13,T_6,C_6_2,0.56,0.37,0,0,0,-22.3883625014776,0.514636458131428
12,T_5,C_5_6,-0.0,0.53,0,0,0,-10.311894952656282,0.442333849317221
3,T_10,C_10_2,0.99,0.0,0,0,0,-36.575668745212866,0.39330934366804937
10,T_10,C_10_2,0.99,0.0,0,0,0,-46.28811760552842,0.41467576027467445
35,T_8,C_8_3,0.52,0.71,0,0,0,-21.16191428614701,0.42996101900794825
4,T_9,C_9_3,0.96,0.99,0,0,1,-46.791730497918024,0.5882220291661239
49,T_9,C_9_3,0.68,0.99,0,0,1,-31.111239843712397,0.6361208210040095
37,T_9,C_9_3,0.64,0.99,0,0,1,-1.2117091228592605,0.598418319909341
29,T_8,C_8_4,0.52,0.69,0,0,1,-8.245548096021452,0.4704064928290908
40,T_8,C_8_4,1.0,0.76,0,0,1,-41.41029970428271,0.5345986369077111
41,T_9,C_9_3,0.72,0.56,0,0,1,-23.5294181449402,0.588361272090618
0,T_10,C_10_2,0.57,0.0,1,0,1,10.657262458952113,0.41633945334476763
1,T_6,C_6_4,0.52,0.44,1,0,0,1.440275838824138,0.5172056524459681
21,T_10,C_10_2,0.54,0.0,1,0,0,8.171430489040848,0.3870499668377392
20,T_9,C_9_3,0.76,0.58,1,0,1,20.553185282765412,0.6915547136769669
2,T_9,C_9_3,0.64,0.57,1,0,1,15.578751813851996,0.527092944459763
39,T_9,C_9_3,0.66,0.6,1,0,1,3.1984043707240017,0.6298912687488327
47,T_9,C_9_3,0.7,0.62,1,0,1,44.09794659527434,0.6253046156699833
23,T_7,C_7_3,0.4,0.5,1,0,1,43.28530158367341,0.4202883745806679
24,T_8,C_8_4,0.53,0.73,1,0,1,10.262996865962663,0.5162664124487731
3,T_10,C_10_3,0.99,0.0,1,0,0,10.567538935205807,0.4077304950463667
16,T_9,C_9_1,0.95,0.57,0,0,1,-3.796576146836875,0.589612004092122
10,T_10,C_10_3,0.99,0.0,1,0,0,6.806662719559902,0.412486917471736
25,T_8,C_8_4,0.49,0.65,0,0,1,-21.278021394404547,0.5313722994878529
7,T_9,C_9_3,0.64,0.64,0,0,0,-18.91406992126764,0.5651469857360258
18,T_8,C_8_4,0.61,0.83,0,0,1,-18.382805703892082,0.5282263254636734
42,T_8,C_8_4,0.59,0.66,0,0,1,-17.867216789342383,0.530308794037528
34,T_8,C_8_4,0.53,0.59,1,0,0,24.22046184174965,0.5933525419044575
21,T_10,C_10_3,0.99,0.0,1,0,0,16.67302078367029,0.34838630360977535
43,T_8,C_8_4,0.56,0.54,0,0,1,-1.7878604203510458,0.49059029500620266
38,T_9,C_9_1,0.55,0.61,1,0,1,20.991594676712282,0.5210347934618648
19,T_8,C_8_4,0.97,0.62,0,0,0,-8.775924487111464,0.43345111270156533
4,T_10,C_10_3,0.62,0.0,0,0,1,-7.706424199920199,0.47641577265095425
12,T_5,C_5_9,-0.0,0.53,1,0,1,6.403857247523776,0.48978575272021385
14,T_8,C_8_4,0.64,0.82,1,0,1,2.115376171335865,0.5100590385710221
22,T_9,C_9_3,0.76,0.67,0,0,1,-17.701207989685667,0.6307420291725887
49,T_10,C_10_3,0.64,0.0,0,0,0,-10.888134595190216,0.5091357227134674
37,T_10,C_10_3,0.58,0.0,0,0,1,-5.025749274089304,0.427754304035161
8,T_9,C_9_3,0.74,0.64,0,0,0,-20.15246945757556,0.6506808385146065
45,T_5,C_5_4,0.55,0.44,0,0,1,-25.706368540144336,0.49809996612113294
5,T_9,C_9_3,0.69,0.62,0,0,1,-16.62207954931867,0.6341046707090789
46,T_6,C_6_4,0.49,0.56,0,0,0,-0.9990775631274245,0.5374875582207155
3,T_10,C_10_1,0.15,0.0,1,0,1,6.703098840079887,0.45660936980174005
41,T_10,C_10_2,0.69,0.0,1,0,0,10.494049584638873,0.4143558270755968
28,T_9,C_9_3,0.67,0.51,1,0,0,3.3088704098663584,0.5756891237045583
10,T_10,C_10_1,0.15,0.0,1,0,0,5.355596474424267,0.49389691418155757
36,T_8,C_8_4,0.64,0.64,1,0,0,2.3864889229368513,0.5314953105922531
32,T_8,C_8_4,0.8,0.74,0,0,0,-6.292985323870476,0.46877208445695995
20,T_10,C_10_2,0.77,0.0,1,0,1,2.878541262750495,0.5246069335170112
2,T_10,C_10_2,0.75,0.0,1,0,0,2.5074720803605537,0.35406130251271284
47,T_10,C_10_2,0.63,0.0,1,0,0,37.83174554274723,0.512957868032072
39,T_10,C_10_2,0.72,0.0,1,0,0,27.89574554274723,0.518591817009274
31,T_9,C_9_3,0.74,0.7,1,0,0,28.773618818377496,0.639113354785447
6,T_8,C_8_2,0.52,0.72,1,0,0,11.364838886792548,0.5106962381574869
21,T_10,C_10_1,0.2,0.0,1,0,0,19.24397229614261,0.4491405484437835
13,T_6,C_6_4,0.53,0.39,1,0,0,19.369399890213305,0.4474400046609448
16,T_10,C_10_2,0.82,0.0,1,0,0,26.375101144489264,0.4475946303724025
27,T_6,C_6_2,0.56,0.39,1,0,0,34.03017526079485,0.4791804053223024
30,T_8,C_8_4,0.45,0.6,0,0,1,-2.5879174235460214,0.5476346437699042
7,T_9,C_9_1,0.94,0.59,1,0,1,3.736803250858885,0.5652899527487734
35,T_8,C_8_4,0.56,0.67,0,0,0,-16.67011520866754,0.5579137601962749
49,T_10,C_10_2,0.99,0.0,1,0,1,28.378683939994936,0.49450038076749314
38,T_10,C_10_2,0.68,0.0,0,0,1,-2.226188056775606,0.3886004758012146
1,T_6,C_6_1,0.98,0.43,0,0,0,-6.3980541940416265,0.35749248906640363
11,T_9,C_9_3,0.68,0.66,1,0,0,21.62899527199169,0.6701837676980013
22,T_10,C_10_3,0.53,0.0,1,0,1,31.75606442705018,0.41010274606003244
41,T_10,C_10_3,0.51,0.0,1,0,0,17.30948443835599,0.428288237338309
10,T_10,C_10_4,0.53,0.0,1,0,0,21.519723900272943,0.4938835682806557
40,T_9,C_9_3,0.73,0.52,1,0,0,9.852374466901274,0.618048871023448
29,T_9,C_9_3,0.62,0.3,0,0,0,-12.039819272107874,0.5710159429587581
8,T_9,C_9_1,0.93,0.52,0,0,1,-3.2765723724460876,0.6132987122264183
2,T_10,C_10_3,0.54,0.0,1,0,1,6.1502536116433415,0.4489510746162989
5,T_10,C_10_2,0.57,0.0,1,0,1,14.897338689679138,0.5416540928023102
47,T_10,C_10_3,0.61,0.0,1,0,0,15.251348826715448,0.4877205669793296
39,T_10,C_10_3,0.59,0.0,1,0,1,7.909761882427314,0.4843352702650454
28,T_9,C_9_1,0.95,0.58,1,0,1,34.1577254465878,0.5204165088839303
21,T_10,C_10_4,0.54,0.0,1,0,0,26.325948346714746,0.4070205172092445
23,T_8,C_8_4,0.61,0.55,1,0,0,28.036374253130152,0.4043452303284524
34,T_8,C_8_3,0.54,0.56,1,0,0,31.674128726960145,0.4592906140952706
16,T_10,C_10_1,0.62,0.0,1,0,1,23.180017678165992,0.5108180303686258
24,T_9,C_9_3,0.68,0.45,1,0,1,6.522178255517088,0.6163644050418966
19,T_8,C_8_1,0.78,0.57,1,0,1,4.1489036841877915,0.36452587211879983
25,T_9,C_9_3,0.67,0.5,0,0,1,-16.835518774642985,0.5302618666635934
46,T_6,C_6_2,0.6,0.56,0,0,1,-8.92487810482903,0.511644618157946
31,T_9,C_9_1,0.93,0.55,0,0,1,-10.602730453822335,0.6520866116350907
42,T_9,C_9_3,0.59,0.52,0,0,1,-16.313418551103982,0.6192330753480165
18,T_9,C_9_3,0.8,0.51,0,0,0,-27.11464691514646,0.6180278538388998
41,T_10,C_10_1,0.98,0.0,1,0,0,7.00448422411024,0.48381601692725207
7,T_10,C_10_2,0.44,0.0,1,0,0,3.503647637384113,0.4526443719311309
10,T_10,C_10_5,1.0,0.0,1,0,1,7.577824993770079,0.4428428206979631
12,T_6,C_6_4,0.54,0.51,1,0,1,25.084675994333963,0.47904520072518386
43,T_9,C_9_1,0.7,0.43,1,0,0,32.621723348094434,0.6030438041633042
14,T_9,C_9_3,0.75,0.64,0,0,1,-6.676342820902405,0.6305508788713217
47,T_10,C_10_1,0.98,0.0,1,0,0,17.95350221103666,0.536429097694806
11,T_9,C_9_1,0.94,0.58,0,0,0,-15.700931116120408,0.6705093867813576
36,T_8,C_8_2,0.44,0.55,0,0,0,-13.110082205021628,0.41760080936731336
40,T_9,C_9_1,0.93,0.65,0,0,1,-10.206903492492376,0.6936795988257303
32,T_8,C_8_1,0.64,0.59,0,0,0,-13.844528353757656,0.4154002562512958
27,T_6,C_6_4,0.57,0.39,1,0,1,8.559693429766353,0.4917459959626855
29,T_9,C_9_1,0.95,0.53,1,0,0,18.998389468519175,0.5589282701986092
21,T_10,C_10_5,1.0,0.0,0,0,1,-2.2816820555359456,0.379117196112184
13,T_6,C_6_1,0.97,0.39,1,0,0,13.939631153663306,0.3377474512986073
45,T_6,C_6_4,0.47,0.55,1,0,0,16.575994790026968,0.5455082555333328
8,T_10,C_10_3,0.47,0.0,1,0,0,26.327103437477078,0.4628838430984492
6,T_8,C_8_3,0.56,0.57,0,0,0,-26.47593117203788,0.4078993556363323
28,T_10,C_10_3,0.54,0.0,0,0,1,-6.336674468828243,0.38516650904937483
1,T_6,C_6_3,0.12,0.43,0,0,1,-8.783206999544799,0.4226754224816198
41,T_10,C_10_4,0.38,0.0,1,0,0,6.865544638402209,0.45586317308089824
24,T_10,C_10_2,0.51,0.0,1,0,0,2.9278722721584405,0.43334751115102693
35,T_8,C_8_2,0.6,0.54,1,0,1,15.297425498854512,0.4853109124437073
7,T_10,C_10_5,0.69,0.0,0,0,0,-13.069339478300066,0.39454348789435467
25,T_10,C_10_5,0.47,0.0,0,0,0,-18.599367026509444,0.42183786352584585
31,T_10,C_10_5,0.5,0.0,0,0,1,-10.013437547498253,0.46489721295834113
42,T_10,C_10_5,0.52,0.0,0,0,1,-17.853686400008783,0.4709885281185897
18,T_9,C_9_1,0.94,0.52,1,0,1,2.6363110054491274,0.5934409287856384
47,T_10,C_10_5,1.0,0.0,1,0,0,18.512616667901085,0.43593876494244116
30,T_9,C_9_1,0.56,0.62,0,0,1,-3.15362701145421,0.6031310615608729
14,T_10,C_10_5,0.58,0.0,1,0,1,11.602395866632252,0.4715260405028075
43,T_9,C_9_3,0.9,0.5,1,0,1,33.63199995832787,0.5670556598910973
11,T_9,C_9_5,0.03,0.55,1,0,0,30.709638011909075,0.5173780913782052
8,T_10,C_10_5,0.68,0.0,1,0,1,43.67847344110535,0.3861192200691582
40,T_10,C_10_5,0.54,0.0,1,0,0,2.262560927768858,0.4174276282640876
41,T_10,C_10_5,1.0,0.0,1,0,1,21.6514941001222,0.36791977461295117
29,T_9,C_9_5,0.03,0.65,1,0,0,11.580572114306605,0.38055906626202557
24,T_10,C_10_5,0.77,0.0,1,0,0,8.876845571778713,0.4256259581818972
23,T_8,C_8_1,0.73,0.58,1,0,0,22.215994971996803,0.3261128482028333
34,T_8,C_8_2,0.63,0.53,1,0,1,8.437369017798341,0.5627112248850058
7,T_10,C_10_1,0.53,0.0,1,0,0,20.391382011763483,0.4874691025290246
25,T_10,C_10_3,0.59,0.0,1,0,0,18.43849782173593,0.42693475832495303
46,T_7,C_7_5,0.56,0.47,0,0,0,-29.483494633899603,0.4975224025794885
47,T_10,C_10_4,1.0,0.0,1,0,0,1.4236122030294127,0.5627578230953612
19,T_9,C_9_3,0.5,0.72,0,0,1,-20.805812933643196,0.5929324204816595
13,T_6,C_6_3,0.12,0.39,1,0,0,15.575713670081488,0.3811639286821918
40,T_10,C_10_3,0.6,0.0,1,0,0,2.185350919675413,0.5176886844208377
18,T_10,C_10_5,0.49,0.0,1,0,0,15.649888006843785,0.4395678269062774
12,T_7,C_7_2,0.51,0.48,0,0,0,-0.9257204444414378,0.5050597673518793
45,T_6,C_6_2,0.58,0.55,1,0,1,10.223787362516374,0.6235694267685474
30,T_10,C_10_5,0.69,0.0,0,0,0,-1.0677215612261834,0.3939658666286545
36,T_8,C_8_1,0.99,0.56,0,0,0,-2.0428619585191,0.3871627279900809
24,T_10,C_10_3,0.82,0.0,1,0,0,6.390111014453865,0.4273812923161595
32,T_8,C_8_2,0.92,0.52,1,0,1,7.4752176770321075,0.4470217616627175
43,T_10,C_10_5,0.37,0.0,1,0,0,5.303958897993823,0.369486576676436
27,T_7,C_7_2,0.39,0.41,1,0,0,4.42205798113641,0.4924495384111224
11,T_9,C_9_6,0.03,0.5,1,0,1,23.720060986263526,0.5839965403465526
7,T_10,C_10_3,0.99,0.0,1,0,1,32.957385689607634,0.39924643283564343
25,T_10,C_10_2,0.65,0.0,1,0,0,21.147335008774746,0.40220376759955917
29,T_9,C_9_6,0.03,0.46,1,0,0,15.256114924592765,0.5038285814709184
40,T_10,C_10_2,0.45,0.0,1,0,0,23.59967179828957,0.4418434827443947
18,T_10,C_10_3,0.53,0.0,1,0,0,37.174783576503074,0.4360077178786974
6,T_8,C_8_1,0.99,0.57,1,0,1,22.40489110338481,0.4303083543975292
1,T_7,C_7_5,0.43,0.4,1,0,1,21.67936104178301,0.5037882747310154
30,T_10,C_10_1,0.36,0.0,1,0,1,16.34924832036593,0.5077651353413003
19,T_10,C_10_5,0.68,0.0,1,0,1,13.218905637472433,0.3898375179425765
46,T_7,C_7_3,0.42,0.46,1,0,1,11.908986066426866,0.5976581931079421
24,T_10,C_10_1,0.87,0.0,1,0,1,24.84625148197645,0.5094288532382805
43,T_10,C_10_2,0.43,0.0,1,0,1,3.5091105249729444,0.378766542782307
25,T_10,C_10_1,0.99,0.0,0,0,0,-2.7614626600735344,0.49248744977004627
12,T_7,C_7_3,0.44,0.48,1,0,0,1.8093550844481006,0.4948961380141333
35,T_9,C_9_3,0.56,0.43,0,0,0,-3.1302088627988836,0.5540835401680522
40,T_10,C_10_1,1.0,0.0,1,0,1,18.810034519315813,0.5200632982732281
18,T_10,C_10_2,0.86,0.0,1,0,0,23.045079684532233,0.48289318525615493
27,T_7,C_7_1,0.42,0.45,0,0,1,-4.8696501414216575,0.4414522188034235
11,T_10,C_10_5,0.46,0.0,0,0,1,-0.4764695340694969,0.4974517947060333
29,T_9,C_9_7,0.03,0.34,1,0,0,2.44176633348735,0.5088703226840845
23,T_8,C_8_2,1.61,0.45,0,0,1,-4.931700134100063,0.3389377242682112
13,T_6,C_6_6,0.23,0.36,0,0,0,-1.769020708262734,0.37104489016798603
25,T_10,C_10_4,1.0,0.0,1,0,0,24.485347177767988,0.5429565717980476
18,T_10,C_10_1,0.99,0.0,1,0,0,7.381261113582222,0.5438483786457065
12,T_7,C_7_1,0.49,0.51,1,0,0,16.71117387127641,0.39600676432442095
36,T_8,C_8_5,0.51,0.41,1,0,0,3.458531165145377,0.4101932503945833
45,T_7,C_7_3,0.52,0.45,1,0,1,16.635063934701385,0.5375641528507542
18,T_10,C_10_4,1.0,0.0,1,0,1,23.69032846218606,0.516537945297376
34,T_9,C_9_3,0.43,0.45,1,0,1,13.717798087120059,0.5784039504932275
35,T_9,C_9_1,0.55,0.45,1,0,1,13.208553501805735,0.6183713653260454
29,T_9,C_9_2,0.03,0.32,1,0,1,1.8912448029950468,0.5058119020214598
32,T_9,C_9_3,0.41,0.36,0,0,1,-27.87081556118558,0.5758226405622316
12,T_7,C_7_5,0.93,0.51,0,0,1,-22.976605034869785,0.46149540359753694
34,T_10,C_10_1,0.47,0.0,0,0,0,-23.595552403290796,0.5244563979200192
35,T_10,C_10_3,0.43,0.0,0,0,0,-15.241891726084896,0.477574937871876
29,T_10,C_10_5,0.32,0.0,1,0,0,5.162160072854889,0.3854298303153597
34,T_10,C_10_2,0.64,0.0,1,0,1,0.965102794872764,0.4745855072586531
35,T_10,C_10_2,0.52,0.0,1,0,1,5.093780921404513,0.41194984507097043
29,T_10,C_10_1,0.27,0.0,0,0,1,-13.593129388364732,0.49057717232040843
13,T_6,C_6_7,0.29,0.4,0,0,0,-24.705406408301773,0.38567081557465294
32,T_10,C_10_5,0.32,0.0,0,0,1,-20.50370088167399,0.37064983959488595
6,T_9,C_9_3,0.46,0.47,0,0,1,-34.160347639343755,0.5831348680059294
1,T_8,C_8_4,0.41,0.39,0,0,1,-11.920094034325395,0.5365879828018739
46,T_8,C_8_4,0.43,0.47,0,0,1,-25.50152778382198,0.5109069641636385
36,T_8,C_8_6,1.0,0.39,0,0,0,-23.648980435717917,0.49682265258629776
27,T_8,C_8_4,0.42,0.4,0,0,1,-15.435702861227583,0.4984515660271741
6,T_10,C_10_3,0.46,0.0,0,0,0,-9.254312375080186,0.43899525343429857
23,T_9,C_9_1,0.38,0.34,1,0,1,17.940296371181635,0.49562627204917853
6,T_10,C_10_1,0.41,0.0,1,0,0,19.851047936943637,0.5099158594951554
6,T_10,C_10_2,0.33,0.0,1,0,0,6.364835899048631,0.4482775662113929
45,T_8,C_8_4,0.45,0.43,0,0,1,-7.96835814699007,0.6433401853644436
6,T_10,C_10_5,0.4,0.0,1,0,1,6.181720018721233,0.418721091183897
13,T_6,C_6_8,0.49,0.4,0,0,1,-4.885502493003633,0.4354143035211915
23,T_10,C_10_5,0.35,0.0,0,0,0,-5.510191738550192,0.33524019671071215
23,T_10,C_10_2,0.42,0.0,1,0,0,9.88932465833877,0.3049141951050073
12,T_8,C_8_2,0.51,0.38,0,0,0,-3.4180076349529864,0.46250731658707406
23,T_10,C_10_3,0.43,0.0,1,0,0,9.858176385380826,0.35045853618892653
23,T_10,C_10_1,0.59,0.0,1,0,1,22.240003253189006,0.39194781502883635
46,T_9,C_9_1,0.46,0.61,0,0,0,-20.46268753589824,0.621762165897472
1,T_9,C_9_1,0.4,0.42,0,0,1,-9.723196098430657,0.6280784010663119
36,T_9,C_9_1,0.41,0.35,1,0,0,1.1946921978267149,0.5936096971032019
27,T_9,C_9_6,0.4,0.4,1,0,0,1.7738273815477186,0.47484913654112665
46,T_9,C_9_3,0.64,0.61,1,0,1,2.405818913224758,0.584721240989289
13,T_7,C_7_5,0.4,0.37,1,0,1,6.518195919957005,0.48314147693579157
1,T_10,C_10_2,0.42,0.0,0,0,0,-5.7454524862903735,0.4135866377926595
36,T_9,C_9_3,0.49,0.35,0,0,1,-16.50710849037762,0.5673342093907969
1,T_10,C_10_5,0.37,0.0,1,0,0,17.18807279199234,0.4518104564388717
45,T_9,C_9_3,0.43,0.57,0,0,1,-12.381458965300684,0.5908553631841746
1,T_10,C_10_3,0.46,0.0,1,0,1,19.387837327436436,0.4907258389317195
27,T_9,C_9_3,0.43,0.37,1,0,1,2.1197588150397326,0.5764976998609668
12,T_8,C_8_4,0.72,0.42,1,0,0,16.07946955884134,0.5020077135895407
46,T_10,C_10_5,0.59,0.0,0,0,0,-10.506987014037088,0.4586348114233223
46,T_10,C_10_3,0.86,0.0,1,0,1,5.452892570732917,0.4573094890068319
36,T_10,C_10_3,0.37,0.0,1,0,1,1.7743763419848602,0.44530617952378093
45,T_10,C_10_2,0.54,0.0,0,0,0,-8.786715783014692,0.5070171786811575
27,T_10,C_10_5,0.34,0.0,0,0,1,-9.508398307570058,0.3904291461585643
45,T_10,C_10_1,0.79,0.0,1,0,1,20.103994972940942,0.5876466987195066
12,T_8,C_8_3,0.32,0.41,0,0,0,-15.692044613012492,0.3763877074423756
13,T_8,C_8_4,0.34,0.43,0,0,1,-11.60291257283789,0.42923508127740034
12,T_8,C_8_1,0.95,0.41,0,0,0,-2.087724145214299,0.39477777594421504
13,T_9,C_9_3,0.43,0.68,0,0,1,-0.29959081089763373,0.5285973451400897
13,T_10,C_10_1,0.68,0.0,0,0,1,-8.551685902397537,0.44256682961661975
12,T_8,C_8_5,0.5,0.4,1,0,0,5.748826918115266,0.4105054442854381
12,T_8,C_8_6,1.0,0.4,1,0,1,3.647636291801682,0.4692590087514657
12,T_9,C_9_1,0.4,0.46,0,0,0,-14.438723595886866,0.5631891014983489
12,T_9,C_9_3,0.49,0.46,1,0,0,3.2963353455312356,0.5236566065205148
12,T_9,C_9_6,0.49,0.46,1,0,1,3.2971986804963045,0.40096388928498283
12,T_10,C_10_1,0.46,0.0,0,0,0,-5.609914327416911,0.42852384030904733
12,T_10,C_10_2,0.64,0.0,1,0,0,10.595237228583096,0.3843245529455931
12,T_10,C_10_4,0.48,0.0,1,0,0,11.77725270640218,0.42858124878132225
12,T_10,C_10_5,12.78,0.0,0,0,1,-79.26756388875262,0.31006504878572105
