student_number,topic,arm_pulled,pay-off,pay-off_next_topic,actual_decision,skip_decision,reward,confidence_score
1,T_1,C_1_1,0.61,0.61,0,0,0,-10.0
0,T_1,C_1_1,0.55,0.62,0,0,0,-10.0
2,T_1,C_1_1,0.56,0.57,0,0,1,-10.0
3,T_1,C_1_1,0.59,0.62,1,0,0,34.27543913172655
4,T_1,C_1_1,0.54,0.56,1,0,1,33.29980073729005
5,T_1,C_1_1,0.56,0.54,1,0,1,35.006972052031095
6,T_1,C_1_1,0.47,0.48,1,0,1,18.681274840875716
8,T_1,C_1_1,0.56,0.56,0,0,0,-2.565998330097277
7,T_1,C_1_1,0.56,0.55,0,0,0,-8.513366751149913
9,T_1,C_1_1,0.52,0.51,0,0,0,-5.918530604178711
0,T_1,C_1_2,0.5,0.62,0,0,1,-0.23729922384107205
10,T_1,C_1_1,0.56,0.58,0,0,1,-5.82121183555905
1,T_1,C_1_2,0.51,0.61,1,0,0,45.50106102426347
13,T_1,C_1_1,0.5,0.5,1,0,1,31.122743013890997
3,T_1,C_1_2,0.52,0.62,0,0,1,-6.644984263287755
12,T_1,C_1_1,0.6,0.63,1,0,1,1.8555102965539927
11,T_1,C_1_1,0.51,0.58,0,0,0,-12.244090732443247
16,T_1,C_1_1,0.5,0.57,0,0,1,-7.22574091058172
14,T_1,C_1_1,0.57,0.6,0,0,1,-8.747437163047204
15,T_1,C_1_1,0.59,0.59,0,0,1,-3.152553708747303
2,T_2,C_2_4,0.57,0.55,0,0,1,-54.582463332113335
17,T_1,C_1_1,0.6,0.59,0,0,0,-43.80884128486925
18,T_1,C_1_1,0.67,0.63,0,0,0,-54.65825073368815
8,T_1,C_1_2,0.49,0.56,0,0,1,-40.78620058619552
19,T_1,C_1_1,0.49,0.52,0,0,1,-4.442386293609562
20,T_1,C_1_1,0.59,0.56,0,0,1,-8.33727823859974
21,T_1,C_1_1,0.62,0.63,0,0,0,-5.0090876303328535
7,T_1,C_1_2,0.45,0.55,0,0,1,-11.982617042097568
23,T_1,C_1_1,0.59,0.62,0,0,0,-8.756146453862272
22,T_1,C_1_1,0.64,0.64,1,0,0,40.14267170353767
9,T_1,C_1_2,0.43,0.51,1,0,0,21.472417300406562
6,T_2,C_2_4,0.48,0.42,1,0,1,15.970460353244137
4,T_2,C_2_4,0.56,0.53,1,0,1,28.149521018606166
24,T_1,C_1_1,0.56,0.56,1,0,1,22.89707483465314
25,T_1,C_1_1,0.5,0.54,1,0,0,25.071979617600334
5,T_2,C_2_4,0.54,0.46,1,0,0,21.73082614741461
28,T_1,C_1_1,0.58,0.63,0,0,1,-10.46876208840543
36,T_1,C_1_1,0.66,0.67,0,0,1,-3.432664527429817
49,T_1,C_1_1,0.62,0.61,0,0,1,-8.914641420882965
42,T_1,C_1_1,0.6,0.6,0,0,1,-7.629066372150019
29,T_1,C_1_1,0.57,0.59,0,0,0,-11.739202824391736
27,T_1,C_1_1,0.6,0.63,0,0,1,-9.624193077803042
0,T_2,C_2_4,0.62,0.58,0,0,1,-11.550119003728971
38,T_1,C_1_1,0.64,0.65,0,0,1,-11.466298340960936
26,T_1,C_1_1,0.51,0.56,0,0,1,-16.54134707390441
33,T_1,C_1_1,0.56,0.56,0,0,0,-7.893198925756253
31,T_1,C_1_1,0.57,0.57,0,0,1,-11.467272999830332
44,T_1,C_1_1,0.59,0.6,0,0,1,-4.466298340960937
41,T_1,C_1_1,0.54,0.54,0,0,0,-11.876629724976532
43,T_1,C_1_1,0.52,0.47,0,0,1,-13.585206723027213
46,T_1,C_1_1,0.6,0.61,0,0,1,-9.491639471565223
48,T_1,C_1_1,0.59,0.6,0,0,0,-14.266493272734817
37,T_1,C_1_1,0.66,0.6,1,0,1,42.00548874874754
40,T_1,C_1_1,0.58,0.57,1,0,1,33.832168398212
34,T_1,C_1_2,0.57,0.58,1,0,0,43.6130836854564
10,T_2,C_2_3,0.58,0.53,1,0,1,30.107728281366818
39,T_1,C_1_1,0.61,0.66,1,0,0,33.26449556471638
11,T_1,C_1_2,0.49,0.58,1,0,0,34.19049361729671
47,T_1,C_1_1,0.46,0.5,1,0,1,17.695849021386287
30,T_1,C_1_1,0.64,0.64,1,0,1,41.88572243910781
45,T_1,C_1_1,0.57,0.59,1,0,0,1.1774640915350787
35,T_1,C_1_1,0.5,0.57,1,0,1,20.7730822164949
1,T_2,C_2_4,0.61,0.57,1,1,,56.90427755177188
3,T_2,C_2_4,0.62,0.56,1,0,0,37.564357561584394
32,T_1,C_1_1,0.54,0.64,1,0,1,44.93231872663293
13,T_2,C_2_3,0.5,0.49,1,0,0,34.930376979060114
12,T_2,C_2_4,0.63,0.61,1,0,1,50.73043159659611
18,T_1,C_1_2,0.51,0.63,1,0,1,40.617919472444804
17,T_1,C_1_2,0.47,0.59,1,0,1,17.332230294330696
16,T_2,C_2_4,0.57,0.53,0,0,1,-24.409527174320125
2,T_3,C_3_3,0.55,0.53,0,0,1,-36.785904591881035
15,T_2,C_2_3,0.59,0.55,1,0,0,2.8577689614132353
14,T_2,C_2_4,0.6,0.58,1,0,1,9.1311476195745
21,T_1,C_1_2,0.56,0.63,0,0,0,-19.663503382164258
23,T_1,C_1_2,0.45,0.62,0,0,1,-33.7221754817252
8,T_2,C_2_4,0.56,0.53,0,0,0,-28.863506537783625
22,T_1,C_1_2,0.48,0.64,0,0,0,-35.99206580334962
19,T_2,C_2_3,0.52,0.46,0,0,1,-23.57956580334963
20,T_2,C_2_4,0.56,0.54,1,0,1,10.30325304686836
7,T_2,C_2_3,0.55,0.51,0,0,1,-51.70357478118529
5,T_2,C_2_3,0.53,0.46,0,0,0,-32.752472192498814
25,T_1,C_1_2,0.49,0.54,0,0,1,-27.94156970748825
6,T_3,C_3_1,0.42,0.42,0,0,1,-3.604680944645965
9,T_2,C_2_4,0.51,0.46,1,0,0,2.202968517260123
4,T_3,C_3_1,0.53,0.56,0,0,1,-28.69512180988323
24,T_2,C_2_2,0.56,0.55,0,0,1,-4.633007946443673
29,T_1,C_1_2,0.5,0.59,0,0,0,-26.384790596586658
28,T_2,C_2_4,0.63,0.56,1,0,1,5.941932198995444
36,T_2,C_2_4,0.67,0.61,0,0,1,-32.490161096979904
33,T_1,C_1_2,0.48,0.56,0,0,1,-24.51577779527212
49,T_2,C_2_4,0.61,0.53,0,0,1,-31.807049142520704
42,T_2,C_2_3,0.6,0.54,1,0,0,11.588484010352117
0,T_3,C_3_3,0.58,0.58,1,0,0,27.452031451126587
41,T_1,C_1_2,0.46,0.54,1,0,0,9.47188022239314
27,T_2,C_2_2,0.63,0.59,0,0,1,-24.193390541658268
38,T_2,C_2_4,0.65,0.63,0,0,1,-2.332352182223417
48,T_1,C_1_2,0.51,0.6,0,0,0,-13.959710672789448
26,T_2,C_2_2,0.56,0.57,1,0,1,36.99643162799476
31,T_2,C_2_4,0.57,0.5,0,0,1,-24.246566573964415
44,T_2,C_2_4,0.6,0.53,1,0,0,45.28942845130781
34,T_1,C_1_1,0.55,0.58,1,0,1,19.30333926407698
39,T_1,C_1_2,0.53,0.66,1,0,0,43.535900699661525
43,T_2,C_2_3,0.47,0.46,1,0,0,19.72874264180973
46,T_2,C_2_3,0.61,0.59,0,0,1,-7.912733985307607
10,T_3,C_3_3,0.53,0.53,0,0,1,-19.45870021420064
40,T_2,C_2_4,0.57,0.5,0,0,1,-6.9179387378092905
37,T_2,C_2_4,0.6,0.54,0,0,1,-19.635680560062873
45,T_1,C_1_2,0.55,0.59,1,0,0,4.001959889375318
3,T_2,C_2_3,0.54,0.56,0,0,1,-10.186765652295719
11,T_2,C_2_4,0.58,0.55,1,0,1,25.502982770437846
13,T_2,C_2_4,0.48,0.49,1,0,0,1.3951169873086933
30,T_2,C_2_4,0.64,0.61,0,0,0,-20.81257417013801
47,T_2,C_2_4,0.5,0.4,0,0,0,-27.319563918507054
1,T_3,C_3_1,0.57,0.54,1,0,1,27.265295744684607
35,T_2,C_2_4,0.57,0.5,0,0,1,-5.115206546315667
15,T_2,C_2_4,0.54,0.55,1,0,0,1.9822493842087106
12,T_3,C_3_1,0.61,0.57,0,0,1,-6.719700476515545
32,T_2,C_2_4,0.64,0.55,0,0,1,-28.46153647273959
16,T_3,C_3_1,0.53,0.53,0,0,1,-22.689749339228023
18,T_2,C_2_4,0.63,0.58,0,0,0,-21.477865703038475
8,T_2,C_2_3,0.55,0.53,1,0,1,26.51017327269642
17,T_2,C_2_4,0.59,0.5,1,0,1,26.40675683687001
14,T_3,C_3_3,0.58,0.56,0,0,1,-40.225719917260434
2,T_4,C_4_2,0.53,0.56,1,0,1,34.07686310856984
21,T_2,C_2_4,0.63,0.59,0,0,1,-4.170875527004437
5,T_2,C_2_2,0.45,0.46,0,0,1,-23.99884240832918
19,T_3,C_3_1,0.46,0.52,0,0,0,-13.569854021491826
9,T_2,C_2_3,0.48,0.46,0,0,0,-17.033582212492746
23,T_2,C_2_4,0.62,0.6,0,0,1,-33.770037676220944
20,T_3,C_3_1,0.54,0.56,0,0,1,-28.67062907814679
7,T_3,C_3_3,0.51,0.52,0,0,1,-39.449528160715595
22,T_2,C_2_4,0.64,0.58,0,0,1,-26.75961990383486
25,T_2,C_2_3,0.54,0.51,0,0,0,-35.879510185427606
6,T_4,C_4_2,0.42,0.38,1,0,1,0.7486969938544856
4,T_4,C_4_2,0.56,0.51,0,0,0,-18.648740609696016
24,T_3,C_3_3,0.55,0.56,0,0,0,-39.3697855858107
42,T_2,C_2_4,0.57,0.54,1,0,1,14.715759146857332
0,T_3,C_3_1,0.56,0.58,0,0,0,-13.063130753051693
29,T_2,C_2_4,0.59,0.52,1,0,0,37.502283838951364
36,T_3,C_3_1,0.61,0.63,1,0,0,18.188024075100294
28,T_3,C_3_1,0.56,0.55,1,0,1,8.89647094158533
33,T_2,C_2_4,0.56,0.56,1,0,0,13.28743131253997
49,T_3,C_3_3,0.53,0.56,0,0,1,-3.0158802301426704
44,T_2,C_2_3,0.53,0.53,0,0,0,-44.877540522434856
38,T_3,C_3_1,0.63,0.62,0,0,1,-24.33330607930992
43,T_2,C_2_4,0.47,0.46,0,0,1,-16.10066405947221
41,T_2,C_2_4,0.54,0.51,0,0,1,-23.10607433900333
27,T_3,C_3_3,0.59,0.62,0,0,0,-53.43429796389063
31,T_3,C_3_1,0.5,0.54,0,0,0,-1.7369226805820528
48,T_2,C_2_4,0.6,0.56,1,0,1,21.900014256354876
26,T_3,C_3_3,0.57,0.55,1,0,0,0.17929353563415518
39,T_2,C_2_4,0.66,0.59,1,0,0,10.251792583139444
34,T_2,C_2_3,0.58,0.56,1,0,1,18.698898727028453
46,T_3,C_3_3,0.59,0.63,0,0,0,-10.1481759987496
13,T_2,C_2_2,0.47,0.49,0,0,0,-2.3163334227209713
30,T_2,C_2_3,0.64,0.61,1,0,0,12.02287008437834
47,T_2,C_2_3,0.45,0.4,0,0,0,-23.171015317686127
40,T_3,C_3_1,0.5,0.46,0,0,1,-17.007768216883278
10,T_4,C_4_2,0.53,0.54,0,0,0,-17.164840858607228
37,T_3,C_3_1,0.54,0.57,0,0,0,-27.462523568054657
45,T_2,C_2_4,0.59,0.55,0,0,0,-6.1826661705501955
11,T_3,C_3_3,0.55,0.55,0,0,1,-52.34300508957122
3,T_3,C_3_1,0.56,0.53,0,0,1,-13.453236643967646
15,T_2,C_2_2,0.52,0.55,0,0,1,-13.40238334226735
18,T_2,C_2_3,0.62,0.58,0,0,0,-2.4615683398949013
35,T_3,C_3_3,0.5,0.46,1,0,1,1.262501201308881
1,T_4,C_4_2,0.54,0.52,1,0,0,5.076234286903144
12,T_4,C_4_2,0.57,0.58,1,0,1,3.5740277555704036
32,T_3,C_3_1,0.55,0.54,1,0,0,0.2998403584056408
19,T_3,C_3_3,0.46,0.52,1,0,0,13.518647124055317
8,T_3,C_3_1,0.53,0.56,1,0,1,5.224373996302015
9,T_2,C_2_2,0.43,0.46,1,0,0,10.161818930222708
17,T_3,C_3_1,0.5,0.53,0,0,0,-23.742684854600764
16,T_4,C_4_2,0.53,0.5,0,0,0,-46.321910206713426
21,T_3,C_3_1,0.59,0.6,1,0,0,21.163260531520514
14,T_4,C_4_2,0.56,0.58,1,0,1,5.425123448919464
25,T_2,C_2_4,0.52,0.51,1,0,0,9.354195137926096
5,T_3,C_3_1,0.46,0.49,1,0,1,9.304151239769817
2,T_5,C_5_1,0.56,0.54,1,0,0,35.30678512914648
23,T_3,C_3_1,0.6,0.59,0,0,1,-13.811628495417846
24,T_3,C_3_1,0.51,0.56,0,0,1,-29.478012246205857
4,T_4,C_4_1,0.47,0.51,1,0,1,10.392332019155411
0,T_3,C_3_2,0.44,0.58,0,0,0,-50.91952978483238
22,T_3,C_3_1,0.58,0.6,0,0,0,-55.15816614846872
20,T_4,C_4_2,0.56,0.51,0,0,0,-54.30048987277935
7,T_4,C_4_2,0.52,0.52,0,0,1,-40.16682350333028
29,T_2,C_2_3,0.52,0.52,0,0,1,-13.403298197920162
36,T_3,C_3_3,0.57,0.63,1,0,1,0.6047963685260118
6,T_5,C_5_1,0.38,0.4,0,0,0,-35.83124406844085
42,T_3,C_3_3,0.54,0.59,0,0,1,-34.16718836783166
33,T_2,C_2_3,0.55,0.56,1,0,0,38.60068541078583
44,T_2,C_2_2,0.5,0.53,1,0,0,40.14542911191526
27,T_3,C_3_1,0.57,0.62,1,0,1,1.5449936100679444
31,T_3,C_3_3,0.5,0.54,0,0,0,-1.7320626669883339
26,T_3,C_3_1,0.54,0.55,1,0,1,14.20252136282528
28,T_4,C_4_2,0.55,0.52,1,0,1,0.4868774561701432
49,T_4,C_4_2,0.56,0.54,1,0,1,4.452438888198344
39,T_2,C_2_2,0.57,0.59,1,0,1,9.20114355141078
43,T_3,C_3_1,0.46,0.48,1,0,0,32.47155414001601
46,T_3,C_3_1,0.59,0.63,1,0,1,40.362839731042754
41,T_3,C_3_3,0.51,0.5,1,0,1,39.9357474100764
38,T_4,C_4_2,0.62,0.63,1,0,1,41.286049394545756
13,T_2,C_2_1,0.37,0.49,1,0,1,4.685617170681169
30,T_2,C_2_2,0.59,0.61,1,0,1,10.267873845961072
48,T_3,C_3_3,0.56,0.54,0,0,0,-26.701083885460626
47,T_2,C_2_2,0.37,0.4,0,0,0,-22.644409819252726
34,T_3,C_3_3,0.56,0.58,1,0,0,14.779833586543822
37,T_3,C_3_3,0.5,0.57,1,0,1,13.136608886715345
10,T_4,C_4_1,0.47,0.54,0,0,0,-7.067792894103951
45,T_2,C_2_3,0.55,0.55,1,0,0,23.230546481757735
18,T_2,C_2_2,0.57,0.58,1,0,1,9.63970282625874
40,T_4,C_4_2,0.46,0.44,0,0,0,-10.757054852922138
32,T_3,C_3_3,0.55,0.54,1,0,0,34.77179608498973
19,T_3,C_3_2,0.4,0.52,1,0,1,27.30785949931927
1,T_4,C_4_1,0.46,0.52,1,0,1,39.76527006149984
15,T_3,C_3_3,0.55,0.57,1,0,1,9.54943614193761
11,T_4,C_4_2,0.55,0.54,0,0,1,-43.27295113922807
3,T_4,C_4_2,0.53,0.56,0,0,0,-31.753834741606994
9,T_2,C_2_1,0.37,0.46,0,0,0,-1.1588795088131825
17,T_3,C_3_3,0.45,0.53,1,0,1,0.4039388273497959
21,T_3,C_3_3,0.54,0.6,0,0,1,-33.110802249064875
35,T_4,C_4_2,0.46,0.48,1,0,0,6.623739730472968
16,T_4,C_4_1,0.46,0.5,1,0,1,31.062416243339264
8,T_4,C_4_2,0.56,0.55,1,0,1,40.20780931180926
25,T_2,C_2_2,0.52,0.51,1,0,1,33.59665123911271
12,T_5,C_5_1,0.58,0.53,1,0,1,34.61609333547788
2,T_5,C_5_4,0.53,0.54,1,0,0,16.572068097489648
14,T_5,C_5_1,0.58,0.58,0,0,0,-14.556553659172323
22,T_3,C_3_3,0.5,0.6,1,0,1,0.4819832579180048
20,T_4,C_4_1,0.42,0.51,1,0,0,12.301489189516367
5,T_4,C_4_2,0.49,0.44,0,0,1,-18.189583806084723
6,T_5,C_5_4,0.35,0.4,0,0,0,-30.115545834734085
23,T_4,C_4_2,0.59,0.55,0,0,1,-51.97089700530266
0,T_4,C_4_2,0.58,0.56,0,0,1,-54.66654917921571
4,T_5,C_5_1,0.51,0.51,0,0,1,-45.688288309650495
24,T_4,C_4_2,0.56,0.55,0,0,1,-65.31621473105517
33,T_2,C_2_2,0.5,0.56,0,0,1,-6.5682345411064755
44,T_2,C_2_1,0.42,0.53,0,0,0,-17.492274607884447
31,T_3,C_3_2,0.38,0.54,0,0,1,-16.349602848864336
29,T_3,C_3_1,0.52,0.49,0,0,0,-12.559668876109267
7,T_5,C_5_1,0.52,0.49,0,0,1,-25.329668876109256
36,T_4,C_4_2,0.63,0.6,0,0,1,-24.29832847710678
43,T_3,C_3_3,0.45,0.48,0,0,1,-19.918444852834106
42,T_4,C_4_2,0.59,0.54,1,0,1,10.71568272964932
27,T_4,C_4_2,0.62,0.6,1,0,0,3.652931700740713
26,T_4,C_4_2,0.55,0.53,1,0,1,7.031244173198443
39,T_3,C_3_3,0.59,0.58,0,0,0,-23.152360198968985
49,T_5,C_5_1,0.54,0.54,0,0,0,-20.57798003367973
28,T_5,C_5_1,0.52,0.53,1,0,0,11.750825475052215
34,T_3,C_3_1,0.53,0.58,1,0,0,14.35115578058483
48,T_3,C_3_1,0.52,0.54,1,0,1,0.29995842302909015
47,T_2,C_2_1,0.32,0.4,1,0,0,37.10817886109273
46,T_4,C_4_2,0.63,0.57,1,0,1,6.866633746152543
41,T_4,C_4_2,0.5,0.5,0,0,1,-23.247959370778723
30,T_3,C_3_1,0.61,0.63,0,0,0,-27.33111672403843
13,T_3,C_3_3,0.49,0.52,0,0,0,-22.787531197722615
45,T_2,C_2_2,0.5,0.55,1,0,0,22.55710333823723
38,T_5,C_5_1,0.63,0.61,1,0,1,14.28840982960945
10,T_4,C_4_3,0.37,0.54,1,0,0,14.120784521474711
32,T_3,C_3_2,0.43,0.54,0,0,1,-18.068573610662327
40,T_4,C_4_1,0.42,0.44,0,0,0,-15.537426069678705
37,T_4,C_4_2,0.57,0.54,0,0,1,-42.06642998023128
18,T_3,C_3_1,0.58,0.61,0,0,0,-40.08813044983538
3,T_4,C_4_1,0.48,0.56,1,0,1,0.16348621096705607
19,T_4,C_4_2,0.52,0.47,0,0,1,-28.680057150537507
15,T_4,C_4_2,0.57,0.59,0,0,1,-15.1100245772476
35,T_4,C_4_1,0.41,0.48,1,0,0,33.50434597921506
1,T_5,C_5_1,0.52,0.54,1,0,0,3.041744353198811
11,T_5,C_5_1,0.54,0.57,1,0,0,17.797028245599062
9,T_3,C_3_1,0.46,0.47,1,0,1,5.811650503925639
17,T_4,C_4_2,0.53,0.48,0,0,1,-36.71774987699154
2,T_5,C_5_3,0.44,0.54,1,0,0,0.251455957692416
14,T_5,C_5_4,0.53,0.58,0,0,0,-14.965723945062864
21,T_4,C_4_2,0.6,0.59,0,0,1,-37.32876438496078
25,T_3,C_3_3,0.51,0.51,0,0,0,-17.45145552722937
16,T_5,C_5_1,0.5,0.49,0,0,0,-26.312521763093663
20,T_4,C_4_3,0.39,0.51,0,0,0,-43.61219866131659
8,T_5,C_5_1,0.55,0.47,0,0,1,-34.383548087152484
12,T_6,C_6_2,0.53,0.56,0,0,1,-21.412524368753168
6,T_5,C_5_3,0.31,0.4,0,0,0,-19.79881469133378
22,T_4,C_4_2,0.6,0.55,0,0,1,-8.088253027605974
5,T_5,C_5_1,0.44,0.48,1,0,0,10.865674158120514
29,T_3,C_3_3,0.51,0.49,1,0,0,48.21760064364401
23,T_5,C_5_1,0.55,0.54,1,0,1,2.288170010123576
4,T_6,C_6_1,0.51,0.56,1,0,1,6.727624701382599
33,T_3,C_3_1,0.56,0.56,0,0,1,-5.474644277339793
0,T_5,C_5_1,0.56,0.61,1,0,1,6.6196802630279
24,T_5,C_5_1,0.55,0.54,0,0,0,-7.145307746564407
44,T_3,C_3_1,0.53,0.51,1,0,0,8.379072749039093
27,T_4,C_4_1,0.45,0.6,1,0,0,3.872706525712772
49,T_5,C_5_4,0.49,0.54,1,0,1,19.379883559205588
39,T_3,C_3_1,0.58,0.58,1,0,0,33.20922965170956
7,T_6,C_6_1,0.49,0.55,1,0,1,15.319277498599542
31,T_4,C_4_2,0.54,0.56,1,0,0,11.173344484245469
36,T_5,C_5_1,0.6,0.59,1,0,1,6.054764703873843
28,T_5,C_5_4,0.5,0.53,1,0,1,23.540433493682784
34,T_3,C_3_2,0.49,0.58,1,0,0,16.657471710243293
42,T_5,C_5_1,0.54,0.52,0,0,1,-38.4893261144332
43,T_4,C_4_2,0.48,0.48,0,0,0,-24.060414279643652
26,T_5,C_5_1,0.53,0.54,0,0,1,-1.3843083716076667
30,T_3,C_3_3,0.6,0.63,1,0,1,51.23936589390493
13,T_3,C_3_1,0.48,0.52,0,0,1,-1.3351573213912893
45,T_2,C_2_1,0.41,0.55,1,0,0,22.216293664306786
48,T_4,C_4_2,0.54,0.58,0,0,1,-25.200716142067357
47,T_3,C_3_2,0.4,0.43,1,0,1,20.36168075082616
46,T_5,C_5_2,0.57,0.56,1,0,1,24.13735471546064
18,T_3,C_3_3,0.56,0.61,0,0,1,-34.15869593146263
40,T_4,C_4_3,0.32,0.44,0,0,0,-20.51145183697443
41,T_5,C_5_1,0.5,0.54,0,0,0,-19.115388844848447
38,T_6,C_6_1,0.61,0.6,1,0,0,1.5644544994907594
10,T_5,C_5_4,0.54,0.52,1,1,,55.087005554745986
32,T_4,C_4_2,0.54,0.53,1,0,0,46.091711437098894
35,T_4,C_4_3,0.33,0.48,1,0,0,28.4064435758432
1,T_5,C_5_4,0.5,0.54,1,0,0,6.6930528162503995
11,T_5,C_5_2,0.5,0.57,0,0,0,-1.7258978493721537
2,T_5,C_5_2,0.41,0.54,1,0,0,20.409575917268423
37,T_5,C_5_1,0.54,0.52,0,0,1,-45.06905651423
14,T_5,C_5_2,0.5,0.58,0,0,0,-1.718812840389559
19,T_5,C_5_1,0.47,0.43,0,0,0,-23.29582063456467
3,T_5,C_5_1,0.56,0.55,1,0,1,15.507304365435303
25,T_3,C_3_1,0.48,0.51,0,0,0,-7.865232442286999
16,T_5,C_5_2,0.47,0.49,0,0,0,-17.148383768340032
15,T_5,C_5_1,0.59,0.53,0,0,0,-6.463516373644241
9,T_4,C_4_2,0.47,0.46,0,0,0,-10.180618178338985
17,T_5,C_5_1,0.48,0.47,0,0,0,-11.214801845623866
6,T_5,C_5_2,0.3,0.4,0,0,1,-10.30978471893478
5,T_5,C_5_4,0.44,0.48,1,0,0,29.568107446730917
29,T_3,C_3_2,0.4,0.49,1,0,0,11.333931563737654
21,T_5,C_5_1,0.59,0.56,0,0,1,-32.74126223471197
8,T_6,C_6_1,0.47,0.53,0,0,1,-26.67505732174861
12,T_7,C_7_2,0.56,0.56,0,0,1,-15.103407437937635
20,T_5,C_5_1,0.51,0.51,0,0,1,-26.610812358589367
24,T_5,C_5_4,0.48,0.54,0,0,0,-14.831574254471487
44,T_3,C_3_3,0.47,0.51,0,0,1,-6.253539606885074
23,T_6,C_6_2,0.54,0.54,0,0,0,-25.478929184883235
22,T_5,C_5_1,0.55,0.5,0,0,0,-23.822799655199344
4,T_7,C_7_2,0.56,0.56,0,0,0,-18.588412608167737
39,T_3,C_3_2,0.51,0.58,1,0,1,34.56514490811079
27,T_4,C_4_3,0.42,0.6,1,0,1,12.196886048326508
0,T_6,C_6_1,0.61,0.6,0,0,1,-21.2832871778028
33,T_4,C_4_2,0.56,0.55,0,0,1,-25.77020198342727
31,T_4,C_4_1,0.43,0.56,0,0,0,-15.613252346939106
49,T_6,C_6_1,0.54,0.58,0,0,0,-35.64365999516947
7,T_7,C_7_2,0.55,0.57,0,0,0,-29.61347604004024
36,T_6,C_6_1,0.59,0.64,1,0,1,7.011914622726838
43,T_4,C_4_1,0.39,0.48,1,0,0,14.813902390310988
28,T_6,C_6_1,0.53,0.58,1,0,0,22.640906920229682
42,T_6,C_6_1,0.52,0.6,1,0,1,0.8956564814004402
26,T_6,C_6_1,0.54,0.55,1,0,0,21.02949872058619
34,T_4,C_4_2,0.58,0.54,1,0,0,9.242588522717092
41,T_5,C_5_4,0.44,0.54,1,0,1,31.811460805638653
45,T_3,C_3_3,0.55,0.53,1,0,1,34.94671916430125
30,T_4,C_4_2,0.63,0.64,1,0,0,15.983193328434972
38,T_6,C_6_2,0.58,0.6,1,0,1,52.77922511293184
13,T_4,C_4_2,0.52,0.48,1,0,1,37.012330655832415
47,T_4,C_4_1,0.43,0.4,1,0,1,13.8844218015103
46,T_6,C_6_1,0.56,0.58,1,0,1,4.558417252609606
48,T_5,C_5_1,0.58,0.56,1,0,0,20.89690543236009
11,T_5,C_5_4,0.45,0.57,1,0,0,13.766602402057064
1,T_5,C_5_2,0.46,0.54,1,0,0,12.764329674784335
32,T_4,C_4_1,0.45,0.53,1,0,1,17.975229360513673
18,T_4,C_4_2,0.61,0.58,0,0,0,-0.4812430089034123
40,T_5,C_5_1,0.44,0.46,1,0,0,29.96976841593738
10,T_6,C_6_1,0.52,0.57,1,0,0,53.93802238419133
14,T_5,C_5_3,0.44,0.58,1,0,1,47.93424309469775
19,T_5,C_5_4,0.45,0.43,1,0,0,8.22275302703594
25,T_3,C_3_2,0.37,0.51,1,0,0,21.793429080162525
35,T_5,C_5_1,0.48,0.51,1,0,0,34.11644794808704
2,T_6,C_6_1,0.54,0.55,1,0,1,34.612113163374914
16,T_5,C_5_4,0.45,0.49,0,0,0,-20.129592631458227
15,T_5,C_5_4,0.58,0.53,0,0,0,-5.302813775264802
37,T_6,C_6_2,0.52,0.55,0,0,1,-29.61949132066084
3,T_6,C_6_1,0.55,0.57,1,0,1,35.92514011392077
17,T_5,C_5_4,0.46,0.47,1,0,1,3.904103299495543
5,T_5,C_5_2,0.4,0.48,1,0,0,16.51642486223033
9,T_4,C_4_1,0.41,0.46,1,0,0,10.268490977932817
24,T_5,C_5_2,0.48,0.54,1,0,0,17.93879651321787
6,T_6,C_6_2,0.4,0.41,1,0,1,4.37536367739699
21,T_6,C_6_1,0.56,0.6,0,0,0,-2.7141646318398625
23,T_6,C_6_1,0.52,0.54,0,0,1,-0.5844835099153585
12,T_8,C_8_1,0.56,0.61,1,0,0,13.231398380837236
8,T_7,C_7_2,0.53,0.57,1,0,0,11.631611870114448
4,T_7,C_7_3,0.54,0.56,0,0,1,-6.0457353728065595
22,T_5,C_5_4,0.54,0.5,1,0,0,4.839510528832775
29,T_4,C_4_2,0.49,0.57,1,0,0,28.002836990546122
20,T_6,C_6_1,0.51,0.52,0,0,0,-11.715547859485822
31,T_4,C_4_3,0.32,0.56,1,0,0,40.08939788590329
49,T_6,C_6_2,0.53,0.58,0,0,1,-3.714422066451778
7,T_7,C_7_3,0.49,0.57,1,0,0,17.476089423540806
44,T_4,C_4_2,0.51,0.51,0,0,0,-27.473653321428024
39,T_4,C_4_2,0.58,0.55,1,0,1,11.470380453279319
0,T_7,C_7_2,0.6,0.56,0,0,0,-32.59630037486024
28,T_6,C_6_2,0.53,0.58,0,0,1,-23.718341794978592
43,T_4,C_4_3,0.3,0.48,0,0,1,-11.182684789218733
27,T_5,C_5_1,0.6,0.6,0,0,1,-19.86083671844854
26,T_6,C_6_2,0.54,0.55,0,0,1,-21.0165562756441
33,T_5,C_5_1,0.55,0.47,1,0,0,8.318943729798441
36,T_7,C_7_2,0.64,0.68,1,0,1,28.043505053278636
34,T_4,C_4_1,0.51,0.54,1,0,1,24.05749621675436
42,T_7,C_7_2,0.6,0.62,1,0,0,18.2834007020795
30,T_4,C_4_1,0.53,0.64,1,0,0,43.72392933644072
48,T_5,C_5_4,0.51,0.56,1,0,0,6.0254151105655644
41,T_6,C_6_1,0.54,0.53,1,0,0,3.627762872854648
11,T_5,C_5_3,0.44,0.57,1,0,0,12.156481127201854
1,T_5,C_5_3,0.4,0.54,1,0,0,18.103001273721986
38,T_7,C_7_2,0.6,0.61,1,0,0,23.186852415259814
45,T_4,C_4_2,0.53,0.53,0,0,0,-6.040318902809585
46,T_7,C_7_2,0.58,0.6,1,0,1,21.357611426549553
40,T_5,C_5_4,0.41,0.46,1,0,1,16.770526475310973
13,T_5,C_5_1,0.48,0.46,1,0,0,24.029839842732457
10,T_6,C_6_2,0.47,0.57,1,0,1,29.303762413952285
18,T_4,C_4_1,0.47,0.58,0,0,1,-23.11716127161924
47,T_5,C_5_4,0.4,0.4,1,0,1,6.935687892771401
19,T_5,C_5_2,0.44,0.43,1,0,0,19.679902539843766
35,T_5,C_5_4,0.43,0.51,1,0,0,19.304811498328796
16,T_5,C_5_3,0.41,0.49,1,0,0,15.353273393316574
15,T_5,C_5_2,0.48,0.53,1,0,0,14.604922441942367
32,T_5,C_5_1,0.53,0.56,0,0,0,-9.188682209220454
14,T_6,C_6_1,0.58,0.61,0,0,1,-2.9350484882902173
5,T_5,C_5_3,0.34,0.48,1,0,0,22.429083017867285
25,T_4,C_4_2,0.51,0.5,1,0,0,30.357476308531588
2,T_7,C_7_2,0.55,0.56,1,0,1,12.598790101309365
24,T_5,C_5_3,0.38,0.54,0,0,1,-4.026555843396064
9,T_4,C_4_3,0.31,0.46,1,0,0,27.62430723516144
12,T_8,C_8_3,0.53,0.61,1,0,1,33.58023209065276
3,T_7,C_7_2,0.57,0.56,1,0,1,38.13042407329084
21,T_6,C_6_3,0.53,0.6,1,0,0,24.550640679789055
37,T_7,C_7_2,0.55,0.66,0,0,1,-16.998388550106597
17,T_6,C_6_2,0.47,0.54,0,0,0,-7.214838766556812
8,T_7,C_7_3,0.49,0.57,1,0,0,12.999446947728899
6,T_7,C_7_3,0.41,0.45,0,0,0,-5.6676879460104415
22,T_5,C_5_2,0.54,0.5,0,0,0,-5.797277578839831
23,T_7,C_7_3,0.54,0.56,1,0,1,14.595660252320727
20,T_6,C_6_2,0.49,0.52,0,0,0,-11.875234864799094
4,T_8,C_8_1,0.56,0.6,0,0,1,-46.585680291115196
29,T_4,C_4_1,0.44,0.57,0,0,1,-12.607349407346113
7,T_7,C_7_1,0.35,0.57,1,0,1,7.8749567349830905
44,T_4,C_4_1,0.43,0.51,1,0,0,29.104928890726594
0,T_7,C_7_3,0.57,0.56,1,0,0,18.110950461417296
49,T_7,C_7_2,0.58,0.65,1,0,0,19.473431768805717
31,T_5,C_5_1,0.56,0.5,1,0,1,44.843656928947084
33,T_5,C_5_4,0.54,0.47,1,0,1,48.73352224142296
28,T_7,C_7_3,0.58,0.56,1,0,1,22.690672123305937
39,T_5,C_5_1,0.55,0.61,0,0,1,-30.34927209137137
42,T_7,C_7_3,0.54,0.62,0,0,0,-5.130210924941783
48,T_5,C_5_2,0.44,0.56,0,0,1,-3.419090141943566
36,T_8,C_8_1,0.68,0.6,0,0,0,-6.6913005186315475
26,T_7,C_7_2,0.55,0.55,1,0,1,14.014742117215205
27,T_6,C_6_1,0.6,0.62,1,0,0,35.24201484448791
41,T_6,C_6_2,0.49,0.53,1,0,0,19.273975071760656
30,T_4,C_4_3,0.42,0.64,1,0,0,1.572232721447718
43,T_5,C_5_1,0.48,0.43,1,0,1,6.545088197960736
38,T_7,C_7_3,0.57,0.61,0,0,0,-10.58672718220684
34,T_5,C_5_1,0.54,0.54,0,0,0,-15.4613730745581
45,T_4,C_4_1,0.5,0.53,1,0,1,9.670643685228432
13,T_5,C_5_4,0.46,0.46,1,0,1,19.913046512083582
11,T_6,C_6_1,0.57,0.58,1,0,1,21.396511106521675
1,T_6,C_6_1,0.54,0.56,0,0,1,-5.805957206018939
46,T_8,C_8_1,0.6,0.63,0,0,0,-21.10447520178461
19,T_5,C_5_3,0.38,0.43,0,0,0,-2.810289958398142
40,T_6,C_6_2,0.46,0.47,0,0,0,-15.30254347952491
35,T_5,C_5_3,0.41,0.51,0,0,1,-17.944517986666312
15,T_5,C_5_3,0.42,0.53,1,0,1,19.648587639113778
10,T_7,C_7_2,0.57,0.56,0,0,0,-16.42039658925027
32,T_5,C_5_2,0.5,0.56,0,0,1,-26.409152738231317
47,T_6,C_6_2,0.4,0.48,0,0,0,-14.374015703796982
18,T_5,C_5_1,0.58,0.55,0,0,1,-4.025144350795159
16,T_6,C_6_1,0.49,0.53,1,0,0,21.60991121096769
25,T_4,C_4_1,0.41,0.5,1,0,1,28.852038572759128
2,T_8,C_8_1,0.56,0.59,0,0,1,-11.451194182514016
21,T_6,C_6_2,0.51,0.6,0,0,0,-5.063894810567042
14,T_7,C_7_2,0.61,0.55,0,0,0,-15.132282807775717
5,T_6,C_6_2,0.48,0.53,0,0,1,-7.421885040853155
12,T_9,C_9_1,0.61,0.63,0,0,1,-9.696134866393994
17,T_6,C_6_1,0.45,0.54,0,0,1,-24.845242229106525
8,T_7,C_7_1,0.41,0.57,0,0,0,-12.440779188660223
24,T_6,C_6_1,0.54,0.56,0,0,1,-39.033526747934985
6,T_7,C_7_2,0.4,0.45,0,0,0,-25.969733066363954
3,T_8,C_8_1,0.56,0.6,0,0,0,-46.92374003500512
22,T_5,C_5_3,0.42,0.5,0,0,0,-28.021997874726328
9,T_5,C_5_1,0.46,0.42,1,0,1,22.959928775700384
37,T_8,C_8_1,0.66,0.56,1,0,0,19.04440249480496
20,T_6,C_6_3,0.46,0.52,0,0,0,-6.548100122044739
4,T_9,C_9_1,0.6,0.51,0,0,1,-36.70329636958869
23,T_8,C_8_1,0.56,0.63,0,0,0,-50.73519650828495
0,T_7,C_7_1,0.44,0.56,0,0,0,-16.650986217893333
44,T_4,C_4_3,0.4,0.51,1,0,0,2.429982640238144
7,T_8,C_8_1,0.57,0.49,0,0,0,-2.1861726527308836
49,T_7,C_7_3,0.58,0.65,1,0,1,26.389263146619335
29,T_5,C_5_1,0.57,0.55,1,0,0,0.28027904157438677
42,T_7,C_7_1,0.41,0.62,1,0,1,16.22993421398821
36,T_8,C_8_3,0.56,0.6,1,0,1,17.603727317436473
28,T_8,C_8_1,0.56,0.63,0,0,0,-25.565933560265407
31,T_6,C_6_1,0.5,0.55,0,0,0,-1.0480518546258102
33,T_6,C_6_3,0.47,0.52,0,0,0,-5.784365472232397
27,T_6,C_6_3,0.52,0.62,0,0,1,-3.7905510392427244
41,T_6,C_6_3,0.42,0.53,0,0,1,-14.58299090178567
26,T_8,C_8_3,0.55,0.59,0,0,0,-29.10012946116042
39,T_6,C_6_2,0.61,0.63,0,0,1,-38.48784479030792
38,T_7,C_7_1,0.48,0.61,1,0,0,4.907013856321338
48,T_6,C_6_1,0.56,0.6,1,0,0,5.719899394361082
34,T_5,C_5_4,0.49,0.54,0,0,0,-15.526850584513513
46,T_8,C_8_3,0.59,0.63,1,0,1,19.30234567506711
43,T_6,C_6_1,0.43,0.47,0,0,0,-7.890304212305239
30,T_5,C_5_1,0.64,0.55,1,0,0,11.580672969845363
40,T_6,C_6_1,0.4,0.47,0,0,1,-1.4712270993279422
13,T_6,C_6_1,0.46,0.49,0,0,1,-16.279116545933928
45,T_5,C_5_4,0.53,0.53,0,0,1,-37.39151436609743
10,T_7,C_7_3,0.54,0.56,0,0,1,-22.67148711814104
1,T_7,C_7_2,0.56,0.58,1,0,0,48.81110440007432
11,T_7,C_7_2,0.58,0.51,1,0,0,35.29137650891788
19,T_6,C_6_1,0.43,0.51,1,0,1,4.603943426109793
47,T_6,C_6_1,0.36,0.48,0,0,0,-6.5440238803337225
16,T_6,C_6_2,0.48,0.53,0,0,1,-11.262964817197275
15,T_6,C_6_1,0.53,0.57,0,0,1,-12.081702088073044
35,T_6,C_6_1,0.51,0.56,0,0,1,-25.524102355025086
32,T_6,C_6_1,0.56,0.63,0,0,1,-6.1439043852487885
12,T_10,C_10_2,0.63,0.0,1,0,0,22.240334198679243
14,T_7,C_7_3,0.55,0.55,1,0,0,18.89527330558045
2,T_9,C_9_1,0.59,0.6,1,0,1,25.659143400303066
18,T_6,C_6_2,0.55,0.6,1,0,1,0.15124318878879173
3,T_8,C_8_3,0.55,0.6,0,0,1,-0.428597940734722
25,T_5,C_5_1,0.5,0.51,1,0,0,1.8179360028087217
6,T_7,C_7_1,0.26,0.45,1,0,1,12.846237889601209
21,T_7,C_7_2,0.6,0.65,1,0,0,14.648798536501456
37,T_8,C_8_3,0.5,0.56,1,0,0,3.0513433013103786
5,T_7,C_7_2,0.53,0.56,0,0,1,-6.55875770879063
8,T_8,C_8_1,0.57,0.56,1,0,1,31.189550859167994
4,T_10,C_10_2,0.51,0.0,0,0,1,-5.361593151599148
23,T_8,C_8_3,0.53,0.63,1,0,1,10.119491381529754
17,T_7,C_7_3,0.54,0.62,1,0,0,5.7241278915638985
24,T_7,C_7_2,0.56,0.55,0,0,1,-31.63110759371742
7,T_8,C_8_3,0.45,0.49,1,0,0,10.802801799148266
22,T_6,C_6_1,0.5,0.57,1,0,0,22.199061646263228
9,T_6,C_6_2,0.42,0.49,0,0,1,-24.778033606818752
29,T_5,C_5_4,0.52,0.55,1,0,1,12.594297070614658
20,T_7,C_7_2,0.52,0.57,0,0,1,-0.43645159248692167
0,T_8,C_8_1,0.56,0.61,1,0,1,6.7003862543296995
28,T_8,C_8_3,0.55,0.63,1,0,0,13.192181594007726
31,T_6,C_6_2,0.44,0.55,1,0,0,45.09625250138906
49,T_8,C_8_1,0.65,0.61,1,0,1,18.12558583472243
36,T_9,C_9_1,0.6,0.59,1,0,0,21.16691916805574
33,T_6,C_6_1,0.47,0.52,1,0,0,13.16686187291917
26,T_8,C_8_1,0.49,0.59,0,0,0,-9.208887627413926
42,T_8,C_8_1,0.62,0.55,0,0,1,-21.43407083860647
44,T_5,C_5_1,0.51,0.54,1,0,1,24.7495861286528
48,T_6,C_6_2,0.53,0.6,0,0,1,-27.106154652837095
34,T_5,C_5_2,0.49,0.54,0,0,1,-12.805167130417388
41,T_7,C_7_2,0.53,0.53,0,0,0,-10.220770446945593
27,T_7,C_7_2,0.62,0.57,0,0,0,-14.150571771448924
38,T_8,C_8_1,0.61,0.64,0,0,1,-20.63931349330321
43,T_6,C_6_2,0.41,0.47,0,0,1,-0.4887965337877649
30,T_5,C_5_4,0.63,0.55,0,0,0,-6.422615196924777
46,T_9,C_9_1,0.63,0.59,0,0,0,-8.445778664826808
39,T_7,C_7_3,0.63,0.61,0,0,1,-9.32334319163024
1,T_7,C_7_3,0.55,0.58,0,0,0,-23.320642276113126
11,T_7,C_7_3,0.54,0.51,0,0,1,-23.972127424627967
12,T_10,C_10_1,0.48,0.0,1,0,0,5.124685449271558
40,T_7,C_7_3,0.47,0.55,1,0,0,7.474949301514322
13,T_7,C_7_2,0.49,0.49,0,0,1,-4.124973212543594
45,T_6,C_6_2,0.53,0.57,0,0,0,-12.376786000941749
47,T_6,C_6_3,0.33,0.48,1,0,0,7.360194882380604
10,T_8,C_8_1,0.56,0.54,0,0,0,-26.961918226583006
19,T_7,C_7_2,0.51,0.52,1,0,0,7.102042990606391
2,T_10,C_10_2,0.6,0.0,1,0,1,9.39421697033627
14,T_7,C_7_1,0.43,0.55,1,0,1,13.665679902223856
16,T_7,C_7_2,0.53,0.49,1,0,1,14.653876623535348
15,T_7,C_7_2,0.57,0.59,0,0,0,-15.177236969782758
35,T_7,C_7_2,0.56,0.51,0,0,1,-4.628448495650487
25,T_5,C_5_4,0.45,0.51,1,0,1,9.461741898917222
32,T_7,C_7_2,0.63,0.54,0,0,1,-9.415457293656377
37,T_8,C_8_2,0.49,0.56,1,0,1,4.9568367321415785
21,T_7,C_7_3,0.57,0.65,0,0,0,-20.788649873226547
3,T_9,C_9_1,0.6,0.63,0,0,0,-13.373617193487986
18,T_7,C_7_2,0.6,0.67,0,0,0,-21.202277756251952
6,T_8,C_8_1,0.45,0.51,0,0,0,-24.906947129135833
5,T_8,C_8_1,0.56,0.51,0,0,0,-41.7139680108655
8,T_9,C_9_1,0.56,0.56,0,0,1,-29.554443292488756
7,T_8,C_8_2,0.44,0.49,0,0,1,-1.1114566674345374
17,T_7,C_7_2,0.52,0.62,0,0,0,-10.054202275762433
23,T_9,C_9_1,0.63,0.58,0,0,0,-15.92017494980277
22,T_6,C_6_3,0.49,0.57,1,0,1,0.620101015418113
24,T_8,C_8_1,0.55,0.53,1,0,0,6.649020114512645
28,T_8,C_8_2,0.47,0.63,1,0,1,24.611406625537292
36,T_9,C_9_2,0.58,0.59,0,0,1,-41.9525581681654
0,T_9,C_9_1,0.61,0.53,0,0,0,-34.43864231056021
31,T_6,C_6_3,0.43,0.55,0,0,1,-16.07035752091621
9,T_7,C_7_2,0.49,0.51,0,0,1,-31.16161965683852
29,T_6,C_6_1,0.55,0.54,0,0,1,-26.185216202051794
20,T_8,C_8_1,0.57,0.56,0,0,0,-37.34951115677363
26,T_8,C_8_2,0.46,0.59,1,0,1,6.59550136862152
49,T_9,C_9_1,0.61,0.56,0,0,0,-28.487334853130264
33,T_6,C_6_2,0.42,0.52,0,0,1,-8.531879720786836
42,T_9,C_9_1,0.55,0.56,0,0,0,-16.212589499923656
41,T_7,C_7_3,0.49,0.53,0,0,1,-7.920628085132657
27,T_7,C_7_3,0.53,0.57,1,0,1,3.8710117862499596
46,T_9,C_9_2,0.56,0.59,1,0,0,11.731873974134926
44,T_6,C_6_1,0.54,0.53,1,0,0,0.8291356677740529
48,T_7,C_7_2,0.6,0.61,1,0,1,18.375651364861078
30,T_5,C_5_2,0.57,0.55,1,0,1,28.793868170505704
38,T_9,C_9_1,0.64,0.64,1,0,1,15.845183115983588
34,T_6,C_6_1,0.54,0.59,0,0,0,-3.3898064401092256
1,T_7,C_7_1,0.42,0.58,1,0,0,37.40616191078867
43,T_7,C_7_2,0.47,0.5,0,0,1,-31.403821364675665
40,T_7,C_7_2,0.43,0.55,0,0,1,-0.2653325508645974
39,T_8,C_8_1,0.61,0.67,0,0,1,-26.28576677819536
10,T_8,C_8_3,0.52,0.54,1,0,0,4.497986332131656
45,T_6,C_6_1,0.52,0.57,0,0,1,-18.328836649675612
11,T_8,C_8_3,0.51,0.57,0,0,1,-15.340946273639943
19,T_7,C_7_3,0.47,0.52,0,0,0,-7.611819441262619
13,T_8,C_8_3,0.49,0.55,1,0,0,12.058412483047473
15,T_7,C_7_3,0.49,0.59,1,0,0,28.990742185071998
47,T_7,C_7_3,0.48,0.47,1,0,1,24.105173923036155
14,T_8,C_8_1,0.55,0.55,1,0,0,22.84041201827422
3,T_9,C_9_2,0.52,0.63,0,0,1,-2.602874582322011
21,T_7,C_7_1,0.47,0.65,1,0,0,32.68597285695756
35,T_8,C_8_1,0.51,0.52,1,0,0,17.989962723961987
16,T_8,C_8_1,0.49,0.57,1,0,0,21.57260996905382
6,T_8,C_8_3,0.39,0.51,1,0,1,19.27621984872452
18,T_7,C_7_3,0.57,0.67,1,0,1,32.36890027725932
37,T_9,C_9_1,0.56,0.58,1,0,0,30.868584021724857
32,T_8,C_8_1,0.54,0.55,1,0,0,30.03240438858124
5,T_8,C_8_3,0.46,0.51,1,0,1,27.934997683963942
8,T_10,C_10_2,0.56,0.0,1,0,1,28.057072320270073
25,T_6,C_6_1,0.51,0.58,1,0,0,4.003433622427233
23,T_9,C_9_2,0.52,0.58,0,0,1,-10.257655334014771
24,T_8,C_8_3,0.51,0.53,0,0,0,-32.10089331468134
17,T_7,C_7_1,0.35,0.62,0,0,1,-22.1109752302453
7,T_9,C_9_1,0.49,0.58,0,0,0,-27.163275167233337
36,T_10,C_10_2,0.59,0.0,1,0,0,4.112846032575993
0,T_9,C_9_2,0.54,0.53,0,0,0,-7.356172897975436
28,T_9,C_9_1,0.63,0.56,0,0,0,-27.104793414431963
20,T_8,C_8_3,0.5,0.56,0,0,1,-18.132588323306365
49,T_9,C_9_2,0.5,0.56,0,0,1,-25.396703756179623
22,T_7,C_7_3,0.57,0.64,1,0,1,11.550190506770516
42,T_9,C_9_2,0.52,0.56,1,0,0,8.965537735204782
26,T_9,C_9_1,0.59,0.59,0,0,1,-36.613242420589856
9,T_8,C_8_1,0.51,0.5,0,0,0,-22.674530725780624
46,T_10,C_10_2,0.59,0.0,1,0,0,5.104392038447051
31,T_7,C_7_2,0.55,0.58,0,0,1,-8.257482961553002
29,T_7,C_7_2,0.54,0.55,0,0,1,-1.6203128335080077
38,T_10,C_10_2,0.64,0.0,0,0,1,-27.345264010918015
44,T_6,C_6_2,0.5,0.53,0,0,1,-5.805987202937982
41,T_8,C_8_1,0.53,0.53,1,0,0,7.151283560962258
33,T_7,C_7_2,0.52,0.54,0,0,1,-19.048783167001048
27,T_8,C_8_1,0.57,0.6,0,0,0,-13.742830303555712
34,T_6,C_6_3,0.5,0.59,1,0,1,7.034135056328179
48,T_8,C_8_1,0.61,0.55,0,0,0,-10.491362456109668
10,T_8,C_8_2,0.47,0.54,1,0,1,36.9338893902486
30,T_6,C_6_3,0.55,0.64,1,0,0,7.068038157844044
43,T_8,C_8_1,0.5,0.49,1,0,0,5.659087904237122
1,T_8,C_8_1,0.58,0.56,1,0,1,34.436383189596896
39,T_9,C_9_1,0.67,0.6,0,0,1,-9.71870365903828
40,T_8,C_8_1,0.55,0.56,1,0,1,5.840105658175215
13,T_8,C_8_1,0.49,0.55,1,0,1,15.446053613565573
19,T_7,C_7_1,0.36,0.52,1,0,1,39.71378756686121
11,T_9,C_9_1,0.57,0.52,1,0,1,36.09021983857134
15,T_7,C_7_1,0.4,0.59,1,0,1,36.23625944253175
3,T_10,C_10_2,0.63,0.0,0,0,1,-22.994024941573766
14,T_8,C_8_3,0.53,0.55,0,0,1,-18.662133717840778
45,T_7,C_7_3,0.57,0.56,1,0,1,10.595016196151855
35,T_8,C_8_3,0.45,0.52,0,0,1,-18.098697297871002
16,T_8,C_8_3,0.48,0.57,0,0,1,-32.33620044514198
47,T_8,C_8_1,0.47,0.5,0,0,1,-17.239563248493603
37,T_9,C_9_2,0.5,0.58,1,0,1,19.92401455140211
21,T_8,C_8_1,0.65,0.62,1,0,0,3.8427705358850313
32,T_8,C_8_3,0.5,0.55,1,0,0,3.367370781887473
6,T_9,C_9_1,0.51,0.47,0,0,0,-2.2642802242353373
36,T_10,C_10_1,0.49,0.0,1,0,1,28.618448120693348
23,T_10,C_10_2,0.58,0.0,0,0,1,-0.49948799724273396
18,T_8,C_8_1,0.67,0.58,1,0,0,15.642511360226212
24,T_8,C_8_2,0.46,0.53,1,0,0,27.034643233820994
5,T_9,C_9_1,0.51,0.54,1,0,0,17.964704583514237
25,T_6,C_6_2,0.47,0.58,1,0,1,14.45695029825131
7,T_9,C_9_2,0.49,0.58,0,0,1,-5.239600371372753
0,T_10,C_10_2,0.53,0.0,0,0,1,-3.3840789196727754
28,T_9,C_9_2,0.5,0.56,0,0,1,-18.25747341508562
17,T_8,C_8_1,0.62,0.56,1,0,0,10.011310904530333
49,T_10,C_10_2,0.56,0.0,1,0,0,9.093778833669031
46,T_10,C_10_1,0.48,0.0,1,0,1,13.282538760364204
42,T_10,C_10_2,0.56,0.0,0,0,0,-0.13106552037510344
26,T_10,C_10_2,0.59,0.0,0,0,1,-14.199571878515574
20,T_9,C_9_1,0.56,0.55,0,0,1,-6.1745718785156
9,T_8,C_8_3,0.42,0.5,0,0,0,-31.86142849479658
22,T_8,C_8_1,0.64,0.61,0,0,1,-25.110598331708225
41,T_8,C_8_3,0.5,0.53,1,0,0,25.181914163364123
27,T_8,C_8_3,0.54,0.6,1,0,1,11.47512972032337
31,T_8,C_8_1,0.58,0.54,0,0,1,-1.3613330295251997
29,T_8,C_8_1,0.55,0.56,0,0,1,-4.839503497786417
48,T_8,C_8_3,0.51,0.55,0,0,1,-3.582844902144761
43,T_8,C_8_3,0.44,0.49,0,0,0,-21.010756838276933
33,T_8,C_8_1,0.54,0.57,0,0,0,-30.825572139589024
39,T_10,C_10_2,0.6,0.0,0,0,0,-47.88777020722182
30,T_6,C_6_1,0.55,0.64,0,0,1,-33.27847069031367
44,T_7,C_7_2,0.53,0.58,0,0,0,-18.34006780867262
10,T_9,C_9_1,0.54,0.59,0,0,0,-15.936929607103513
11,T_10,C_10_2,0.52,0.0,0,0,1,-16.215221504693357
34,T_7,C_7_2,0.59,0.59,0,0,1,-25.50221950005584
1,T_9,C_9_1,0.56,0.57,0,0,0,-15.08510075382323
40,T_9,C_9_1,0.56,0.52,0,0,0,-41.77381147373721
13,T_9,C_9_1,0.55,0.54,0,0,0,-22.197571698037876
19,T_8,C_8_1,0.52,0.53,1,0,1,22.279965671968164
37,T_10,C_10_2,0.58,0.0,1,0,1,16.2025346995792
15,T_8,C_8_1,0.59,0.58,0,0,1,-1.5812297960210873
14,T_9,C_9_1,0.55,0.63,0,0,0,-2.4594541511500774
35,T_9,C_9_1,0.52,0.53,0,0,0,-2.0319195141925674
16,T_9,C_9_1,0.57,0.51,1,0,0,14.42625917952114
32,T_8,C_8_2,0.49,0.55,1,0,1,26.623982367058552
21,T_8,C_8_3,0.55,0.62,1,0,1,24.728236411396498
47,T_9,C_9_1,0.5,0.45,1,0,1,4.830692972211385
45,T_8,C_8_3,0.56,0.61,1,0,1,16.070357441953742
6,T_9,C_9_2,0.36,0.47,1,0,0,2.720447316129899
18,T_8,C_8_2,0.54,0.58,0,0,1,-3.723036520900189
5,T_9,C_9_2,0.4,0.54,1,0,0,1.0347200423456386
49,T_10,C_10_1,0.51,0.0,1,0,0,28.61649323945437
7,T_10,C_10_2,0.58,0.0,0,0,1,-6.326883568419425
42,T_10,C_10_1,0.45,0.0,1,0,0,1.6713300082560414
24,T_9,C_9_2,0.53,0.6,1,0,1,1.023710960636997
28,T_10,C_10_2,0.56,0.0,0,0,1,-15.645931896505843
17,T_8,C_8_3,0.47,0.56,1,0,1,0.6986950262442013
20,T_10,C_10_2,0.55,0.0,1,0,1,12.56490978856294
22,T_9,C_9_1,0.61,0.57,0,0,0,-23.136782238372163
25,T_7,C_7_2,0.58,0.5,0,0,0,-0.13607432442480816
9,T_8,C_8_2,0.37,0.5,0,0,0,-11.327538461947018
41,T_8,C_8_2,0.44,0.53,1,0,0,31.17952675963037
39,T_10,C_10_1,0.5,0.0,1,0,1,9.826680679267604
43,T_8,C_8_2,0.38,0.49,1,0,1,5.493298177255385
27,T_9,C_9_2,0.6,0.63,0,0,1,-25.806686090192464
33,T_8,C_8_3,0.5,0.57,0,0,0,-27.941120052456593
29,T_9,C_9_1,0.56,0.62,0,0,0,-10.872134203400009
31,T_9,C_9_2,0.54,0.58,0,0,1,-3.073912313494408
10,T_9,C_9_2,0.5,0.59,1,0,1,23.566084245887662
48,T_9,C_9_1,0.55,0.61,1,0,0,24.011640455422672
44,T_7,C_7_3,0.52,0.58,0,0,0,-5.411009558520961
1,T_9,C_9_2,0.54,0.57,0,0,0,-6.226412262812567
40,T_9,C_9_2,0.41,0.52,0,0,0,-17.62831934587903
13,T_9,C_9_2,0.48,0.54,1,0,1,4.73712754296648
30,T_7,C_7_2,0.64,0.65,0,0,1,-6.841153295897085
34,T_8,C_8_1,0.59,0.62,0,0,0,-0.565655054396462
14,T_9,C_9_2,0.55,0.63,0,0,0,-19.875093344166313
35,T_9,C_9_2,0.44,0.53,0,0,1,-21.104104448075486
19,T_9,C_9_1,0.53,0.48,0,0,0,-26.607907841873004
16,T_9,C_9_2,0.49,0.51,0,0,0,-15.02232138695084
15,T_9,C_9_2,0.58,0.64,0,0,1,-1.9991681404994415
47,T_10,C_10_2,0.45,0.0,0,0,0,-8.012580151965176
32,T_9,C_9_1,0.55,0.54,1,0,0,13.451011022471956
6,T_10,C_10_2,0.47,0.0,1,0,1,3.229436678448696
5,T_10,C_10_2,0.54,0.0,0,0,1,-4.246058472084815
21,T_9,C_9_1,0.62,0.55,0,0,1,-8.451649619434853
45,T_9,C_9_1,0.61,0.59,0,0,0,-2.4300617815626673
24,T_10,C_10_2,0.6,0.0,1,0,1,13.127102815250176
18,T_9,C_9_1,0.58,0.63,1,0,1,13.094563593867244
22,T_9,C_9_2,0.54,0.57,0,0,0,-14.699286155158381
17,T_9,C_9_1,0.56,0.53,1,0,1,19.87445739716101
25,T_7,C_7_3,0.49,0.5,0,0,1,-17.259480135055746
27,T_10,C_10_2,0.63,0.0,0,0,0,-10.723890429482768
33,T_8,C_8_2,0.41,0.57,0,0,1,-1.6411264582637308
9,T_9,C_9_1,0.5,0.53,1,0,0,0.7243469828448204
41,T_9,C_9_1,0.53,0.55,1,0,0,2.1885502161011736
31,T_10,C_10_2,0.58,0.0,0,0,1,-16.633472428154022
29,T_9,C_9_2,0.55,0.62,1,0,0,7.688474965242759
10,T_10,C_10_2,0.59,0.0,0,0,1,-6.838629994388131
43,T_9,C_9_1,0.49,0.58,0,0,0,-14.886778733456566
48,T_9,C_9_2,0.53,0.61,0,0,0,-0.6534723638235
44,T_7,C_7_1,0.4,0.58,1,0,1,42.11841402169178
1,T_10,C_10_2,0.57,0.0,1,0,1,22.3474342043058
40,T_10,C_10_2,0.52,0.0,1,0,1,9.471025220107013
13,T_10,C_10_2,0.54,0.0,1,0,1,2.43428584008407
14,T_10,C_10_2,0.63,0.0,0,0,1,-3.1196751243246883
35,T_10,C_10_2,0.53,0.0,0,0,1,-6.494531611121461
34,T_8,C_8_3,0.56,0.62,1,0,1,28.899112178404373
47,T_10,C_10_1,0.3,0.0,1,0,0,4.012709424531751
19,T_9,C_9_2,0.48,0.48,1,0,1,21.10236029538079
16,T_10,C_10_2,0.51,0.0,1,0,1,0.3569513944581102
15,T_10,C_10_2,0.64,0.0,0,0,1,-7.741615940785453
30,T_8,C_8_1,0.65,0.61,0,0,1,-33.207669617555126
32,T_9,C_9_2,0.51,0.54,0,0,0,-6.4642410461265705
21,T_10,C_10_2,0.55,0.0,0,0,0,-10.666269570784502
27,T_10,C_10_1,0.45,0.0,1,0,1,5.127676757419106
45,T_9,C_9_2,0.48,0.59,1,0,0,15.594609482618665
18,T_10,C_10_2,0.63,0.0,0,0,0,-8.943018795602548
17,T_10,C_10_2,0.53,0.0,0,0,1,-3.1289973145992507
22,T_10,C_10_2,0.57,0.0,0,0,0,-11.001434672230232
9,T_9,C_9_2,0.43,0.53,1,0,0,3.7353020413762454
41,T_9,C_9_2,0.48,0.55,0,0,0,-7.699899885494271
33,T_9,C_9_1,0.57,0.58,0,0,1,-13.079138096359372
25,T_8,C_8_1,0.5,0.5,0,0,0,-1.6802712408352987
29,T_10,C_10_2,0.62,0.0,0,0,0,-13.35279248729421
43,T_9,C_9_2,0.47,0.58,0,0,1,-9.915477962704774
48,T_10,C_10_2,0.61,0.0,0,0,0,-23.19173142286304
44,T_8,C_8_1,0.58,0.56,0,0,1,-11.914941318427086
21,T_10,C_10_1,0.52,0.0,1,0,0,26.950457189309162
19,T_10,C_10_2,0.48,0.0,1,0,0,2.020385058934571
18,T_10,C_10_1,0.48,0.0,1,0,1,11.44035631743942
32,T_10,C_10_2,0.54,0.0,1,0,0,18.003707777355647
34,T_9,C_9_1,0.62,0.52,1,0,1,16.332921260501756
22,T_10,C_10_1,0.46,0.0,1,0,0,15.940735477949893
45,T_10,C_10_2,0.59,0.0,1,0,1,9.61815931774295
29,T_10,C_10_1,0.5,0.0,1,0,1,8.741876294327119
9,T_10,C_10_2,0.53,0.0,0,0,1,-12.396425024579916
30,T_9,C_9_2,0.61,0.67,0,0,0,-23.291780368732145
41,T_10,C_10_2,0.55,0.0,0,0,1,-7.741696429168601
48,T_10,C_10_1,0.5,0.0,1,0,0,12.922030161958705
33,T_10,C_10_2,0.58,0.0,0,0,1,-20.732149681804394
25,T_8,C_8_3,0.46,0.5,1,0,1,20.137535639104563
19,T_10,C_10_1,0.4,0.0,1,0,1,11.175756538761165
43,T_10,C_10_2,0.58,0.0,1,0,1,1.0328196320051566
32,T_10,C_10_1,0.41,0.0,1,0,0,6.170318983617603
34,T_10,C_10_2,0.52,0.0,0,0,0,-8.663414117971234
30,T_9,C_9_1,0.59,0.67,1,0,1,18.184029638802656
44,T_9,C_9_1,0.56,0.55,1,0,1,0.9861268828420662
34,T_10,C_10_1,0.49,0.0,1,0,1,29.19226445145786
30,T_10,C_10_2,0.67,0.0,0,0,0,-41.284282825467436
25,T_9,C_9_2,0.5,0.53,0,0,1,-22.157211002263022
30,T_10,C_10_1,0.54,0.0,0,0,1,-8.471602489521667
44,T_10,C_10_2,0.55,0.0,1,0,0,1.4820142967842438
25,T_10,C_10_2,0.53,0.0,0,0,1,-0.7266288786871069
44,T_10,C_10_1,0.44,0.0,1,0,1,4.784396479637037
