student_number,topic,arm_pulled,pay-off,pay-off_next_topic,actual_decision,skip_decision,skip_enabled,reward,confidence_score,expected_reward
33,T_1,C_1_9,2.68,2.73,0,0,False,1,-10.0,0.553641342939742
47,T_1,C_1_9,2.83,2.88,0,0,False,-1,-10.0,0.5740027618555099
3,T_1,C_1_9,2.47,2.52,0,0,False,1,-10.0,0.4848731200101227
6,T_1,C_1_9,2.74,2.79,0,0,False,1,-10.0,0.5617729436585245
1,T_1,C_1_9,2.72,2.76,0,0,False,1,-10.0,0.5645104933052723
37,T_1,C_1_9,2.61,2.65,0,0,False,-1,-10.0,0.5163082041149238
43,T_1,C_1_9,2.7,2.75,0,0,False,-1,-10.0,0.5520215954231414
7,T_1,C_1_9,2.62,2.67,0,0,False,1,-10.0,0.5046512290641054
14,T_1,C_1_9,2.81,2.85,0,0,False,1,-10.0,0.5480380957251623
36,T_1,C_1_9,2.67,2.72,0,0,False,-1,-10.0,0.4970278140899905
30,T_1,C_1_9,2.84,2.88,0,0,False,-1,-10.0,0.5097570374080432
16,T_1,C_1_9,2.77,2.82,0,0,False,1,-10.0,0.5175676101648408
25,T_1,C_1_9,2.67,2.72,1,0,False,-1,178.3902195608782,0.5196069468881264
46,T_1,C_1_9,2.76,2.8,1,0,False,-1,187.8033932135728,0.5634809518704402
9,T_1,C_1_9,2.81,2.86,1,0,False,1,22.326002033818668,0.5771889392861598
11,T_1,C_1_9,3.0,3.04,0,0,False,-1,-10.0,0.5895413791211992
29,T_1,C_1_9,2.61,2.66,0,0,False,1,-10.0,0.4770220685142201
22,T_1,C_1_9,2.67,2.71,0,0,False,1,-10.0,0.5266808745891856
5,T_1,C_1_9,2.99,3.04,1,0,False,1,210.79740518962075,0.5753898004079583
2,T_1,C_1_9,2.65,2.7,1,0,False,1,172.71057884231536,0.49556492393750395
42,T_1,C_1_9,2.7,2.75,1,0,False,-1,184.03093812375246,0.5439862244644438
27,T_1,C_1_9,2.66,2.71,0,0,False,-1,-10.0,0.45523542487708646
0,T_1,C_1_9,2.74,2.79,1,0,False,1,18.185423768614285,0.5310742702106224
15,T_1,C_1_9,3.28,3.32,1,0,False,1,27.6091525821736,0.6630795975481534
18,T_1,C_1_9,2.81,2.85,1,0,False,-1,18.302073818464734,0.5207727774938273
23,T_1,C_1_9,2.45,2.51,0,0,False,-1,-151.09349275528726,0.43219146802388475
21,T_1,C_1_9,2.54,2.59,1,0,False,1,14.633080797527546,0.4463946226546025
34,T_1,C_1_9,2.78,2.83,1,0,False,-1,19.332981096630235,0.5497274805361662
8,T_1,C_1_9,2.83,2.87,1,0,False,-1,19.977048893240408,0.5609509255791114
41,T_1,C_1_9,2.6,2.65,1,0,False,-1,15.4954935592424,0.4990257757860112
49,T_1,C_1_9,2.94,2.98,0,0,False,1,-182.1561793224515,0.5919673148511763
35,T_1,C_1_9,2.74,2.78,1,0,False,1,17.33597212354948,0.5313237954031775
4,T_1,C_1_9,2.75,2.8,1,0,False,-1,15.85441678955147,0.5460566252129171
32,T_1,C_1_9,2.66,2.71,1,0,False,-1,13.418723868315181,0.48993568299688284
39,T_1,C_1_9,2.99,3.04,1,0,False,-1,21.924207417667127,0.5989900965887387
38,T_1,C_1_9,2.54,2.59,0,0,False,-1,-152.86762210852112,0.47361818910499365
13,T_1,C_1_9,2.53,2.58,1,0,False,-1,15.313040917168623,0.4516159848000231
31,T_1,C_1_9,2.79,2.84,1,0,False,-1,16.615134636012094,0.5706451350765067
40,T_1,C_1_9,2.86,2.9,1,0,False,1,5.258538341712766,0.5876630678130672
48,T_1,C_1_9,2.92,2.96,1,0,False,-1,9.37346546220727,0.5605800217452657
24,T_1,C_1_9,2.7,2.75,1,0,False,1,8.883892473130816,0.5208332023440594
20,T_1,C_1_9,3.04,3.09,1,0,False,1,13.402263873329415,0.5835192986029325
26,T_1,C_1_9,2.58,2.63,1,0,False,-1,10.027884528741543,0.49268574092359024
28,T_1,C_1_9,2.58,2.63,1,0,False,1,10.926593565484344,0.50240433046725
10,T_1,C_1_9,2.66,2.71,1,0,False,-1,9.528381053071234,0.5221900293772097
12,T_1,C_1_9,2.52,2.57,0,0,False,1,-158.42206205859122,0.45598081268100843
44,T_1,C_1_9,2.92,2.97,0,0,False,1,-183.10095204868043,0.6026784873616988
45,T_1,C_1_9,2.93,2.98,1,0,False,-1,14.797866717956333,0.5653774260502847
19,T_1,C_1_9,2.64,2.69,0,0,False,1,-145.6174408059717,0.4822873926017053
17,T_1,C_1_9,2.97,3.01,0,0,False,-1,-187.12989114898522,0.6210297001093475
47,T_1,C_1_13,2.72,2.88,1,0,True,1,162.89488593909542,0.6384848061688984
43,T_1,C_1_13,2.59,2.75,0,0,True,-1,-9.653001675387411,0.6268310206718125
37,T_1,C_1_13,2.49,2.65,1,0,True,-1,165.78906032121353,0.528821614789731
25,T_1,C_1_13,2.56,2.72,1,0,True,1,138.53474417509807,0.5855283376690575
30,T_1,C_1_13,2.73,2.88,0,0,True,-1,-184.52111050176003,0.5948678941921558
36,T_1,C_1_13,2.56,2.72,0,0,True,1,-164.25367974722323,0.5285611155547191
46,T_1,C_1_13,2.65,2.8,1,0,True,1,196.74343804086914,0.5971799777292865
42,T_1,C_1_13,2.59,2.75,1,0,True,-1,27.573885211994188,0.5759287344068638
11,T_1,C_1_13,2.9,3.04,1,0,True,1,29.476254880240596,0.6748606449971475
18,T_1,C_1_13,2.7,2.85,0,0,True,-1,-192.34610185109108,0.5401815179797289
23,T_1,C_1_13,2.33,2.51,0,0,True,-1,-146.1912387727152,0.44549384593874714
8,T_1,C_1_13,2.72,2.87,0,0,True,-1,-186.33571469339512,0.5901680699104448
33,T_2,C_2_6,2.73,3.04,1,0,False,-1,0.4434094358118408,0.5862983502374596
3,T_2,C_2_6,2.52,2.85,0,0,False,1,-8.130175469848513,0.5319250789162073
1,T_2,C_2_6,2.76,3.07,1,0,False,1,7.915107549019375,0.6311773762659416
7,T_2,C_2_6,2.67,2.99,0,0,False,-1,-17.492439620791917,0.5659789294197395
27,T_1,C_1_13,2.54,2.71,1,0,True,-1,14.995296228264692,0.541834463064947
14,T_2,C_2_6,2.85,3.15,0,0,False,1,-10.94534983365628,0.6025398413983064
34,T_1,C_1_13,2.67,2.8,1,0,True,1,161.40013139361045,0.6785535387812416
16,T_2,C_2_6,2.82,3.12,1,0,False,-1,170.37567231552956,0.5806663018943051
6,T_2,C_2_6,2.79,3.1,1,0,False,-1,11.30143392085991,0.5783264004392985
32,T_1,C_1_13,2.55,2.69,1,0,True,1,3.855945199055421,0.5309087733084872
41,T_1,C_1_13,2.49,2.63,1,0,True,-1,8.109704597551666,0.5477563843555389
5,T_2,C_2_6,3.04,3.32,1,0,False,-1,6.176466527226477,0.6160885169686964
29,T_2,C_2_6,2.66,2.98,0,0,False,1,-11.32936404768774,0.5570734657285557
39,T_1,C_1_13,2.89,3.02,1,0,True,1,200.8019150759582,0.6770317314424579
38,T_1,C_1_13,2.42,2.57,1,0,True,1,0.3504386707631326,0.5313277047831388
4,T_1,C_1_13,2.64,2.78,1,0,True,1,3.1427270708066235,0.5976047389751947
31,T_1,C_1_13,2.68,2.82,0,0,True,-1,-3.769071468527489,0.6167727617334986
22,T_2,C_2_6,2.71,3.03,1,0,False,1,152.4981759963847,0.5817175439879765
26,T_1,C_1_13,2.46,2.6,0,0,True,-1,-19.350551544307546,0.5603501317110187
9,T_2,C_2_6,2.86,3.16,0,0,False,1,-33.64204285579716,0.6305456357682122
13,T_1,C_1_13,2.41,2.56,1,0,True,-1,152.12259351735395,0.5251570488293757
48,T_1,C_1_13,2.81,2.94,0,0,True,-1,-13.970109770295277,0.6417571926217772
45,T_1,C_1_13,2.83,2.96,0,0,True,-1,-14.72180655840096,0.6639938868766138
2,T_2,C_2_6,2.7,3.01,0,0,False,1,-20.44325465515023,0.6198453654370562
0,T_2,C_2_6,2.79,3.09,0,0,False,1,-15.830139891734266,0.5786964933891995
17,T_1,C_1_12,2.84,2.99,1,0,True,1,107.66551089218271,0.5884504753304596
43,T_1,C_1_12,2.56,2.72,1,0,True,1,112.32294394850778,0.4963091701222206
21,T_2,C_2_6,2.59,2.92,1,0,False,-1,86.87049704176724,0.5703996444682428
10,T_1,C_1_13,2.54,2.68,0,0,True,1,-66.06674501656266,0.6169205080176473
49,T_2,C_2_6,2.98,3.27,0,0,False,1,-107.52294172265397,0.6805354252235687
35,T_2,C_2_6,2.78,3.09,0,0,False,1,-89.16231614767693,0.609344468861771
37,T_1,C_1_12,2.46,2.63,0,0,True,-1,-50.938765089719226,0.4851124557906385
33,T_2,C_2_5,2.7,3.04,0,0,True,1,-64.11815791400628,0.6230961494661464
15,T_2,C_2_6,3.32,3.58,0,0,False,1,-104.44337336127077,0.697458528408111
7,T_2,C_2_5,2.65,2.99,0,0,True,-1,-94.62058363858061,0.6038586007915944
3,T_3,C_3_4,2.85,2.28,0,0,False,-1,-77.06399362278974,0.538755906030572
42,T_1,C_1_12,2.56,2.7,0,0,True,1,-126.27887320223043,0.5615946585004882
23,T_1,C_1_12,2.3,2.45,0,0,True,-1,-112.20131845770486,0.4157739641448777
5,T_2,C_2_5,3.02,3.25,0,0,True,1,-155.02294896415447,0.6584008101514311
24,T_2,C_2_5,2.73,3.06,1,0,False,1,12.825682263770851,0.5802993925997519
16,T_2,C_2_5,2.79,3.12,1,0,True,1,31.287528863123626,0.6018727162942461
30,T_1,C_1_12,2.7,2.84,1,0,True,1,52.56338718180365,0.5650867139911047
6,T_2,C_2_5,2.77,3.02,0,0,True,1,-142.59619737179776,0.6147176458485107
44,T_2,C_2_5,2.95,3.18,0,0,False,1,-175.03659773576504,0.6272268216358753
1,T_3,C_3_4,3.07,2.55,0,0,False,1,-187.95364980846014,0.6124990853921338
8,T_1,C_1_12,2.69,2.83,0,0,True,-1,-178.53221474942293,0.5095801570038316
40,T_2,C_2_5,2.88,3.12,0,0,False,1,-171.1812747148369,0.578811167678607
20,T_2,C_2_5,3.07,3.3,1,0,False,-1,8.012599881903911,0.6716900950819598
18,T_1,C_1_12,2.67,2.81,0,0,True,1,-203.96636552144835,0.5655923277189876
14,T_3,C_3_4,3.15,2.65,0,0,False,-1,-237.17750712765323,0.6774196065239833
47,T_2,C_2_5,2.86,3.1,0,0,False,1,-207.90372152442387,0.6387061195042402
3,T_3,C_3_5,2.77,2.28,0,0,True,1,-171.3073414339261,0.6055766551605086
27,T_1,C_1_12,2.51,2.66,0,0,True,-1,-153.63428864903418,0.4841427586305773
25,T_2,C_2_5,2.7,2.95,0,0,False,1,-60.60522027279253,0.5449947210030641
28,T_2,C_2_5,2.6,2.87,0,0,False,1,-8.951478162783497,0.5629316071478423
41,T_1,C_1_12,2.46,2.6,1,0,True,-1,178.0873911911291,0.5233957369290496
29,T_3,C_3_5,2.9,2.44,1,0,False,1,169.47588039976216,0.6398463933896511
11,T_2,C_2_5,3.02,3.25,0,0,False,-1,-9.113834351348027,0.5997313994855513
46,T_2,C_2_5,2.78,3.03,0,0,False,-1,-29.84968340795177,0.6055763456221697
12,T_2,C_2_5,2.55,2.57,0,0,False,1,-15.378852340945038,0.48913642328408974
26,T_1,C_1_12,2.43,2.58,0,0,True,1,-7.891856825249963,0.48508001686835855
19,T_2,C_2_5,2.67,2.69,1,0,False,-1,14.456125237530298,0.5509029704095935
21,T_2,C_2_5,2.57,2.59,0,0,True,-1,-27.26674471762665,0.5623029490199527
36,T_2,C_2_5,2.7,2.72,1,0,False,-1,3.5189055065885837,0.5270543426520419
13,T_1,C_1_12,2.38,2.53,0,0,True,-1,-111.9685173523815,0.4683396498792254
31,T_1,C_1_12,2.66,2.79,1,0,True,1,18.070906399693015,0.5438049144789401
9,T_3,C_3_5,3.08,2.65,1,0,False,1,12.523676548179006,0.6985137458712215
0,T_3,C_3_5,3.02,2.57,1,0,False,1,196.5660390937162,0.7004340311437619
22,T_3,C_3_5,2.95,2.5,1,0,False,1,182.60261358078134,0.5925017238210479
45,T_1,C_1_2,2.74,2.93,1,0,True,1,36.79996888329485,0.5163846995707052
7,T_2,C_2_2,2.62,2.66,1,0,True,-1,25.062892234453535,0.4955460167530141
35,T_3,C_3_1,2.78,2.57,1,0,False,1,7.759458978470267,0.5404472348539605
49,T_3,C_3_5,3.2,2.79,1,0,False,1,14.0833913431879,0.7531937172876686
48,T_1,C_1_2,2.72,2.92,1,0,True,-1,27.63601315253776,0.48891778407099495
2,T_3,C_3_5,2.94,2.48,1,0,False,1,39.45572896070827,0.6295039917569969
14,T_3,C_3_5,3.08,2.65,0,0,True,1,-25.12954058713273,0.6340265027221306
15,T_3,C_3_1,3.32,3.14,0,0,False,1,-6.078167690764289,0.7372789888985525
33,T_3,C_3_1,2.72,2.51,1,0,False,-1,19.330623058668863,0.5596748105644115
32,T_2,C_2_2,2.66,2.63,0,0,False,1,-167.16166153215158,0.5195677839178503
16,T_3,C_3_1,2.81,2.61,0,0,False,1,-13.941077917715988,0.5838453234164436
34,T_2,C_2_2,2.78,2.75,0,0,False,1,-32.13318318087391,0.5104712635523412
44,T_3,C_3_1,2.96,2.77,0,0,False,-1,-49.01643579092668,0.603008599258208
4,T_2,C_2_2,2.75,2.73,0,0,False,-1,-24.680765326421835,0.47085038300039517
20,T_2,C_2_2,3.04,3.02,1,0,True,1,4.510295146847186,0.5755133151189786
37,T_1,C_1_2,2.38,2.56,1,0,True,-1,0.5607025843271822,0.48053313071605164
5,T_3,C_3_1,3.03,2.84,0,0,False,1,-37.09897265455813,0.6306291660317612
1,T_4,C_4_1,2.55,2.72,0,0,False,-1,-20.420908624079118,0.5352399888990886
8,T_1,C_1_2,2.63,2.79,1,0,True,1,8.821648293609124,0.5034494399560501
6,T_3,C_3_10,2.72,2.58,1,0,False,-1,0.16578139343403464,0.5780075480636103
38,T_2,C_2_2,2.54,2.51,0,0,False,-1,-6.591077917715985,0.4625873921212813
23,T_1,C_1_2,2.22,2.41,0,0,True,1,-9.021524111941723,0.38328950977689774
24,T_3,C_3_10,2.68,2.54,0,0,False,-1,-19.113387629002126,0.5600817079733199
39,T_2,C_2_2,2.99,2.97,0,0,False,-1,-35.37774238762655,0.5521459881851349
46,T_2,C_2_2,2.76,2.73,0,0,True,1,-67.10278109094536,0.46517854780553936
25,T_3,C_3_10,2.64,2.5,0,0,False,1,-98.44424450557948,0.5234775050158602
33,T_3,C_3_10,2.65,2.51,0,0,True,-1,-40.47124798990005,0.5779156486845736
40,T_3,C_3_10,2.83,2.7,0,0,False,-1,-78.90989655669728,0.5649888165463908
21,T_2,C_2_2,2.54,2.47,1,0,True,-1,74.0660064388076,0.40291339377322066
47,T_3,C_3_10,2.81,2.64,1,0,False,-1,85.57774937092371,0.6391516680274285
11,T_2,C_2_2,3.0,2.94,1,0,True,1,70.62454313175556,0.5901592995004985
10,T_2,C_2_2,2.66,2.6,1,0,False,1,93.00736741319339,0.4847737034568146
36,T_2,C_2_2,2.67,2.61,1,0,True,-1,95.78138888565503,0.4733762077821385
27,T_1,C_1_2,2.44,2.62,1,0,True,-1,87.77879598462194,0.4212418119969485
28,T_3,C_3_10,2.55,2.36,1,0,False,1,97.67069865099083,0.5420224876447131
19,T_2,C_2_2,2.64,2.58,1,0,True,-1,105.28028332362115,0.45591331317306716
3,T_4,C_4_1,2.28,2.47,0,0,False,1,-56.20476128855469,0.5230217318114507
17,T_2,C_2_2,2.96,2.91,1,0,False,1,70.963192179895,0.5487105789538802
44,T_3,C_3_10,2.9,2.74,1,0,True,1,62.448955769196125,0.6088817054302669
43,T_2,C_2_2,2.7,2.64,1,0,False,-1,99.94766155004169,0.5028480338007955
41,T_1,C_1_2,2.38,2.56,1,0,True,1,87.83107926958519,0.449316927566133
6,T_3,C_3_9,2.68,2.54,1,0,True,1,92.14398552130699,0.4809151657415416
22,T_4,C_4_1,2.5,2.67,1,0,False,1,48.955167545079014,0.560383996424068
12,T_3,C_3_10,2.5,2.3,1,0,False,-1,18.42381384748723,0.5081675966547077
29,T_4,C_4_1,2.44,2.61,1,0,False,-1,61.168373085279065,0.5703648390780963
35,T_4,C_4_1,2.57,2.74,0,0,False,-1,-122.10494003670782,0.498644689510285
33,T_3,C_3_9,2.61,2.47,1,0,True,1,89.7812172451647,0.48448015946927214
40,T_3,C_3_9,2.8,2.66,0,0,True,1,-96.02085722385996,0.553039494595671
42,T_2,C_2_14,2.66,2.64,0,0,False,1,-44.656309899721506,0.5450965811103363
7,T_2,C_2_14,2.58,2.55,1,0,True,-1,54.781775147134745,0.5390152083091888
24,T_3,C_3_9,2.64,2.5,1,0,True,1,50.236689383967914,0.5699150482024372
9,T_4,C_4_1,2.65,2.81,1,0,False,1,51.42356416880676,0.5713168937230891
30,T_2,C_2_14,2.8,2.78,0,0,False,1,-10.370915282072312,0.5588303770138021
47,T_3,C_3_9,2.77,2.64,0,0,True,1,-60.00535732124143,0.5558564889024745
1,T_4,C_4_4,2.52,2.72,1,0,True,1,83.82898748447028,0.49700766017609443
49,T_4,C_4_1,2.79,2.94,0,0,False,1,-112.73238160773303,0.5890963136637474
18,T_2,C_2_14,2.77,2.69,1,0,False,-1,48.878558879470205,0.5097207782989459
2,T_4,C_4_1,2.48,2.65,0,0,False,1,-71.24170544410836,0.4585850310708704
14,T_4,C_4_1,2.65,2.81,0,0,False,1,-121.7213700777229,0.5533837276720884
0,T_4,C_4_1,2.57,2.74,0,0,False,-1,-69.2399989594667,0.5516193136361582
34,T_3,C_3_9,2.72,2.58,1,0,False,1,61.71768756943205,0.5994701177858639
4,T_2,C_2_14,2.71,2.63,1,0,True,-1,69.94133713971046,0.548059044008183
38,T_2,C_2_14,2.5,2.41,0,0,True,-1,-44.90446065248575,0.46369406367689026
15,T_4,C_4_4,3.12,3.28,0,0,False,1,-128.27722914928387,0.61770962687601
48,T_1,C_1_3,2.72,2.88,0,0,True,-1,-77.6999795737321,0.5615139598572849
32,T_3,C_3_9,2.6,2.45,0,0,False,-1,-76.45238262025511,0.47089700216192293
13,T_1,C_1_2,2.3,2.49,0,0,True,1,-5.482017437177736,0.4171440009584112
39,T_2,C_2_14,2.96,2.88,1,0,True,1,76.73079978651192,0.6304066936232862
20,T_3,C_3_2,2.94,2.87,1,0,False,1,99.50980063325194,0.5765858035590422
5,T_4,C_4_4,2.81,2.99,0,0,False,-1,-100.28908797169157,0.5684233417454443
25,T_4,C_4_4,2.47,2.67,0,0,False,-1,-112.20313501437262,0.48788954804759416
16,T_4,C_4_4,2.57,2.77,0,0,False,1,-54.5023591542665,0.5378717208721718
36,T_2,C_2_14,2.63,2.55,0,0,True,-1,-49.39911066969427,0.4638233418622006
21,T_2,C_2_14,2.5,2.41,0,0,True,1,-68.13073753264489,0.46013991745338567
12,T_3,C_3_2,2.39,2.3,0,0,True,1,-86.99776159718161,0.4732015382675618
37,T_1,C_1_3,2.38,2.56,0,0,True,-1,-42.349847465362416,0.499209068080509
19,T_2,C_2_14,2.6,2.52,1,0,True,-1,105.67601239910502,0.5652541107082938
31,T_2,C_2_14,2.75,2.68,0,0,False,-1,-85.15160283368265,0.5695228519486959
28,T_4,C_4_4,2.36,2.58,0,0,False,1,-66.43823216948864,0.45191537268195825
46,T_3,C_3_2,2.64,2.4,0,0,False,-1,-58.51766781308058,0.45003883925930444
43,T_2,C_2_14,2.66,2.58,0,0,True,-1,-43.11758913471056,0.5962279028918251
26,T_2,C_2_14,2.53,2.45,1,0,False,-1,77.93888024694945,0.513604426532708
27,T_1,C_1_3,2.44,2.61,1,0,True,-1,95.41347756467724,0.46429762777124217
10,T_3,C_3_2,2.54,2.29,0,0,False,1,-39.45735423538168,0.4769108060994529
11,T_3,C_3_2,2.89,2.67,1,0,False,1,67.46778865631873,0.6284232262192044
29,T_4,C_4_4,2.4,2.61,0,0,True,-1,-66.32989031829182,0.44079887748729873
35,T_4,C_4_4,2.53,2.74,0,0,True,1,-106.51538156656355,0.5002699313909105
17,T_3,C_3_2,2.85,2.64,0,0,False,1,-94.80395537807314,0.5623541728617095
44,T_4,C_4_4,2.74,2.92,1,0,False,1,72.26610300391184,0.5464190020478766
32,T_3,C_3_2,2.54,2.29,0,0,True,1,-45.819297611353846,0.4846272694703633
45,T_2,C_2_14,2.9,2.79,0,0,False,1,-78.2572303294215,0.5655818408860197
40,T_4,C_4_3,2.51,2.86,0,0,False,1,-72.12063050428893,0.48761399759073787
7,T_2,C_2_10,2.57,2.46,1,0,True,-1,89.41113328234043,0.5044889632818547
6,T_4,C_4_4,2.54,2.74,1,0,False,1,115.4061915687457,0.5027091483393673
33,T_4,C_4_3,2.31,2.68,0,0,False,1,-17.11448832445499,0.4784981907411819
47,T_4,C_4_3,2.49,2.83,1,0,False,-1,100.96055889871538,0.540380684782948
18,T_2,C_2_10,2.76,2.66,1,0,True,1,80.04038556423887,0.5005483120782993
23,T_2,C_2_10,2.4,2.28,1,0,False,1,104.10495510066275,0.37480345534738163
30,T_3,C_3_12,2.69,2.49,0,0,False,-1,-6.362041779639387,0.5538273726897078
3,T_5,C_5_5,2.47,2.43,1,0,False,-1,81.94938093751645,0.5354329381781018
0,T_4,C_4_3,2.38,2.74,1,0,True,-1,85.99367874616911,0.4886024582084866
24,T_4,C_4_3,2.34,2.71,1,0,False,-1,76.879634043224,0.4599876885111569
8,T_2,C_2_10,2.78,2.68,1,0,False,-1,116.94043056465985,0.4930904194216023
22,T_5,C_5_5,2.67,2.63,1,0,False,-1,73.67440662044535,0.5065510416510373
42,T_3,C_3_12,2.55,2.34,0,0,False,1,-16.600884754845975,0.580283678669546
4,T_2,C_2_10,2.71,2.6,1,0,True,1,91.68620516272969,0.5559281482003706
38,T_2,C_2_10,2.49,2.37,1,0,True,1,111.9571102804074,0.4700014296392504
34,T_4,C_4_3,2.43,2.78,1,0,False,1,74.33210027044774,0.4849975319816529
9,T_5,C_5_5,2.81,2.78,0,0,False,1,-72.18249792992378,0.538071910518535
2,T_5,C_5_5,2.65,2.61,0,0,False,-1,-64.16278005914211,0.5666711010574803
36,T_2,C_2_10,2.62,2.51,1,0,True,1,110.84049460042164,0.5059255211209819
15,T_5,C_5_5,3.28,3.25,0,0,False,1,-99.0362617759075,0.6691618318798493
29,T_4,C_4_3,2.23,2.58,1,0,True,1,81.3509874964395,0.4542984918069262
31,T_2,C_2_10,2.75,2.64,0,0,True,1,-70.81869393255612,0.5543712227587163
25,T_4,C_4_3,2.3,2.67,0,0,True,1,-89.2868620342879,0.46527290559879736
5,T_4,C_4_3,2.67,2.99,0,0,True,-1,-60.66114540857129,0.5862476916108106
1,T_5,C_5_5,2.72,2.68,0,0,False,1,-32.653778422480876,0.5592598382463723
39,T_3,C_3_12,2.85,2.62,1,0,False,1,95.54602493806608,0.6212463362328382
43,T_2,C_2_10,2.65,2.49,1,0,True,-1,100.65041793143396,0.5110709834524102
26,T_2,C_2_10,2.53,2.35,1,0,True,1,73.27579212114182,0.4646531559394025
46,T_3,C_3_12,2.6,2.4,0,0,True,1,-41.670154417580264,0.567514843281647
20,T_4,C_4_3,2.73,3.04,0,0,False,1,-46.198313893171374,0.5279933217559827
21,T_3,C_3_12,2.37,2.09,1,0,False,1,69.77771848425238,0.5244699518539483
12,T_4,C_4_3,2.13,2.49,1,0,False,1,52.33709154225682,0.4263210037663312
19,T_2,C_2_10,2.59,2.48,0,0,True,1,-25.713786205874914,0.4890628004182359
16,T_5,C_5_5,2.77,2.73,1,0,False,-1,104.19077187822683,0.5943863462952532
41,T_2,C_2_10,2.55,2.44,0,0,False,-1,-32.608770239174845,0.48285872088258297
48,T_1,C_1_14,2.64,2.84,1,0,True,-1,103.30315615240998,0.5466136314791046
49,T_5,C_5_5,2.94,2.91,0,0,False,1,-103.85721178593383,0.6392929028460415
14,T_5,C_5_5,2.81,2.77,0,0,False,1,-95.34009708752293,0.5219669752965058
37,T_1,C_1_14,2.29,2.52,0,0,True,1,-19.334510390268257,0.4506994563422969
30,T_3,C_3_7,2.64,2.44,1,0,True,-1,142.14750877453574,0.4179293667927392
3,T_5,C_5_7,2.43,2.43,1,0,True,-1,106.35887197378787,0.46765715577620276
0,T_4,C_4_5,2.33,2.71,1,0,True,-1,96.51339773201786,0.41148473122348384
23,T_3,C_3_7,2.22,1.99,0,0,False,-1,-14.077428213992354,0.40007894079827633
47,T_4,C_4_5,2.44,2.8,1,0,True,-1,123.88894414700358,0.47367850449513743
45,T_3,C_3_7,2.74,2.55,0,0,False,1,-29.33800626478468,0.5566146817254313
24,T_4,C_4_5,2.29,2.67,0,0,True,1,-32.012444704463576,0.5052707714139313
40,T_5,C_5_7,2.83,2.82,1,0,False,-1,108.29020651325204,0.5206148609509782
27,T_1,C_1_14,2.35,2.58,0,0,True,-1,-22.07695603590735,0.37086829634156904
32,T_4,C_4_5,2.24,2.63,0,0,False,1,-31.01266653656728,0.47990353705108346
44,T_5,C_5_7,2.89,2.89,0,0,False,1,-58.52679877144919,0.5785014136667317
22,T_5,C_5_7,2.63,2.63,0,0,True,-1,-44.901555425456124,0.4855521066413841
10,T_4,C_4_5,2.23,2.63,0,0,False,-1,-27.49733791386536,0.425340399853934
18,T_3,C_3_7,2.6,2.41,0,0,False,1,-36.97002964597327,0.4798139341929023
2,T_5,C_5_7,2.62,2.61,0,0,True,-1,-43.274556306475205,0.4864516222190486
35,T_5,C_5_7,2.7,2.7,0,0,False,1,-197.51733986796577,0.5113311794063196
28,T_5,C_5_5,2.58,2.54,0,0,False,1,-26.996534055344434,0.4589928211688361
8,T_2,C_2_8,2.75,2.63,0,0,True,-1,-0.07624055773308047,0.5361806896478647
11,T_4,C_4_5,2.63,2.97,0,0,False,1,-69.5568576648952,0.5422099600847303
13,T_2,C_2_8,2.44,2.3,1,0,False,1,11.839343608719194,0.4822551092959344
7,T_2,C_2_8,2.54,2.4,0,0,True,1,-41.845408653415184,0.5238614925888332
17,T_4,C_4_5,2.59,2.94,0,0,False,-1,-53.73071243611666,0.536814055869283
33,T_5,C_5_7,2.65,2.64,1,0,False,1,0.48306776134774765,0.5522341686770886
34,T_5,C_5_7,2.75,2.74,1,0,False,-1,104.95594261076586,0.5067506668035605
26,T_3,C_3_11,2.25,1.99,0,0,False,1,-45.87275599563678,0.429622637175261
3,T_5,C_5_1,2.33,2.43,0,0,True,-1,-13.008906230378603,0.4644529784892317
42,T_4,C_4_5,2.29,2.57,1,0,False,-1,103.79272880330709,0.5022472963032603
39,T_4,C_4_5,2.62,2.88,0,0,False,-1,-29.547247388438077,0.5190738065544134
36,T_3,C_3_7,2.46,2.11,1,0,False,-1,88.79910345195898,0.42868472032407867
30,T_3,C_3_11,2.55,2.32,1,0,True,-1,146.7348568515211,0.41005893489317347
4,T_3,C_3_7,2.54,2.34,1,0,False,-1,88.08502442045824,0.433389738993472
38,T_3,C_3_7,2.31,1.94,1,0,False,1,98.2505000038766,0.414693686832138
31,T_3,C_3_11,2.5,2.26,0,0,False,-1,-46.294558406112834,0.5247611201812266
41,T_2,C_2_8,2.52,2.29,1,0,True,-1,106.35890185366034,0.4843769610338471
16,T_5,C_5_7,2.74,2.73,1,0,True,1,8.768334675648159,0.5210991003771371
5,T_4,C_4_5,2.62,2.88,1,0,True,-1,100.10735330923598,0.5092252531862066
15,T_6,C_6_4,3.25,3.46,0,0,False,-1,-62.90685865969017,0.6237374132501795
43,T_2,C_2_8,2.62,2.39,0,0,True,-1,-19.588489635365708,0.5538591246671314
6,T_5,C_5_7,2.71,2.71,1,0,False,-1,0.15263986911319183,0.5525310545890152
25,T_5,C_5_1,2.54,2.63,0,0,False,1,-78.04446200583277,0.49909717018142374
29,T_5,C_5_7,2.58,2.57,0,0,False,-1,-34.52299073742088,0.4863357141348553
9,T_6,C_6_4,2.78,3.02,0,0,False,1,-54.628645493545946,0.5343610593462726
46,T_4,C_4_5,2.35,2.63,0,0,False,-1,-17.823540850485386,0.4789406938392532
23,T_3,C_3_11,2.11,1.83,1,0,True,-1,74.48684123647277,0.3321145104485197
19,T_3,C_3_11,2.33,2.07,0,0,False,1,-106.08558476449694,0.4290509889111471
0,T_4,C_4_2,2.2,2.61,0,0,True,-1,-141.25471960471515,0.4326069137176074
21,T_4,C_4_5,2.09,2.4,0,0,False,-1,-129.4994584979342,0.4492522052794349
47,T_4,C_4_2,2.31,2.71,1,0,True,1,38.50054254964297,0.5069202069804
22,T_5,C_5_1,2.54,2.63,1,0,True,-1,4.689632058044901,0.5390635688917906
49,T_6,C_6_4,2.91,3.14,1,0,False,1,20.125261588379885,0.5674228632768129
45,T_4,C_4_2,2.43,2.81,1,0,False,1,43.66795606857432,0.48828365294560633
48,T_1,C_1_11,2.63,2.8,1,0,True,-1,37.22875534505859,0.4213834258064845
12,T_5,C_5_1,2.39,2.48,1,0,False,-1,14.438450022815395,0.452144681946436
14,T_6,C_6_4,2.77,3.02,0,0,False,1,-4.297904434786132,0.5194274493301827
34,T_5,C_5_1,2.66,2.74,1,0,True,-1,57.286879080929225,0.5528760569926698
1,T_6,C_6_4,2.68,2.93,1,0,False,1,9.426883277634392,0.5349894476489031
36,T_3,C_3_3,2.34,2.11,1,0,True,1,44.983675627964075,0.49762541624518697
10,T_4,C_4_2,2.09,2.52,1,0,True,1,48.53838900150728,0.40731566161546107
8,T_2,C_2_18,2.71,2.52,1,0,True,-1,81.1170073809568,0.5324571525357495
40,T_5,C_5_1,2.74,2.82,0,0,True,-1,-2.91085991302715,0.5404024307439809
20,T_5,C_5_1,2.93,3.01,1,0,False,1,46.06745827292544,0.6080780092857334
4,T_3,C_3_3,2.44,2.21,1,0,True,-1,63.31356962926681,0.4469894700706367
2,T_5,C_5_1,2.52,2.61,1,0,True,-1,21.18032973246347,0.4764568591370888
30,T_3,C_3_3,2.53,2.32,1,0,True,-1,103.96405048753951,0.468529480715305
27,T_1,C_1_11,2.34,2.53,1,0,True,-1,55.25152166355798,0.400849870635107
24,T_5,C_5_10,2.57,2.66,1,0,False,1,45.68799073569359,0.5718244275728348
3,T_5,C_5_10,2.32,2.42,0,0,True,-1,-59.35277952978143,0.5042993338968209
31,T_3,C_3_3,2.48,2.26,0,0,True,1,-97.17339156282463,0.4949301415241945
18,T_4,C_4_2,2.28,2.68,1,0,False,1,20.285074388801796,0.514272956988832
17,T_4,C_4_2,2.47,2.84,1,0,True,1,26.585190930182424,0.5358125175224364
32,T_5,C_5_10,2.53,2.62,1,0,False,1,112.42581451833729,0.49699480567621546
7,T_3,C_3_3,2.28,1.14,0,0,False,-1,-8.646495279882858,0.41821987088989665
37,T_2,C_2_18,2.47,2.27,0,0,False,-1,-97.67841749766748,0.5184524415351159
6,T_5,C_5_10,2.61,2.7,0,0,True,-1,-90.70501012248755,0.555942190169962
44,T_6,C_6_4,2.89,3.13,0,0,False,-1,-2.118294060370671,0.5816168178621375
23,T_3,C_3_3,2.09,1.35,0,0,True,1,-10.190023567377317,0.39451906544968696
26,T_4,C_4_2,1.99,2.44,0,0,False,-1,-5.794126910842366,0.43971615120468566
42,T_4,C_4_2,2.15,2.57,1,0,True,1,34.81691935426346,0.44488771812973593
13,T_3,C_3_3,2.18,1.26,1,0,False,-1,30.23597144166647,0.3667843405972809
35,T_6,C_6_4,2.7,2.95,0,0,False,1,-157.08359647710387,0.5056335650979704
39,T_4,C_4_2,2.51,2.87,1,0,True,1,17.39694984206833,0.5166843627895923
22,T_5,C_5_10,2.53,2.62,1,0,True,1,94.51236546813627,0.5416878045226106
5,T_4,C_4_2,2.51,2.88,0,0,True,-1,-140.43338645025688,0.5349279612745227
33,T_6,C_6_4,2.64,2.9,0,0,False,1,-90.7808826566302,0.5148015465052911
38,T_4,C_4_2,1.94,2.4,1,0,False,1,4.185720218140506,0.38357067460790034
11,T_5,C_5_10,2.88,2.96,0,0,False,-1,-153.88710420442985,0.5846540574887111
15,T_6,C_6_2,3.24,3.46,0,0,True,1,-56.09665585580904,0.7330154035767653
29,T_5,C_5_10,2.47,2.56,0,0,True,1,-128.75538798956626,0.5478689332080049
41,T_2,C_2_18,2.47,2.24,1,0,True,1,18.835228166664347,0.5600666311101836
28,T_6,C_6_4,2.54,2.81,0,0,False,-1,-116.15948660200195,0.4608624809355948
43,T_2,C_2_18,2.57,2.35,0,0,True,-1,-88.4384812420302,0.5417734697206321
12,T_5,C_5_10,2.38,2.47,0,0,True,1,-35.700982637921584,0.5251708408359133
46,T_4,C_4_2,2.22,2.59,1,0,True,1,115.41891699830214,0.4580320331523825
0,T_4,C_4_4,1.39,2.57,1,0,True,1,61.70710360477315,0.5172022559621159
21,T_4,C_4_3,1.43,2.35,0,0,True,-1,-23.45520158122278,0.39909522484617654
4,T_3,C_3_6,2.41,1.83,0,0,True,-1,-5.580660436020446,0.4161267063658042
19,T_4,C_4_2,1.64,2.46,1,0,False,-1,69.08802661684945,0.3628237633526237
34,T_5,C_5_10,2.65,2.74,0,0,True,1,-30.438768544128568,0.5817290474080097
8,T_2,C_2_7,2.69,2.5,1,0,True,1,92.5346672672285,0.5619870276126517
16,T_6,C_6_2,2.73,2.98,0,0,False,-1,-9.772852628212625,0.416352599905193
9,T_7,C_7_8,3.02,2.69,1,0,False,-1,36.71696214908343,0.5187379163196835
25,T_6,C_6_2,2.63,2.89,1,0,False,1,17.094526360989402,0.482974976727441
2,T_5,C_5_10,2.52,2.6,1,0,True,1,71.78835171309498,0.533203275044399
30,T_3,C_3_6,2.51,2.33,1,0,True,-1,26.817699852249795,0.4615934401008426
40,T_5,C_5_10,2.73,2.81,1,0,True,-1,76.22252037296546,0.5476766230638667
48,T_1,C_1_6,2.62,2.78,0,0,True,1,-82.46812365864761,0.5493084211919268
6,T_5,C_5_2,2.57,2.7,0,0,True,1,-28.79017980961285,0.5590039523200647
45,T_5,C_5_2,2.77,2.89,0,0,False,1,-95.92034841351227,0.6014475776851841
14,T_7,C_7_8,3.02,2.69,0,0,False,1,-130.55702768868318,0.4814499306827967
49,T_7,C_7_8,3.14,2.82,0,0,False,1,-130.13941317855392,0.5443576460389794
1,T_7,C_7_8,2.93,2.59,0,0,False,-1,-85.40251780429975,0.5172349413979502
47,T_5,C_5_2,2.67,2.79,0,0,False,1,-70.05968143488778,0.5739050363689385
7,T_3,C_3_6,2.26,1.19,0,0,True,-1,-55.69729032531428,0.37353748849269874
36,T_4,C_4_2,1.77,2.49,0,0,False,-1,-85.72109984912387,0.402990830472181
3,T_5,C_5_2,2.28,2.42,0,0,True,-1,-52.89053091327826,0.5020204707805613
13,T_3,C_3_6,2.15,1.62,0,0,True,1,-11.42101746713697,0.3682565727438376
10,T_5,C_5_2,2.48,2.59,1,0,False,1,76.01810794243664,0.5017181044172752
27,T_1,C_1_6,2.33,2.51,0,0,True,1,-42.98249426992128,0.4052154880015033
37,T_2,C_2_7,2.45,2.24,0,0,True,-1,-33.332309768076264,0.4863743211052374
20,T_6,C_6_2,3.0,3.24,0,0,False,1,-36.25132053340519,0.6567435090694509
31,T_4,C_4_4,1.42,2.62,1,0,False,-1,37.85681536414776,0.5054271260320731
18,T_5,C_5_2,2.64,2.75,1,0,False,-1,31.906185990275986,0.5399241108002318
24,T_6,C_6_2,2.66,2.92,0,0,False,-1,-97.76376962003015,0.5769133920047181
26,T_4,C_4_4,0.9,2.39,1,0,True,1,12.822943106297503,0.44669066564856963
44,T_6,C_6_2,2.88,3.13,1,0,True,1,33.72132307684245,0.5924308823208672
11,T_5,C_5_2,2.84,2.94,0,0,True,-1,-111.70332206848924,0.5531385978159384
42,T_5,C_5_2,2.53,2.64,0,0,False,-1,-62.331784252938164,0.5516992841285364
17,T_5,C_5_2,2.81,2.91,0,0,False,1,-93.28901457119922,0.6329814435566287
4,T_3,C_3_8,2.38,1.72,0,0,True,-1,-47.54262811429222,0.4770683469994549
32,T_6,C_6_2,2.62,2.62,0,0,False,-1,-92.33512669395297,0.4596903315595624
5,T_4,C_4_1,0.6,2.84,1,0,True,-1,33.65893727420843,0.6453750672559581
23,T_4,C_4_5,1.08,2.26,0,0,False,-1,-67.73443581662048,0.3542698523289177
35,T_7,C_7_8,2.95,2.61,0,0,False,-1,-127.7994610421105,0.4264911082321968
28,T_6,C_6_5,2.51,2.54,0,0,True,-1,-74.20005170391293,0.5425018581883734
43,T_2,C_2_7,2.55,2.32,0,0,True,1,-46.97443307218077,0.554812938061037
33,T_7,C_7_6,2.64,2.55,1,0,False,-1,149.18565837237546,0.4992939444316117
21,T_4,C_4_2,1.88,2.35,1,0,True,-1,95.14490792060127,0.3636115291035438
9,T_7,C_7_6,2.77,2.69,0,0,True,-1,-122.53629624539766,0.5129450926186123
30,T_3,C_3_8,2.48,1.65,1,0,True,1,77.13938987343253,0.4533452311505032
39,T_5,C_5_2,2.84,2.94,1,0,False,-1,138.94655953516616,0.5507184507269186
22,T_6,C_6_5,2.6,2.63,1,0,False,1,9.423519951340575,0.5546595587130774
41,T_3,C_3_8,2.2,1.04,1,0,False,-1,20.32555188167445,0.46601187212252804
19,T_4,C_4_4,1.6,2.46,1,0,True,1,40.62381022710251,0.4210594298372584
15,T_7,C_7_6,3.25,3.18,0,0,False,-1,-154.8314533102413,0.6152307350378439
38,T_5,C_5_2,2.35,2.47,0,0,False,-1,-88.60955338275757,0.482396546924173
40,T_5,C_5_2,2.69,2.8,0,0,True,-1,-107.59940109849366,0.5827732897147606
29,T_6,C_6_5,2.54,2.57,0,0,False,1,-115.62577857841082,0.5305225402364697
7,T_3,C_3_8,2.22,1.04,0,0,True,1,-69.92882142473009,0.47180104516533267
12,T_6,C_6_5,2.45,2.48,1,0,False,1,105.87780690538162,0.521702966946352
1,T_7,C_7_6,2.68,2.59,0,0,True,-1,-99.80942923949134,0.5037943970326229
16,T_6,C_6_5,2.71,2.73,1,0,True,1,14.311596383825922,0.6030034618964416
46,T_5,C_5_8,2.58,2.69,0,0,False,1,-65.5165120725401,0.5136603832806771
34,T_6,C_6_5,2.72,2.74,1,0,False,-1,128.3485763049291,0.6073537875637187
0,T_5,C_5_8,2.57,2.68,1,0,False,1,27.242938070720996,0.5117481478709229
3,T_5,C_5_8,2.27,2.4,0,0,True,1,-74.36294321889916,0.4415977838346561
8,T_3,C_3_8,2.46,1.71,0,0,False,1,-50.388177537572545,0.41261839438958803
36,T_4,C_4_4,1.04,2.49,1,0,True,1,78.62300159228542,0.4688844470304533
25,T_7,C_7_6,2.63,2.54,1,0,False,1,67.07186907031108,0.4976516612630689
18,T_5,C_5_8,2.64,2.64,1,0,True,1,4.041460531462007,0.47982691444873726
37,T_2,C_2_16,2.44,2.06,1,0,True,1,124.70329478447653,0.45845321723973487
4,T_3,C_3_13,2.24,1.59,1,0,True,-1,145.9111519273337,0.42743301963347197
31,T_4,C_4_1,1.13,2.62,1,0,True,-1,27.738524628453824,0.5506813899367498
11,T_5,C_5_8,2.84,2.84,0,0,True,-1,-18.094768506107798,0.520537870753749
6,T_6,C_6_5,2.68,2.7,1,0,False,1,76.796274798752,0.6158357621460209
45,T_6,C_6_5,2.87,2.9,1,0,False,1,19.91184845156368,0.6203759548438995
2,T_6,C_6_5,2.59,2.61,1,0,False,1,18.529537467255544,0.5320221602250952
13,T_4,C_4_3,1.17,2.34,1,0,False,1,35.645086682662104,0.3957073047200177
42,T_5,C_5_8,2.52,2.53,1,0,True,1,22.193693032353742,0.48255908584170126
47,T_6,C_6_5,2.77,2.79,0,0,False,1,-92.0129747495809,0.6250228556265022
35,T_7,C_7_6,2.7,2.61,0,0,True,-1,-120.36955837947416,0.4755935208310029
14,T_8,C_8_2,2.69,3.0,1,0,False,1,32.42423790791639,0.5685152319180526
49,T_8,C_8_2,2.82,3.12,1,0,False,-1,16.619828235085656,0.6159325337860969
9,T_7,C_7_11,2.77,2.69,1,0,True,1,38.22835742413334,0.5690085153577447
24,T_6,C_6_5,2.64,2.66,1,0,True,1,37.35842139001819,0.5379728804001114
33,T_7,C_7_11,2.64,2.55,1,0,True,1,94.41272677058292,0.52831361943278
20,T_7,C_7_11,3.01,2.93,0,0,False,1,-58.34638772873965,0.6384228319225387
32,T_6,C_6_5,2.6,2.62,0,0,True,1,-59.98838694507645,0.5842909981798485
48,T_2,C_2_16,2.77,2.44,0,0,False,-1,-48.51708999256047,0.4905995487581395
39,T_5,C_5_8,2.83,2.84,1,0,True,-1,84.52274021646085,0.5710160309546912
41,T_3,C_3_13,2.06,0.93,0,0,True,-1,-9.059967384481066,0.43041451699000405
10,T_6,C_6_5,2.59,2.62,0,0,False,-1,-61.57378737030676,0.5557129523799335
44,T_7,C_7_11,2.88,2.8,1,0,False,-1,53.037011207302456,0.5808478145907161
23,T_4,C_4_4,1.06,2.26,0,0,True,1,-68.11187933208569,0.3744181504043581
28,T_6,C_6_9,2.4,2.54,0,0,True,-1,-45.88574499532193,0.4951938735356437
21,T_4,C_4_1,1.24,2.29,1,0,True,1,32.75291226737312,0.5466372861513438
15,T_7,C_7_11,3.25,3.18,1,0,True,-1,66.49072145465227,0.712315182618158
26,T_5,C_5_8,2.39,2.39,0,0,False,-1,-69.60886282804626,0.41019126744800893
43,T_3,C_3_13,2.18,1.85,0,0,False,1,-25.41129973359267,0.3672978688427252
38,T_5,C_5_8,2.35,2.36,0,0,True,-1,-54.92832686189673,0.4584620049061618
17,T_6,C_6_9,2.81,2.93,0,0,False,1,-74.45037610222457,0.6376895558824638
1,T_7,C_7_11,2.68,2.59,0,0,True,-1,-55.296388448673355,0.5305253129251786
40,T_5,C_5_8,2.69,2.69,0,0,True,1,-49.29849963797672,0.5267848059369337
5,T_5,C_5_8,2.84,2.84,0,0,False,1,-53.256275851910516,0.5547453789757727
27,T_2,C_2_16,2.5,2.11,1,0,False,1,28.6229346389935,0.5269080763218033
30,T_4,C_4_1,1.18,2.61,0,0,False,1,-31.60873999406374,0.6225583171351374
7,T_4,C_4_4,0.87,2.38,0,0,False,1,-78.26322862477903,0.47950958244634156
22,T_7,C_7_11,2.62,2.54,0,0,False,-1,-85.93688341164135,0.5255180507418373
4,T_3,C_3_5,1.9,1.22,0,0,True,1,-9.577921758340054,0.641812658324024
34,T_6,C_6_9,2.61,2.74,0,0,True,1,-101.26671389888362,0.5850258273667168
29,T_7,C_7_11,2.57,2.46,1,0,False,-1,19.02758145636587,0.5329433262100955
19,T_5,C_5_9,2.4,2.46,0,0,False,-1,-65.62837760651227,0.4528818205706905
11,T_5,C_5_9,2.79,2.84,0,0,True,1,-94.06961293888149,0.5525055211315895
12,T_7,C_7_11,2.48,2.37,0,0,False,-1,-75.73117282746087,0.5216009713640293
31,T_4,C_4_3,0.92,2.57,1,0,True,1,23.13268511125772,0.5024773362557313
35,T_7,C_7_11,2.69,2.59,1,0,True,1,28.240324000146682,0.5293241182949537
16,T_7,C_7_11,2.73,2.63,1,0,False,-1,56.1264351112578,0.5413533070303217
8,T_4,C_4_4,1.77,2.6,0,0,False,-1,-63.14363525010431,0.4496552318991796
46,T_6,C_6_9,2.59,2.64,1,0,False,-1,68.38820024177288,0.5705719631934885
3,T_6,C_6_9,2.28,2.34,0,0,False,-1,-24.923993457428402,0.5133400303696782
0,T_6,C_6_9,2.57,2.62,1,0,False,1,32.90959843537027,0.5232033403119069
37,T_3,C_3_5,1.89,1.6,1,0,False,-1,30.11983356676722,0.590812034502907
36,T_5,C_5_9,2.43,2.4,1,0,False,1,97.20322298377602,0.5110390886450373
41,T_3,C_3_5,1.68,0.92,1,0,True,1,37.60507806030721,0.6094185791379878
18,T_6,C_6_9,2.64,2.7,1,0,False,1,9.141949183670366,0.5543290076440845
25,T_8,C_8_2,2.54,2.87,0,0,False,1,-177.74657572990736,0.5021163618181879
45,T_7,C_7_2,2.83,2.8,0,0,False,1,-146.49829512468037,0.5369387473275492
2,T_7,C_7_2,2.53,2.5,0,0,False,1,-134.06984602112587,0.4153002249183466
6,T_7,C_7_2,2.63,2.6,0,0,False,-1,-95.68782384541296,0.48075511836893603
44,T_7,C_7_2,2.81,2.79,0,0,True,-1,-155.207114380769,0.527527647013977
39,T_5,C_5_9,2.78,2.76,0,0,True,1,-120.13364003196989,0.5730680998486344
15,T_7,C_7_2,3.19,3.16,0,0,True,-1,-21.617497382072536,0.6068112673865964
49,T_8,C_8_4,2.81,3.12,0,0,True,1,-54.898511775492686,0.633054905820257
47,T_7,C_7_2,2.72,2.69,0,0,False,-1,-81.67339464704096,0.5404204842411258
13,T_5,C_5_9,2.28,2.24,0,0,False,-1,-67.64257272923275,0.4454665180147077
48,T_2,C_2_13,2.75,2.02,0,0,True,-1,-68.47380766870936,0.5718060416424993
1,T_7,C_7_2,2.6,2.57,0,0,True,-1,-89.51008419163885,0.499311697575478
42,T_6,C_6_9,2.53,2.59,1,0,False,1,41.37009795125556,0.570529089835216
10,T_6,C_6_9,2.48,2.54,1,0,True,-1,21.409742517215932,0.5280674539486739
28,T_6,C_6_8,2.3,2.46,1,0,True,-1,7.94481157238616,0.4799462364519463
38,T_5,C_5_9,2.29,2.26,1,0,True,-1,4.374845702079024,0.4985597602431121
24,T_7,C_7_2,2.59,2.56,1,0,False,1,6.338655709286985,0.48998744388610416
22,T_7,C_7_2,2.55,2.52,0,0,True,-1,-6.646849901979391,0.47055783361356696
26,T_5,C_5_9,2.33,2.29,0,0,True,1,-8.569864195531899,0.4789782020215667
14,T_9,C_9_1,3.0,2.56,0,0,False,1,-14.435943098911839,0.6331040661791328
32,T_7,C_7_2,2.54,2.51,1,0,False,-1,3.1862563650505846,0.4748167461374069
29,T_7,C_7_2,2.49,2.46,0,0,True,1,-7.941944159176402,0.4807070607255271
12,T_7,C_7_2,2.4,2.37,0,0,True,1,-100.14248634695292,0.43963085996561624
20,T_8,C_8_4,2.91,3.22,0,0,False,1,-114.74085812442927,0.6291881612850369
9,T_8,C_8_4,2.67,3.0,0,0,False,1,-24.345406204248572,0.5834124154522514
16,T_7,C_7_2,2.66,2.63,0,0,True,-1,-94.7272188670324,0.47451255374477375
33,T_8,C_8_4,2.53,2.88,0,0,False,-1,-85.90172926947442,0.5507936015697263
19,T_5,C_5_3,2.38,2.37,0,0,True,1,-90.9689250281699,0.46107274236571005
43,T_4,C_4_4,1.88,2.45,0,0,False,1,-91.26140979458827,0.48418739671934097
23,T_5,C_5_3,2.18,2.16,0,0,False,1,-102.56946666662617,0.44718236828620966
37,T_3,C_3_12,1.83,1.32,1,0,True,-1,95.0260305887141,0.4952640024336048
17,T_7,C_7_2,2.86,2.83,0,0,False,-1,-6.975797066084586,0.5241658366364286
21,T_5,C_5_3,2.27,2.25,1,0,False,1,10.978256987969473,0.42968038757452726
27,T_3,C_3_2,2.07,1.24,1,0,False,-1,89.84439655765402,0.49150062760930424
4,T_4,C_4_1,1.47,2.51,1,0,False,1,11.581980473751663,0.5662004353689387
30,T_5,C_5_3,2.6,2.59,1,0,False,-1,51.141976123383934,0.4497420180054182
5,T_6,C_6_8,2.76,2.83,1,0,False,1,23.461137885121644,0.6102821899901469
8,T_4,C_4_3,1.64,2.59,1,0,True,-1,12.500972816534336,0.4756335376560583
40,T_6,C_6_8,2.61,2.69,1,0,False,1,12.552048085351544,0.49611700422893934
46,T_6,C_6_8,2.5,2.58,1,0,True,-1,27.8753007735236,0.5568858861184782
7,T_5,C_5_3,2.36,2.34,1,0,False,1,13.053827292573896,0.4946749402067916
34,T_7,C_7_3,2.61,2.55,1,0,False,1,5.602361825942075,0.5113218015089355
6,T_7,C_7_3,2.57,2.51,1,0,True,-1,41.33731299425599,0.5144428130638488
44,T_7,C_7_3,2.76,2.7,0,0,True,1,-13.95846165363131,0.614818073281957
3,T_6,C_6_8,2.17,2.27,1,0,True,-1,20.058536966803064,0.4403488761911056
15,T_7,C_7_3,3.14,3.09,1,0,True,-1,0.9919072263150142,0.6963373694834697
31,T_5,C_5_3,2.55,2.5,0,0,False,-1,-97.51093650766008,0.5251897679867428
1,T_7,C_7_3,2.54,2.48,0,0,True,-1,-100.3861866744379,0.5494583749155983
47,T_7,C_7_3,2.66,2.6,1,0,True,1,25.140494138570155,0.5660077267047399
11,T_6,C_6_8,2.76,2.84,0,0,False,-1,-127.5901285428565,0.5393021410094784
35,T_8,C_8_4,2.59,2.85,0,0,False,-1,-6.437901132989474,0.5226222110226462
13,T_5,C_5_3,2.26,2.2,0,0,True,1,-65.07134377684028,0.4410965152248501
22,T_7,C_7_3,2.48,2.42,0,0,True,-1,-97.40379058535093,0.5297838966018038
0,T_7,C_7_3,2.56,2.5,0,0,False,1,-85.25684909598917,0.536136084474751
14,T_10,C_10_4,2.56,0.0,0,0,False,1,-41.30405654279766,0.5090038315017829
38,T_5,C_5_3,2.27,2.22,0,0,True,1,-3.944331889054159,0.49979714676416787
18,T_7,C_7_3,2.64,2.58,1,0,False,1,11.464495117365697,0.6206389709743811
41,T_4,C_4_3,0.97,2.32,0,0,False,-1,-69.22322207923357,0.4745260592313042
48,T_2,C_2_15,2.72,2.15,1,0,True,-1,39.80578073698137,0.5384946437484133
32,T_7,C_7_3,2.48,2.42,0,0,True,-1,-11.551498445125869,0.5775562070164199
36,T_6,C_6_8,2.4,2.49,1,0,False,-1,6.902402331915087,0.45898001578682746
16,T_7,C_7_3,2.59,2.54,1,0,True,1,27.450600267094327,0.4707148254426623
37,T_3,C_3_2,1.69,1.21,1,0,True,-1,16.860817570791045,0.47100600438533313
10,T_6,C_6_3,2.35,2.48,1,0,True,1,29.022101961428056,0.3944569143949127
28,T_6,C_6_3,2.26,2.39,1,0,True,-1,12.100263481081267,0.3558538147516226
45,T_8,C_8_5,2.71,3.04,0,0,False,-1,-128.7417991233856,0.536058263975041
17,T_7,C_7_3,2.8,2.75,1,0,True,1,2.1829423299610147,0.5815732350390411
25,T_9,C_9_17,2.79,2.4,0,0,False,1,-27.41080788659417,0.555585232968842
27,T_3,C_3_9,1.67,1.24,0,0,True,-1,-2.960149991857315,0.4278681929837162
2,T_8,C_8_5,2.41,2.77,0,0,False,-1,-24.329228939225786,0.46809865673171647
39,T_6,C_6_3,2.72,2.78,1,0,False,1,19.352567143683615,0.4826595529144561
42,T_7,C_7_3,2.52,2.46,1,0,False,-1,157.3855483612008,0.5634769471368407
49,T_9,C_9_17,3.05,2.7,1,0,False,1,4.5815147596720145,0.6412900357980491
30,T_5,C_5_6,2.58,2.55,1,0,True,1,76.13599322151333,0.515402446769597
15,T_7,C_7_10,3.09,3.09,0,0,True,-1,-91.47654339779983,0.6812284947131696
26,T_6,C_6_3,2.26,2.33,0,0,False,1,-70.81729235162504,0.37809902235217435
33,T_8,C_8_5,2.44,2.8,0,0,True,-1,-37.642207574015345,0.4944042062245958
8,T_4,C_4_2,1.56,2.57,1,0,True,-1,29.41737036202526,0.4690366206515972
6,T_7,C_7_10,2.51,2.51,0,0,True,-1,-19.42013050020737,0.5392403666095021
1,T_7,C_7_10,2.48,2.48,1,0,True,1,17.81688622186253,0.4944286531867564
29,T_8,C_8_5,2.36,2.73,0,0,False,1,-111.87389922223977,0.4544742820859407
22,T_7,C_7_10,2.43,2.37,1,0,True,1,73.96991862824765,0.5024116449757876
20,T_9,C_9_17,3.15,2.72,0,0,False,-1,-12.137676893552914,0.5836927745455681
9,T_9,C_9_17,2.92,2.46,0,0,False,1,-28.824165421269427,0.6333982984305403
24,T_8,C_8_5,2.47,2.82,0,0,False,-1,-118.79652601027621,0.48842263400355235
43,T_5,C_5_6,2.43,2.16,1,0,False,-1,91.19562312892145,0.4660730975853795
12,T_8,C_8_5,2.27,2.65,0,0,False,-1,-47.33585373295775,0.4413515321395217
31,T_5,C_5_6,2.53,2.5,0,0,True,1,-19.220198011161706,0.508749338353139
19,T_6,C_6_3,2.33,2.4,0,0,False,1,-38.85886337793399,0.37248675697092015
46,T_6,C_6_3,2.46,2.53,0,0,True,-1,-20.934689690312442,0.4653434385832226
23,T_6,C_6_3,2.12,2.19,1,0,False,-1,14.85510071924158,0.32914425255125235
4,T_5,C_5_6,2.48,2.22,1,0,False,1,26.255915128462256,0.5097175587138145
5,T_7,C_7_10,2.78,2.73,1,0,False,1,12.634712801377667,0.5734283791324416
32,T_7,C_7_10,2.42,2.37,1,0,True,-1,8.162185328850128,0.4895588882178543
3,T_6,C_6_3,2.13,2.21,1,0,True,1,118.76085478966858,0.40208401788659387
21,T_6,C_6_3,2.21,2.29,0,0,False,-1,-10.28125358517704,0.39215558638245596
40,T_7,C_7_10,2.63,2.58,1,0,False,-1,16.892154895686993,0.5651840603684776
37,T_3,C_3_9,1.45,1.21,1,0,True,-1,33.13634094219866,0.37928497680505163
11,T_6,C_6_3,2.73,2.79,0,0,True,1,-0.6796572928883649,0.527777718802682
25,T_10,C_10_1,2.29,0.0,0,0,False,1,-34.92833743225361,0.4599231477355843
41,T_4,C_4_4,0.76,2.23,1,0,True,-1,33.38149289629232,0.45555266177053605
35,T_8,C_8_5,2.5,2.81,0,0,True,1,-84.04297479066625,0.47195914454297044
34,T_8,C_8_5,2.55,2.85,1,0,False,-1,49.6404928241898,0.4939712898824983
28,T_6,C_6_6,2.01,2.33,0,0,True,1,-25.725857235842096,0.34470657332976185
49,T_10,C_10_1,2.6,0.0,0,0,False,1,-35.9896671477632,0.5429143698134874
27,T_3,C_3_8,1.47,1.24,0,0,True,-1,-39.711845617003256,0.4463037825805236
15,T_7,C_7_13,3.09,3.05,0,0,True,-1,-67.30983159481647,0.6369771056364467
44,T_8,C_8_5,2.7,2.99,1,0,False,1,53.11556795615783,0.5033901092676762
7,T_6,C_6_3,2.3,2.37,0,0,False,-1,-56.38601014142489,0.4046570470516385
42,T_7,C_7_10,2.47,2.41,1,0,True,1,84.02663778891079,0.5296747129659648
48,T_2,C_2_12,2.68,2.3,0,0,True,1,-56.799249215975,0.5461982566322541
36,T_6,C_6_3,2.36,2.43,0,0,True,-1,-59.342228317123045,0.4373326995147526
6,T_7,C_7_13,2.51,2.46,0,0,True,1,-3.397200938072496,0.47906625689087406
47,T_8,C_8_5,2.6,2.9,0,0,False,1,-37.08337753122673,0.5121924236653521
13,T_6,C_6_6,1.94,2.27,1,0,False,-1,62.73962362350292,0.30441143334258247
45,T_8,C_8_3,2.67,3.0,0,0,True,1,-70.56282216324088,0.576070758857679
20,T_9,C_9_3,3.11,2.72,0,0,True,1,-20.057208780220407,0.6552217189868923
9,T_10,C_10_1,2.46,0.0,1,0,False,-1,53.249034394668996,0.49089781478119443
10,T_7,C_7_13,2.42,2.36,1,0,False,-1,54.700626751356815,0.5120858249328308
38,T_6,C_6_6,1.96,2.29,1,0,False,1,42.07806551366899,0.3692751767665493
18,T_8,C_8_3,2.53,2.88,0,0,False,1,-45.621899666134986,0.47615467024174357
0,T_8,C_8_5,2.5,2.81,1,0,False,1,43.52610445836322,0.4388811434143113
2,T_8,C_8_3,2.35,2.73,1,0,True,1,28.764533481139296,0.5101566148145424
8,T_4,C_4_1,1.36,2.49,1,0,True,1,72.76962253966342,0.5699145102371888
16,T_8,C_8_3,2.49,2.84,1,0,False,1,48.846293862139724,0.49419922420574314
33,T_8,C_8_3,2.38,2.75,1,0,True,1,0.2589770531983042,0.52289887877555
40,T_7,C_7_13,2.63,2.58,1,0,True,-1,34.72201233867993,0.5409738608570276
26,T_7,C_7_13,2.32,2.27,1,0,False,-1,21.742618235273518,0.47683585917701915
17,T_8,C_8_3,2.7,3.03,0,0,False,1,-54.98959979689652,0.6436817322559121
46,T_6,C_6_6,2.23,2.51,0,0,True,1,-70.52923326518778,0.44885939970327193
23,T_6,C_6_6,1.84,2.18,0,0,True,-1,-78.23183225079826,0.2644392413546607
43,T_5,C_5_11,2.34,2.16,1,0,True,-1,27.151362071207952,0.344293394650446
39,T_7,C_7_13,2.78,2.73,1,0,False,1,34.46588331407409,0.5877864763269891
30,T_6,C_6_6,2.33,2.6,1,0,False,-1,59.80076726945178,0.43694093416737373
32,T_7,C_7_13,2.42,2.37,1,0,True,1,23.046733028722187,0.5178848709846404
37,T_3,C_3_6,1.22,1.12,0,0,True,1,-7.5183790505334365,0.41422035034671695
12,T_8,C_8_3,2.21,2.6,0,0,True,1,-99.83346775212604,0.43051194337283927
27,T_3,C_3_5,1.47,1.18,0,0,True,1,-54.624662720679446,0.5808697318212873
29,T_9,C_9_3,2.69,2.22,0,0,False,-1,-89.69321617979901,0.509153248710065
24,T_8,C_8_3,2.41,2.78,1,0,True,-1,2.312279323715447,0.5211523402457495
19,T_7,C_7_14,2.39,2.33,1,0,False,-1,13.980945396417276,0.43374751239758447
22,T_8,C_8_3,2.37,2.72,0,0,False,1,-67.53102148099678,0.4976285495383832
9,T_10,C_10_2,2.45,0.0,0,0,True,-1,-38.80580190759644,0.44806312304195395
1,T_8,C_8_3,2.43,2.79,0,0,False,-1,-12.666039528205774,0.5664869080243002
15,T_7,C_7_14,3.08,3.05,0,0,True,1,-24.91164254328119,0.5946399622773629
41,T_4,C_4_5,0.48,2.23,0,0,True,1,-53.97818760380038,0.4629492000530175
21,T_6,C_6_6,1.95,2.27,0,0,True,-1,-8.76277319654756,0.38216760823718865
31,T_6,C_6_6,2.27,2.55,0,0,False,-1,-57.433881284522386,0.4246628438844454
20,T_10,C_10_2,2.71,0.0,1,0,False,-1,11.243316182644607,0.5476536098491152
4,T_6,C_6_6,2.3,2.51,0,0,False,1,-40.861058817355456,0.4479501934612231
3,T_7,C_7_14,2.19,2.13,0,0,False,1,-33.64951933545779,0.4402844127985498
35,T_9,C_9_12,2.78,2.36,0,0,False,-1,-131.64636560640145,0.5563073080435642
34,T_8,C_8_3,2.5,2.83,0,0,True,1,-0.3127737964866313,0.546776587417678
11,T_7,C_7_14,2.78,2.73,1,0,False,1,39.90177922069833,0.5266375464051198
48,T_3,C_3_2,2.3,1.73,0,0,False,-1,-87.90973604274629,0.5099575718698608
36,T_6,C_6_6,2.14,2.42,0,0,True,1,-89.94095852125544,0.3692847835936837
7,T_6,C_6_7,1.99,2.36,0,0,True,-1,-54.69222747865703,0.37142437686989366
5,T_8,C_8_3,2.73,3.04,0,0,False,1,-78.42510419098575,0.5413315927366344
10,T_7,C_7_14,2.41,2.35,0,0,True,1,-61.812963969154104,0.41385845649214636
40,T_7,C_7_14,2.62,2.57,0,0,True,-1,-99.37747797823019,0.5427490229250524
28,T_7,C_7_14,2.32,2.26,1,0,False,-1,30.694455922993143,0.4173096720700096
26,T_7,C_7_14,2.31,2.26,0,0,True,-1,-92.05427698567428,0.42764687719418404
13,T_6,C_6_7,1.87,2.26,1,0,True,-1,37.72368477871451,0.33173354293275614
44,T_9,C_9_12,2.97,2.58,0,0,False,1,-135.6281273598589,0.6250105043278719
42,T_8,C_8_6,2.4,2.75,0,0,False,1,-26.283012450458738,0.4654501499396216
9,T_10,C_10_3,2.4,0.0,1,0,True,1,8.817049316063875,0.49472796986622675
43,T_5,C_5_13,2.34,2.09,0,0,True,-1,-33.5148901480282,0.3819049993309591
29,T_9,C_9_12,2.66,2.16,1,0,True,-1,31.70557088795801,0.5323141126322604
6,T_8,C_8_6,2.45,2.79,1,0,False,1,53.86823262548107,0.43836042701466904
47,T_9,C_9_12,2.88,2.43,0,0,False,1,-51.90190285775908,0.6323408065219195
19,T_7,C_7_4,2.35,2.33,0,0,True,-1,-46.47153614474965,0.3971913964624211
16,T_9,C_9_12,2.82,2.45,1,0,False,-1,14.093038384256225,0.5532119967588203
33,T_9,C_9_15,2.71,2.24,0,0,False,-1,-73.75921488594835,0.6004890778059423
38,T_7,C_7_14,2.28,2.22,1,0,False,1,28.358185324661196,0.3572927342247605
30,T_6,C_6_7,2.27,2.57,0,0,True,1,-41.9983949664877,0.4131246237233821
20,T_10,C_10_3,2.67,0.0,1,0,True,1,19.03553207897504,0.5125279191307093
2,T_9,C_9_12,2.7,2.21,0,0,False,-1,-124.5738264094231,0.5204273478503985
46,T_7,C_7_4,2.48,2.46,1,0,False,1,9.39914405620189,0.42585557528130014
18,T_9,C_9_12,2.86,2.4,1,0,False,-1,16.5188103598489,0.5951463258826806
8,T_5,C_5_13,2.49,2.26,0,0,False,-1,-32.636275345409295,0.45432192501195046
23,T_6,C_6_7,1.77,2.14,0,0,True,-1,-51.58467607301888,0.2996831696706185
35,T_9,C_9_15,2.77,2.31,0,0,True,1,-135.7873494425232,0.6467534314331922
0,T_9,C_9_12,2.79,2.32,0,0,False,1,-1.1568085232758634,0.5790717915876538
45,T_9,C_9_12,2.98,2.54,0,0,False,-1,-83.32709852950681,0.6535434304105261
48,T_3,C_3_5,2.07,1.73,1,0,True,1,78.9840394650582,0.7745296240401002
17,T_9,C_9_15,2.99,2.47,0,0,False,-1,-103.295496052453,0.671000057762811
37,T_4,C_4_4,1.12,2.23,1,0,False,-1,65.43708977045748,0.4350004064995507
27,T_4,C_4_4,1.18,2.29,1,0,False,1,45.965460728358636,0.4197153499338798
21,T_6,C_6_7,1.88,2.23,0,0,True,-1,-77.73885780641164,0.33037870932866603
24,T_8,C_8_6,2.4,2.74,0,0,True,1,-2.7800647814773747,0.43832226985670497
40,T_7,C_7_4,2.59,2.48,0,0,True,-1,-100.19480017221025,0.482169768966876
31,T_6,C_6_7,2.21,2.5,1,0,True,1,79.5195005776049,0.45674990888807365
26,T_7,C_7_4,2.27,2.16,1,0,True,1,82.51464620867293,0.4279644435746487
29,T_9,C_9_15,2.64,2.08,0,0,True,-1,-56.49470538275453,0.5485824437353042
7,T_6,C_6_1,1.96,2.31,1,0,True,1,34.529906464605276,0.37554613184339397
1,T_8,C_8_6,2.42,2.75,1,0,True,1,98.04559281061462,0.4605441953888686
32,T_8,C_8_6,2.36,2.55,1,0,False,1,3.4315894272665872,0.3983339665536645
39,T_8,C_8_6,2.73,3.02,0,0,False,1,-14.240004789611739,0.5032701658385632
28,T_7,C_7_4,2.28,2.16,1,0,True,-1,9.696850098062821,0.36444420712622627
47,T_10,C_10_5,2.31,0.0,0,0,False,1,-10.159557167388527,0.5227136355336126
41,T_5,C_5_13,2.23,1.94,0,0,False,-1,-34.55822625389789,0.42547947278078735
12,T_9,C_9_15,2.56,1.98,1,0,False,1,84.37204912129425,0.5680728199619387
4,T_7,C_7_4,2.47,2.36,0,0,False,-1,-52.160445223328765,0.4375112244082811
44,T_10,C_10_5,2.42,0.0,1,0,False,-1,2.3841603591436,0.5036942967940883
15,T_8,C_8_6,3.04,3.19,1,0,False,1,29.596371721402903,0.5482868400461703
22,T_9,C_9_15,2.7,2.11,1,0,False,1,43.71177957638777,0.5892341850243676
36,T_7,C_7_1,2.37,2.27,1,0,False,1,51.58735056906367,0.43739528828842705
43,T_5,C_5_4,2.29,2.07,0,0,True,-1,-26.729584440413653,0.3304882064426488
13,T_6,C_6_1,1.84,2.2,1,0,True,-1,77.17590478593111,0.33136780161823126
33,T_9,C_9_16,2.57,2.13,0,0,True,1,-29.850138991347983,0.4013130669815177
16,T_9,C_9_16,2.66,2.45,1,0,True,-1,45.60060132865365,0.3946951618273763
19,T_7,C_7_1,2.33,2.23,0,0,True,-1,-28.550520577767365,0.4558812005308448
2,T_9,C_9_16,2.54,2.19,0,0,True,1,-40.622872623526064,0.367961216405305
3,T_8,C_8_6,2.13,2.34,1,0,False,-1,82.20866108929243,0.38966094884298574
34,T_9,C_9_16,2.67,2.26,1,0,False,-1,7.822476406796866,0.43412061437696453
18,T_9,C_9_16,2.7,2.28,1,0,True,1,84.22762410256954,0.4636961642312454
17,T_9,C_9_16,2.86,2.47,0,0,True,1,-12.943720060266818,0.48986711587217735
11,T_8,C_8_6,2.73,2.9,0,0,False,1,-29.578425469592005,0.5098933511934265
44,T_10,C_10_4,2.22,0.0,1,0,True,-1,59.944674480206125,0.5328332942426051
37,T_4,C_4_3,0.71,2.18,0,0,True,-1,-26.905176090599305,0.45814949135834493
0,T_10,C_10_4,2.25,0.0,1,0,False,1,3.5686635814241967,0.4376611133207492
8,T_5,C_5_4,2.44,2.23,1,0,True,-1,38.004184131349916,0.3883892617455362
29,T_9,C_9_16,2.49,2.08,0,0,True,1,-56.432344243880515,0.45596126328511477
6,T_9,C_9_16,2.63,2.23,1,0,False,-1,61.96942206238366,0.4201481344060487
30,T_7,C_7_1,2.55,2.46,1,0,False,-1,5.623080899287649,0.478225143709161
5,T_9,C_9_16,2.89,2.51,0,0,False,-1,-11.543786673451875,0.47319516258801897
23,T_6,C_6_1,1.74,2.12,0,0,True,-1,-29.89863236662545,0.2767972426265677
40,T_7,C_7_1,2.57,2.48,0,0,True,-1,-62.34492128433568,0.47800572541686115
35,T_10,C_10_5,2.19,0.0,1,0,False,1,35.28588236082784,0.44280628666513017
42,T_9,C_9_16,2.59,2.15,1,0,False,1,8.959731101924929,0.4171199654030777
45,T_9,C_9_16,2.83,2.53,0,0,True,-1,-11.667113895723498,0.48629722144062515
21,T_6,C_6_1,1.85,2.21,1,0,True,-1,27.20462593031064,0.3017271431878762
10,T_8,C_8_1,2.26,2.55,0,0,False,-1,-10.358978061011745,0.43857225936473276
28,T_7,C_7_1,2.26,2.16,1,0,True,1,53.690967973066,0.5015354961512899
4,T_7,C_7_1,2.46,2.36,1,0,True,1,67.74644337781825,0.48145806022132015
12,T_10,C_10_4,1.98,0.0,0,0,False,-1,-3.111351956604869,0.43392485459270774
38,T_8,C_8_1,2.12,2.38,1,0,False,1,44.93127750104104,0.40722324310947366
22,T_10,C_10_4,1.87,0.0,0,0,False,-1,-2.5723338228585195,0.4826045474985541
48,T_4,C_4_2,1.73,2.43,0,0,False,1,-43.528520915812926,0.48447704556241267
33,T_10,C_10_4,2.13,0.0,1,0,False,-1,17.7919750976249,0.4544597993074462
41,T_5,C_5_4,2.17,1.16,1,0,True,1,63.92114749201917,0.39195185215322564
2,T_10,C_10_3,2.03,0.0,1,0,False,1,31.32132534969992,0.431644350553869
19,T_7,C_7_5,2.32,2.23,0,0,True,-1,-15.161536739456091,0.40349129055506927
27,T_5,C_5_4,2.24,1.93,0,0,False,-1,-34.36282523234831,0.29043239407663785
7,T_7,C_7_5,2.3,2.21,0,0,False,1,-39.02346341842124,0.4319937714410689
44,T_10,C_10_3,2.06,0.0,1,0,True,-1,28.423982304116365,0.5258927551618173
16,T_9,C_9_7,2.63,2.16,1,0,True,-1,29.317197991209365,0.5632079991519588
34,T_9,C_9_7,2.64,1.9,0,0,True,-1,-34.62322798581379,0.5893564202182338
17,T_10,C_10_3,2.04,0.0,0,0,False,1,-18.484322747438313,0.5367680534567265
31,T_7,C_7_5,2.49,2.41,0,0,False,-1,-41.58026777801714,0.4847417068698433
46,T_8,C_8_1,2.37,2.61,1,0,False,-1,59.49915287380017,0.44408961789031415
43,T_5,C_5_12,2.17,1.71,1,0,True,-1,2.27073652320591,0.42234161407174686
13,T_6,C_6_5,1.47,2.2,1,0,True,-1,64.48600203588762,0.4684182260775437
24,T_9,C_9_7,2.56,1.65,1,0,False,-1,50.601333378272116,0.5075712407238167
5,T_9,C_9_7,2.86,2.19,0,0,True,-1,-7.821839169133611,0.7053264619735524
1,T_9,C_9_7,2.57,1.88,1,0,False,1,61.30445436758251,0.5382889812301144
8,T_5,C_5_12,2.33,1.68,1,0,True,1,119.63478820563473,0.41743597472961264
42,T_10,C_10_3,1.83,0.0,0,0,False,1,-5.77954708306328,0.46846099410360553
12,T_10,C_10_3,1.79,0.0,0,0,True,1,-9.081078527596796,0.3769842907696702
29,T_10,C_10_3,1.62,0.0,1,0,False,-1,32.14952479011768,0.4210978084668512
32,T_9,C_9_7,2.51,1.81,1,0,False,-1,77.69939074378863,0.5245949198110937
39,T_9,C_9_7,2.86,2.12,1,0,False,1,92.47387539112337,0.6506202566368189
6,T_9,C_9_7,2.6,1.88,1,0,True,1,49.97780933701746,0.5480102099120363
15,T_9,C_9_7,3.16,2.15,0,0,False,1,-65.02500376124165,0.7303862571188794
18,T_10,C_10_3,1.89,0.0,1,0,False,-1,28.246871601105045,0.4910362801470214
40,T_7,C_7_5,2.57,1.68,0,0,True,-1,-16.613204695821118,0.49024408785893214
30,T_7,C_7_5,2.55,1.65,1,0,True,1,122.34514513951419,0.4334215502988187
26,T_8,C_8_1,2.16,2.42,1,0,False,-1,31.972881597629478,0.4548780649166908
36,T_8,C_8_1,2.27,2.52,0,0,False,-1,-7.481868067286463,0.4218184822148658
22,T_10,C_10_3,1.76,0.0,1,0,True,1,25.745669855700694,0.37923954902409435
37,T_4,C_4_5,0.53,2.05,0,0,True,-1,-1.4691809187481262,0.42242845016303476
45,T_9,C_9_7,2.8,2.08,1,0,True,-1,9.53081908125193,0.6020426769921127
33,T_10,C_10_3,1.82,0.0,1,0,True,-1,52.64722104663345,0.469535849961365
3,T_8,C_8_1,2.03,2.31,1,0,True,-1,21.055017331980768,0.43508069630291624
23,T_6,C_6_5,1.39,1.92,0,0,True,1,-17.796276574507477,0.43151869748556115
19,T_7,C_7_12,2.15,1.64,1,0,True,-1,59.44037103246292,0.3743045123777262
10,T_8,C_8_6,1.56,2.5,1,0,True,-1,12.787084817549598,0.4582732733088602
16,T_9,C_9_4,2.62,1.88,1,0,True,1,37.96308250407364,0.49917603222342677
44,T_10,C_10_1,1.53,0.0,1,0,True,1,13.420912740242844,0.49784984510750047
29,T_10,C_10_5,1.18,0.0,0,0,True,1,-18.807427697292766,0.4338720962927104
34,T_9,C_9_4,2.63,1.47,0,0,True,1,-108.04953934939167,0.560859102776844
21,T_6,C_6_4,1.45,2.03,1,0,True,1,7.925119541110604,0.43995999078107506
27,T_5,C_5_12,2.12,1.93,0,0,True,1,-109.22553473311933,0.4076469113160958
11,T_9,C_9_7,2.87,1.87,1,0,False,1,25.49714971148966,0.6316419121085021
31,T_7,C_7_12,2.34,1.45,1,0,True,-1,2.499012640277485,0.42780900467370975
24,T_9,C_9_4,2.55,1.36,0,0,True,-1,-66.5356608474032,0.5278276519708622
18,T_10,C_10_5,1.38,0.0,1,0,True,1,0.8354219991811362,0.4721753153940403
1,T_10,C_10_3,1.45,0.0,0,0,False,1,-33.25487833877257,0.4716977483917625
43,T_5,C_5_9,1.12,1.71,0,0,True,-1,-49.87759370721032,0.447051107781133
5,T_9,C_9_4,2.86,1.73,0,0,True,1,-112.26207646583096,0.553493175961716
39,T_10,C_10_1,1.45,0.0,1,0,False,1,45.08193420395809,0.5337823371368839
38,T_9,C_9_4,2.38,1.53,1,0,False,1,26.460090009536323,0.4130251664598633
15,T_10,C_10_5,1.37,0.0,1,0,False,1,29.39819889205778,0.6402026944072493
32,T_9,C_9_4,2.5,1.58,1,0,True,-1,13.455796610297124,0.4763200761132006
6,T_10,C_10_5,1.48,0.0,1,0,False,-1,68.99819889205773,0.46800594334138734
28,T_8,C_8_2,1.67,2.42,1,0,False,1,15.709946743060652,0.4693292561707739
4,T_8,C_8_3,1.83,2.6,1,0,False,1,28.113470901205794,0.5290859413107905
48,T_5,C_5_6,1.72,1.59,1,0,False,-1,20.30478914993746,0.5760732896738663
41,T_6,C_6_5,1.16,2.11,1,0,False,1,29.87842811841881,0.5753440828058998
13,T_6,C_6_3,1.32,2.01,1,0,True,-1,64.44078839133095,0.33668476493719823
46,T_8,C_8_3,1.58,2.61,0,0,True,1,-27.270462910937656,0.541555830113837
33,T_10,C_10_5,1.15,0.0,1,0,True,1,45.92453653099896,0.47011576614856
40,T_7,C_7_12,2.41,1.68,1,0,True,-1,62.08975322625342,0.3595813640996382
45,T_9,C_9_4,2.79,1.73,0,0,True,1,-71.23926079259793,0.5841544794989714
7,T_8,C_8_3,1.22,2.46,0,0,False,-1,-55.94910867733627,0.4638187658072108
19,T_7,C_7_7,2.13,1.45,1,0,True,-1,39.02308238319645,0.4033838822961012
16,T_10,C_10_5,1.76,0.0,0,0,False,1,-35.14597155051884,0.47239440960538004
8,T_6,C_6_3,1.45,2.36,1,0,False,-1,20.019663106212334,0.44362707006204216
34,T_10,C_10_1,1.51,0.0,0,0,False,1,-22.911175896055205,0.5360796366047642
37,T_4,C_4_2,0.44,1.26,1,0,True,1,3.4777129928336574,0.4259420407825044
11,T_10,C_10_1,1.88,0.0,0,0,False,-1,-29.708742358537606,0.4969657394088256
26,T_8,C_8_5,1.42,2.41,0,0,True,1,-34.19191183844419,0.42747439582939384
24,T_9,C_9_18,2.55,1.48,0,0,True,1,-15.921274979751397,0.49655766865949835
31,T_7,C_7_7,2.32,1.56,1,0,True,1,47.365012658462675,0.5135502870587222
36,T_8,C_8_6,1.8,2.51,0,0,True,1,-35.840343169642644,0.422108742589577
6,T_10,C_10_1,1.04,0.0,1,0,True,1,5.077596352077007,0.4747498424346933
3,T_8,C_8_3,1.19,2.29,1,0,True,-1,25.114964525547403,0.4485283906325763
5,T_10,C_10_5,1.83,0.0,0,0,False,1,-29.39726750000605,0.5545817271968999
30,T_8,C_8_6,1.65,2.7,1,0,False,1,39.77319948900999,0.4776709151530598
10,T_8,C_8_3,1.26,2.5,0,0,True,-1,-4.381943849944442,0.503590866194129
43,T_5,C_5_3,1.12,1.31,1,0,True,-1,37.28303647608142,0.5107318174522647
32,T_9,C_9_18,2.5,1.71,1,0,True,1,33.40332877512586,0.4721001293572643
38,T_10,C_10_5,1.38,0.0,0,0,False,1,-19.789175570047956,0.44512588180250345
23,T_7,C_7_7,1.9,1.73,0,0,False,1,-2.1133938289472205,0.41699553156528946
21,T_7,C_7_7,2.0,1.39,0,0,False,1,-35.150680844495824,0.4181965014498734
40,T_7,C_7_7,2.39,1.78,1,0,True,-1,43.365334410634716,0.48732407656612176
48,T_5,C_5_4,1.56,1.59,0,0,True,1,-50.53141992624272,0.47594808389353704
11,T_10,C_10_3,1.44,0.0,1,0,True,1,5.380546500435651,0.5101737574606088
45,T_10,C_10_1,1.79,0.0,0,0,False,1,-45.85392832489897,0.5558372137017706
13,T_6,C_6_4,0.99,1.79,0,0,True,1,-28.56769626755616,0.453449514212673
19,T_7,C_7_9,1.94,1.45,0,0,True,-1,-24.17368432950645,0.35613489920641495
24,T_10,C_10_1,1.37,0.0,0,0,False,1,-40.15265448482637,0.48592130826243674
27,T_6,C_6_9,1.93,2.22,0,0,False,1,-55.818690735544536,0.5308488996795779
32,T_10,C_10_1,1.39,0.0,1,0,False,-1,2.4645712025508253,0.3974001028181735
7,T_8,C_8_2,1.13,2.4,0,0,True,-1,-59.82493924918309,0.5330829321333569
41,T_7,C_7_9,1.89,1.39,1,0,False,1,8.664753087140836,0.35679605074830373
28,T_9,C_9_2,2.36,1.1,0,0,False,-1,-13.69826976028334,0.48498011473732305
8,T_6,C_6_4,1.4,2.19,1,0,True,-1,33.156367211419976,0.5479400906450966
4,T_9,C_9_2,2.55,1.61,1,0,False,1,14.469560116076352,0.5859541025309143
40,T_7,C_7_9,2.22,1.73,1,0,True,-1,38.186021000503615,0.38702172722489103
32,T_10,C_10_5,1.05,0.0,1,0,True,1,35.449599927319746,0.4037875036055386
46,T_9,C_9_2,2.55,1.59,1,0,False,1,16.48966596964393,0.5409909837897118
43,T_5,C_5_8,0.99,1.5,1,0,True,-1,76.849931235989,0.4729026623466313
19,T_7,C_7_8,1.75,1.45,0,0,True,1,-11.537165186261648,0.5224271935621307
37,T_5,C_5_12,1.15,1.0,0,0,False,1,-15.037401616068623,0.3940299152843329
3,T_8,C_8_2,1.2,2.24,0,0,True,-1,-10.140811957102722,0.48981522865474303
4,T_10,C_10_1,1.58,0.0,0,0,False,1,-20.688026975144915,0.5062525718878104
36,T_9,C_9_19,2.46,1.61,0,0,False,-1,-51.29007149844141,0.4937761234900491
26,T_9,C_9_19,2.36,1.43,0,0,False,1,-46.401371291454524,0.47076767076916803
28,T_9,C_9_19,2.36,1.15,0,0,True,1,-38.558427853782945,0.4976422779329851
10,T_8,C_8_2,1.11,2.45,0,0,True,1,-33.31954811737441,0.5157855938218922
40,T_7,C_7_8,1.12,1.73,1,0,True,1,58.437331896612775,0.5020178471945917
31,T_8,C_8_6,1.58,2.59,1,0,False,-1,1.5231252678632297,0.45604261306703253
46,T_10,C_10_1,1.57,0.0,0,0,False,1,-32.67489996526902,0.5015966233222104
30,T_9,C_9_1,2.7,1.97,1,0,False,-1,15.07102103494884,0.578676123013124
8,T_6,C_6_2,1.23,1.39,1,0,True,-1,23.804335247080594,0.6211256563451721
43,T_5,C_5_7,0.77,1.04,1,0,True,1,21.5614251946443,0.48455340596540497
13,T_7,C_7_8,1.16,1.45,1,0,False,1,20.153997559472238,0.46252437426468246
28,T_10,C_10_5,1.15,0.0,0,0,False,-1,-55.172917845135835,0.4448811854218345
26,T_10,C_10_5,1.43,0.0,0,0,False,-1,-44.64901443197056,0.43945398391945034
36,T_9,C_9_14,2.46,1.61,0,0,True,1,-15.18406907078437,0.46095538788799695
48,T_6,C_6_6,1.59,2.07,0,0,False,1,-12.652289541140862,0.47861614947088554
7,T_8,C_8_4,1.06,2.4,0,0,True,-1,-30.53455720734364,0.5266137387047245
23,T_8,C_8_2,1.73,2.22,0,0,False,-1,-22.060184252054622,0.3968742057320983
27,T_7,C_7_10,2.22,1.46,0,0,False,-1,-40.24284510265441,0.45021461270224217
28,T_10,C_10_4,0.74,0.0,0,0,True,-1,-27.838036744633552,0.4460618898775087
21,T_8,C_8_2,1.39,2.31,0,0,False,-1,-27.67468806884856,0.48388022838876943
26,T_10,C_10_3,0.9,0.0,0,0,True,-1,-14.053794849268034,0.41411269009324003
30,T_9,C_9_14,2.64,2.28,1,0,True,1,38.56649018987899,0.47796191021544004
28,T_10,C_10_1,0.52,0.0,1,0,True,-1,12.378729450446677,0.39423663558993616
41,T_8,C_8_6,1.11,2.33,1,0,False,1,65.17174295401658,0.4110399655260806
36,T_10,C_10_3,1.52,0.0,0,0,False,1,-6.862025552721121,0.4554457445687491
26,T_10,C_10_4,0.38,0.0,1,0,True,-1,0.7556534060641305,0.4608264371319136
28,T_10,C_10_2,0.24,0.0,1,0,True,-1,12.931099707281176,0.41312028729310435
3,T_8,C_8_4,0.7,2.18,0,0,True,-1,-26.63896361725075,0.46890687308902973
26,T_10,C_10_2,0.2,0.0,1,0,True,-1,0.43736113065324744,0.3989372605197372
27,T_7,C_7_7,1.54,1.36,0,0,True,1,-35.498279756312655,0.47878959163295903
30,T_10,C_10_5,2.28,0.0,0,0,False,-1,-1.989482237306877,0.43194392928450287
37,T_6,C_6_5,0.89,0.89,1,0,False,-1,34.08075006955431,0.5040009149953959
8,T_6,C_6_5,1.15,1.52,1,0,True,-1,47.6874491511318,0.5460276056679756
28,T_10,C_10_3,0.19,0.0,1,0,True,-1,28.186098529846028,0.42626467228842874
30,T_10,C_10_1,1.96,0.0,1,0,True,1,17.011305637729652,0.5339793276181438
31,T_8,C_8_3,1.45,2.54,0,0,True,-1,-26.008062063033666,0.5691302217059269
19,T_8,C_8_4,1.45,2.37,0,0,False,-1,-19.03882299125821,0.5470839425564636
26,T_10,C_10_1,0.09,0.0,1,0,True,-1,17.60678438875368,0.41106558675268423
10,T_9,C_9_8,2.39,1.29,1,0,False,1,3.066688663210165,0.5299893273515541
40,T_8,C_8_3,1.66,2.61,1,0,False,1,59.076947559482214,0.5893674790065181
23,T_8,C_8_5,1.62,2.14,0,0,True,-1,-75.27222922343775,0.37725834025300076
43,T_6,C_6_3,1.04,1.06,0,0,False,1,-29.127301687205883,0.4292365707086654
48,T_7,C_7_14,2.07,1.7,0,0,False,-1,-54.12854656429043,0.4454993614168296
7,T_8,C_8_6,0.94,2.33,0,0,True,-1,-21.291100212359137,0.41080211716631093
21,T_8,C_8_3,1.08,2.24,0,0,True,1,-70.07383042442005,0.4140812423800333
13,T_8,C_8_6,1.39,2.23,1,0,False,-1,6.266270837328928,0.41430131600644915
10,T_10,C_10_1,1.21,0.0,0,0,False,1,-23.0927859686732,0.48412236012526555
37,T_6,C_6_9,0.85,0.92,1,0,True,-1,15.031486645319088,0.5002942604131688
3,T_8,C_8_5,0.34,2.16,1,0,True,1,23.39219512286975,0.4517054862650602
8,T_6,C_6_7,0.88,1.52,1,0,True,-1,25.194439911752678,0.41538295346004384
48,T_7,C_7_7,1.98,1.54,0,0,True,1,-24.05729712726379,0.471541096375405
41,T_9,C_9_6,2.31,0.67,0,0,False,-1,-13.314913375259533,0.514673458242412
27,T_8,C_8_4,1.27,2.32,1,0,False,-1,19.900862764281612,0.5190646105450516
31,T_8,C_8_2,0.79,2.47,1,0,True,1,39.3840627642816,0.5713233765783763
19,T_8,C_8_6,1.14,2.3,1,0,True,1,39.50459609761489,0.43135124768089184
41,T_9,C_9_10,2.26,0.67,1,0,True,-1,43.640596097614946,0.48962799442419475
23,T_8,C_8_6,1.48,2.07,0,0,True,-1,-6.941749600990107,0.3329539849528509
43,T_7,C_7_8,1.06,0.99,1,0,False,1,15.811842735358987,0.4591382180565491
40,T_9,C_9_10,2.54,1.52,1,0,False,1,36.885836371629985,0.5106240135167681
37,T_6,C_6_4,0.58,0.94,1,0,True,-1,48.282644882268244,0.4953877672815404
7,T_8,C_8_5,0.78,2.26,1,0,True,-1,27.357644882268264,0.47272576759223006
13,T_8,C_8_4,0.57,2.16,1,0,True,-1,17.672308031113914,0.4671509178112242
41,T_9,C_9_9,2.24,0.67,1,0,True,1,11.559456622430048,0.47541637858027874
8,T_6,C_6_1,0.78,1.65,1,0,True,1,26.31696817921383,0.4103203569152617
21,T_9,C_9_9,2.17,1.67,0,0,False,1,-30.82299011052278,0.47021015522903636
40,T_10,C_10_3,1.52,0.0,0,0,False,-1,-43.533773721780506,0.465105061051077
40,T_10,C_10_1,1.48,0.0,0,0,True,1,-4.43196038974888,0.4938589029850575
3,T_9,C_9_5,2.06,0.7,0,0,False,-1,-3.1254235193686846,0.4172118274514994
21,T_10,C_10_1,1.62,0.0,0,0,False,1,-28.299497593442766,0.46333487625798
41,T_10,C_10_5,0.67,0.0,1,0,False,-1,13.628015634070437,0.42002243923269433
48,T_8,C_8_3,1.54,2.58,0,0,False,1,-16.618016111961246,0.5321033124520359
27,T_8,C_8_6,0.97,2.22,0,0,True,-1,-13.423317544953218,0.4138204466326053
41,T_10,C_10_1,0.16,0.0,1,0,True,1,20.31590529562215,0.41220833434375026
37,T_6,C_6_6,0.48,0.94,1,0,True,1,54.53660145854431,0.31381896307570756
23,T_8,C_8_4,0.51,2.07,1,0,True,-1,47.16458983568606,0.45837724989830997
3,T_9,C_9_8,1.91,0.87,0,0,True,1,-1.4306849597382296,0.4909825039313239
31,T_9,C_9_11,2.31,1.05,0,0,False,1,-18.370575630660547,0.43674898184395144
19,T_9,C_9_11,2.13,1.48,0,0,False,1,-7.077495713560063,0.3764841606332705
13,T_8,C_8_1,0.35,1.97,1,0,True,1,21.00348128242763,0.4075805193508151
7,T_8,C_8_1,0.05,2.01,1,0,True,-1,1.2270478263519085,0.45591031684974814
3,T_10,C_10_1,0.87,0.0,0,0,False,-1,-21.58976091507646,0.42793517711474655
31,T_10,C_10_3,1.05,0.0,0,0,False,1,-39.88786817059692,0.45324607604943995
8,T_7,C_7_8,1.65,1.0,0,0,False,1,-19.30059161959803,0.5494038542198192
43,T_8,C_8_2,0.99,2.28,1,0,False,1,20.46803675123494,0.5179452275290444
19,T_10,C_10_1,1.44,0.0,1,0,False,1,0.8741218468601275,0.4331631446292122
3,T_10,C_10_5,0.47,0.0,0,0,True,1,-5.64449650599283,0.3858106223433875
27,T_8,C_8_2,0.55,2.22,0,0,True,1,-44.95645801453453,0.4653884775554289
37,T_7,C_7_7,0.94,1.17,0,0,False,-1,-27.615951897190147,0.4283214800330327
48,T_9,C_9_11,2.45,1.83,0,0,False,-1,-64.51699901760895,0.5064222855305086
23,T_8,C_8_1,0.38,2.03,0,0,True,1,-12.65260111184983,0.38607507930608126
37,T_7,C_7_8,0.9,1.17,1,0,True,-1,12.958420493978613,0.47316204025821224
48,T_9,C_9_14,2.41,1.83,1,0,True,1,14.221358288019436,0.566302562281559
13,T_9,C_9_14,1.97,0.97,0,0,False,1,-35.60848561360739,0.4557290402358506
7,T_9,C_9_13,2.01,0.99,0,0,False,-1,-51.74530023501728,0.4233326018580961
43,T_9,C_9_14,2.28,1.2,1,0,False,-1,4.796347329511169,0.5215845015962
48,T_10,C_10_5,1.83,0.0,0,0,False,-1,-13.960251196492106,0.5336499178580753
8,T_8,C_8_6,1.0,2.32,1,0,False,-1,13.817121066281535,0.46705449607389116
37,T_7,C_7_1,0.86,1.17,1,0,True,-1,4.318685195582944,0.4652048042167992
48,T_10,C_10_1,1.33,0.0,1,0,True,-1,26.96548437575995,0.5307360563436253
13,T_10,C_10_1,0.97,0.0,1,0,False,1,26.892046875759902,0.4068248163361007
48,T_10,C_10_4,0.63,0.0,1,0,True,1,20.728112822690214,0.5102388569489699
7,T_9,C_9_18,1.94,0.94,1,0,True,1,33.01167161561426,0.4959831359799294
43,T_9,C_9_18,2.22,1.29,1,0,True,1,18.18579525069496,0.5539145766423718
27,T_9,C_9_8,2.22,2.02,0,0,False,1,-33.28097461147779,0.4349834087925366
37,T_7,C_7_9,0.85,1.17,0,0,True,-1,-10.023198439562222,0.3147201936853914
23,T_9,C_9_8,2.03,0.82,1,0,False,-1,19.60827298528715,0.4192888384223262
43,T_10,C_10_1,1.29,0.0,1,0,False,-1,9.341675474913671,0.4534003530501167
7,T_10,C_10_5,0.94,0.0,0,0,False,-1,-4.69100087363406,0.46344919970095805
43,T_10,C_10_3,0.66,0.0,1,0,True,-1,6.211415117594196,0.42848673262059217
27,T_10,C_10_3,2.02,0.0,1,0,False,-1,6.169172246306854,0.3757605774109968
7,T_10,C_10_1,0.77,0.0,1,0,True,-1,17.469016886389646,0.47461080572379566
43,T_10,C_10_5,0.42,0.0,1,0,True,1,23.024063510447597,0.4219350430675234
27,T_10,C_10_1,0.78,0.0,0,0,True,-1,-6.007082360708139,0.42378609388884186
7,T_10,C_10_3,0.37,0.0,1,0,True,-1,13.53988050223239,0.4337254503540219
37,T_7,C_7_10,0.7,1.17,1,0,True,1,37.05229001619311,0.44917129066357375
23,T_9,C_9_9,1.98,0.8,1,0,True,1,23.504882680043373,0.33467058678109174
27,T_10,C_10_5,0.84,0.0,1,0,True,-1,1.8138425215877483,0.37640440363253536
7,T_10,C_10_4,0.35,0.0,1,0,True,-1,11.976466467196703,0.4798799629207118
8,T_8,C_8_2,0.85,2.32,1,0,True,1,52.72040038562723,0.5463124059563945
27,T_10,C_10_2,0.44,0.0,0,0,True,-1,-16.778504019281367,0.38925738271036503
23,T_10,C_10_5,0.51,0.0,1,0,False,-1,11.729707020835047,0.34855292398283755
7,T_10,C_10_2,-0.14,0.0,1,0,True,-1,13.821927525729386,0.4201157553209775
27,T_10,C_10_4,0.08,0.0,1,0,True,-1,0.858380964268914,0.4195592975786911
23,T_10,C_10_3,0.44,0.0,1,0,True,-1,10.199404666532404,0.3649060463636288
23,T_10,C_10_4,0.09,0.0,1,0,True,-1,23.64931011421589,0.42379716578456167
23,T_10,C_10_2,-0.02,0.0,1,0,True,-1,23.400489731359727,0.3365006540193915
23,T_10,C_10_1,-0.33,0.0,1,0,True,1,22.70041108311911,0.33943933343072374
37,T_8,C_8_2,1.33,1.87,0,0,False,1,-6.842539279328399,0.4646586471196734
8,T_9,C_9_9,2.31,1.18,1,0,False,-1,5.615513790103419,0.404270440898854
37,T_9,C_9_18,1.83,0.47,1,0,False,1,11.220638526472364,0.5168801060922923
8,T_9,C_9_19,2.03,1.18,0,0,True,1,-36.557344903811476,0.4941547668556643
37,T_10,C_10_1,0.47,0.0,0,0,False,-1,-11.786487167688108,0.3933051665780397
37,T_10,C_10_3,0.05,0.0,1,0,True,-1,9.252124166659154,0.4119136896619825
8,T_10,C_10_1,1.02,0.0,1,0,False,1,6.984517641520396,0.4579581818554433
37,T_10,C_10_5,0.02,0.0,1,0,True,1,9.346992079148237,0.4099073799813463
