student_number,topic,arm_pulled,pay-off,pay-off_next_topic,actual_decision,skip_decision,skip_enabled,reward,confidence_score,expected_reward
1,T_1,C_1_9,5.44,5.53,0,0,False,-1,-10.0,0.5245122571705997
0,T_1,C_1_9,5.48,5.57,1,0,False,-1,632.0499500499501,0.5305286632685502
3,T_1,C_1_9,4.94,5.04,1,0,False,1,566.2604690718464,0.535447762943993
5,T_1,C_1_9,5.99,6.07,1,0,False,-1,691.6476946207484,0.6402271786080493
4,T_1,C_1_9,5.5,5.6,1,0,False,-1,46.016932211393524,0.6055236346174413
37,T_1,C_1_9,5.21,5.31,1,0,False,-1,51.00398400422222,0.47952853912665894
35,T_1,C_1_9,5.47,5.56,1,0,False,1,52.91434256995926,0.5450898857006491
10,T_1,C_1_9,5.32,5.42,1,0,False,1,48.34860551816644,0.5396674293454236
2,T_1,C_1_9,5.3,5.4,1,0,False,1,48.314740976333766,0.5445434902659204
18,T_1,C_1_9,5.62,5.71,1,0,False,-1,46.42828679306683,0.6155816383991041
6,T_1,C_1_9,5.49,5.58,1,0,False,-1,48.823705119760064,0.5733365944300552
11,T_1,C_1_9,5.99,6.08,1,0,False,1,58.26294814764849,0.5704940727097416
19,T_1,C_1_9,5.28,5.38,1,0,False,1,45.20517922334572,0.4996361823444747
36,T_1,C_1_9,5.34,5.44,1,0,False,-1,54.62151388470029,0.5513485651812567
25,T_1,C_1_9,5.34,5.44,1,0,False,-1,50.13645412374413,0.5393705865557699
48,T_1,C_1_9,5.83,5.92,1,0,False,1,50.58266926318635,0.6367850545554365
17,T_1,C_1_9,5.93,6.02,1,0,False,-1,59.83964137474011,0.5979083303573068
41,T_1,C_1_9,5.21,5.31,1,0,False,1,16.625337506959568,0.5471611705796926
40,T_1,C_1_9,5.71,5.8,0,0,False,1,-619.9741095915439,0.5650353178715556
8,T_1,C_1_9,5.66,5.75,0,0,False,-1,-603.7253533726384,0.500939595412248
23,T_1,C_1_9,4.91,5.01,0,0,False,-1,-522.2716220293548,0.45210023294167095
9,T_1,C_1_9,5.62,5.71,1,0,False,1,54.406374442469215,0.557337402882454
24,T_1,C_1_9,5.41,5.5,1,0,False,-1,21.865044251596018,0.5520398031235354
21,T_1,C_1_9,5.08,5.18,1,0,False,1,8.244388839480832,0.5628899533647239
43,T_1,C_1_9,5.4,5.49,1,0,False,1,23.492651004326902,0.49259304009766613
15,T_1,C_1_9,6.56,6.64,1,0,False,1,19.588976724287157,0.660512930272013
20,T_1,C_1_9,6.09,6.17,0,0,False,-1,-670.0078277869911,0.6277516303789286
29,T_1,C_1_9,5.22,5.32,0,0,False,1,-575.3094150885784,0.5403342653954863
34,T_1,C_1_9,5.56,5.65,0,0,False,1,-621.0435420727053,0.5762894853045396
31,T_1,C_1_9,5.59,5.68,0,0,False,1,-617.4532642949275,0.563294642951651
14,T_1,C_1_9,5.62,5.71,0,0,False,1,-623.7161611203244,0.5517099053559087
28,T_1,C_1_9,5.16,5.26,0,0,False,1,-563.5147722314355,0.5160953137429881
16,T_1,C_1_9,5.54,5.63,0,0,False,1,-618.2588198504832,0.576302280544714
7,T_1,C_1_9,5.24,5.34,0,0,False,1,-584.7042563584197,0.5544522745530305
46,T_1,C_1_9,5.51,5.61,0,0,False,-1,-610.9512398561465,0.5565419191348948
27,T_1,C_1_9,5.32,5.42,0,0,False,-1,-577.0227087393721,0.5000770498607867
44,T_1,C_1_9,5.84,5.93,0,0,False,-1,-645.3992081415776,0.5762243316181835
26,T_1,C_1_9,5.15,5.25,0,0,False,-1,-565.8689388981022,0.49958996958180124
47,T_1,C_1_9,5.66,5.75,0,0,False,1,-625.4576818779503,0.583686827685463
39,T_1,C_1_9,5.99,6.07,0,0,False,1,-671.0325084389017,0.6231957209948233
42,T_1,C_1_9,5.4,5.5,1,0,False,-1,56.03691918770638,0.57779193565568
32,T_1,C_1_9,5.32,5.42,0,0,False,-1,-586.5518345043131,0.5606353092213002
33,T_1,C_1_9,5.36,5.45,1,0,False,1,49.41018651443905,0.570453701742279
12,T_1,C_1_9,5.05,5.15,1,0,False,-1,43.80523601938955,0.5189264983699378
30,T_1,C_1_9,5.68,5.77,1,0,False,-1,52.301275623349916,0.6086794488677656
13,T_1,C_1_9,5.06,5.16,0,0,False,1,-547.2317155746796,0.48965006351484974
49,T_1,C_1_9,5.88,5.97,1,0,False,1,52.11501361435969,0.5664749673035437
45,T_1,C_1_9,5.87,5.95,1,0,False,1,57.66892063710946,0.6218053362722191
38,T_1,C_1_9,5.08,5.18,0,0,False,1,-593.6254905130688,0.5271937699505131
22,T_1,C_1_9,5.33,5.43,1,0,False,-1,54.498792051550616,0.5100555689931573
4,T_1,C_1_13,5.28,5.6,0,0,True,1,-574.9083319041617,0.5804068552039459
6,T_1,C_1_13,5.26,5.58,0,0,True,-1,-567.8552473924269,0.5139771486317426
0,T_1,C_1_13,5.26,5.57,1,0,True,1,50.05154828375382,0.5700298457253115
37,T_1,C_1_13,4.98,5.31,0,0,True,-1,-521.6514012385808,0.470921027234644
18,T_1,C_1_13,5.4,5.71,0,0,True,1,-9.801751274740415,0.5586989780244846
17,T_1,C_1_13,5.73,6.02,0,0,True,1,-593.4070254688651,0.6119039232957058
5,T_1,C_1_13,5.79,6.07,0,0,True,-1,-627.6844448835152,0.6138231333066162
36,T_1,C_1_13,5.11,5.44,1,0,True,1,25.807444127558426,0.5237390291984565
1,T_1,C_1_13,5.21,5.53,0,0,True,1,-14.80183975837809,0.5149218233026008
25,T_1,C_1_13,5.11,5.44,0,0,True,-1,-543.4890865375673,0.5309472439804543
24,T_1,C_1_13,5.18,5.5,0,0,True,-1,-555.9019741574682,0.5704942408995707
8,T_1,C_1_13,5.44,5.75,1,0,True,-1,44.529122906565654,0.5172614786549489
23,T_1,C_1_13,4.66,5.01,1,0,True,-1,44.20495017157693,0.41556507427119016
3,T_2,C_2_6,5.04,5.71,1,0,False,-1,45.21301269844436,0.5963525839294468
2,T_2,C_2_6,5.4,6.03,1,0,False,1,70.47187848899442,0.5725102134016518
35,T_2,C_2_6,5.56,6.18,1,0,False,1,65.15269224604097,0.5926100342698182
20,T_1,C_1_13,5.89,6.13,1,0,True,1,61.512358440715246,0.6522095050191226
10,T_2,C_2_6,5.42,6.04,1,0,False,1,53.419794489420795,0.6101578719278151
19,T_2,C_2_6,5.38,6.01,1,0,False,1,69.86983727420537,0.5588693939626588
11,T_2,C_2_6,6.08,6.65,0,0,False,1,-648.872428511135,0.6527921673973811
48,T_2,C_2_6,5.92,6.5,0,0,False,1,-660.8265053621192,0.7151843231592221
41,T_2,C_2_6,5.31,5.94,0,0,False,1,-582.6698129229871,0.6257081558237824
46,T_1,C_1_13,5.29,5.56,0,0,True,1,-546.4621422026878,0.5153096535516446
26,T_1,C_1_13,4.91,5.2,0,0,True,1,-514.7152548550482,0.4955777526357374
44,T_1,C_1_13,5.64,5.89,0,0,True,-1,-591.9359996283856,0.6011620996385405
42,T_1,C_1_13,5.18,5.45,0,0,True,-1,-533.4327377458134,0.5574400764130811
27,T_1,C_1_13,5.09,5.37,0,0,True,-1,-514.4681524708832,0.5273520202468741
40,T_2,C_2_6,5.8,6.39,0,0,False,1,-620.8232316880313,0.6249820304850682
32,T_1,C_1_13,5.09,5.37,1,0,True,-1,57.01071963297684,0.5430716504055461
21,T_2,C_2_6,5.18,5.83,0,0,False,1,-588.9260599329722,0.6072133506842619
9,T_2,C_2_6,5.71,6.31,0,0,False,1,-632.9650209719331,0.6258767791432045
30,T_1,C_1_13,5.46,5.72,0,0,True,-1,-602.5216072428051,0.6209130190251957
15,T_2,C_2_6,6.64,7.16,0,0,False,1,-31.70050149829143,0.7992727634844407
22,T_1,C_1_12,5.05,5.38,0,0,True,-1,-9.539927578681445,0.5240143846829846
12,T_1,C_1_13,4.8,5.1,0,0,True,-1,-33.90289054164441,0.5351915041977865
43,T_2,C_2_6,5.49,6.11,0,0,False,-1,-37.320483134236966,0.5540100059481816
34,T_2,C_2_5,5.61,6.26,1,0,False,-1,607.5853205900049,0.6149246536988809
14,T_2,C_2_6,5.71,6.31,1,0,False,1,634.2831024754023,0.6300508539677108
3,T_2,C_2_5,4.99,5.71,0,0,True,1,-176.16040779848254,0.5199437922224004
16,T_2,C_2_5,5.59,6.24,1,0,False,1,379.6748730527573,0.5745222630692821
29,T_2,C_2_5,5.27,5.96,1,0,False,-1,399.9594034394975,0.5728622120022772
37,T_1,C_1_12,4.92,5.26,1,0,True,1,378.8985798871217,0.5073946907605792
6,T_1,C_1_12,5.21,5.48,0,0,True,1,-248.7152407621058,0.5462420945295168
31,T_2,C_2_6,5.68,6.28,1,0,False,-1,432.7927367728309,0.6138606205957137
47,T_2,C_2_5,5.71,6.35,0,0,False,-1,-285.76207191429137,0.644285082594634
7,T_2,C_2_5,5.29,5.97,1,0,False,-1,387.60489146896356,0.598334549491085
28,T_2,C_2_5,5.21,5.9,0,0,False,-1,-248.1168951738705,0.5317956879781861
23,T_1,C_1_12,4.59,4.91,0,0,True,-1,-155.7334880230246,0.44268400094394533
24,T_1,C_1_12,5.13,5.41,0,0,True,1,-171.3149898545264,0.5236511198408764
8,T_1,C_1_12,5.39,5.66,1,0,True,1,451.8570122749711,0.5667306150305309
25,T_1,C_1_12,5.05,5.34,0,0,True,1,-196.3798707650157,0.5264390752035402
35,T_3,C_3_4,6.18,5.14,1,0,False,1,440.9720741919969,0.6101385185914628
5,T_1,C_1_12,5.73,5.99,1,0,True,1,457.6524953165512,0.563626672383732
39,T_2,C_2_5,6.03,6.64,1,0,False,1,491.87806609280693,0.6910579571325748
10,T_3,C_3_4,6.04,4.98,1,0,False,-1,439.7448844109751,0.6229396030899925
2,T_3,C_3_4,6.03,4.96,1,0,False,-1,442.91824207520864,0.5926195215840687
45,T_2,C_2_5,5.91,6.53,1,0,False,1,489.6522907104181,0.6333588866461255
49,T_2,C_2_5,5.93,6.54,0,0,False,1,-146.6286386325347,0.6613249892495835
13,T_2,C_2_5,5.11,5.82,0,0,False,-1,-120.44914735947661,0.4807101826418704
36,T_2,C_2_5,5.39,5.91,0,0,False,1,-102.39222738914773,0.49365213727509577
33,T_2,C_2_5,5.41,5.92,0,0,False,-1,-132.51582447546406,0.5673168152169362
19,T_3,C_3_4,6.01,4.94,0,0,False,-1,-99.47759222671134,0.5622181086616213
41,T_3,C_3_4,5.94,4.86,0,0,False,1,-121.01914735947666,0.5931352958763252
48,T_3,C_3_4,6.5,5.52,0,0,False,-1,-153.49830173184947,0.7038173526693536
11,T_3,C_3_4,6.65,5.69,1,0,False,1,526.8334811884462,0.6585616202708492
18,T_2,C_2_5,5.67,6.16,0,0,False,-1,-216.65973062973168,0.6232430972282018
27,T_1,C_1_12,5.03,5.32,0,0,True,-1,-185.9205508406269,0.45581755600679136
17,T_2,C_2_2,5.93,6.45,1,0,False,1,434.48670815730196,0.5588269874285268
0,T_2,C_2_5,5.53,6.03,1,0,False,-1,458.8117617314325,0.5836359405728274
40,T_3,C_3_5,6.25,5.39,0,0,False,1,-187.13321773486837,0.6749867617619894
34,T_2,C_2_2,5.56,6.11,1,0,True,-1,387.6961716385042,0.5640380370785084
42,T_1,C_1_12,5.12,5.4,1,0,True,1,375.22517882405583,0.5226517649053093
44,T_1,C_1_12,5.58,5.84,0,0,True,1,-225.99532561540167,0.5789803853964343
4,T_2,C_2_5,5.55,6.06,1,0,False,1,393.6657739873571,0.5666726575473098
38,T_2,C_2_5,5.14,5.68,0,0,False,1,-200.2026598112839,0.5186217473372654
9,T_3,C_3_5,6.16,5.3,1,0,False,1,409.6520271150737,0.6639905406764298
10,T_3,C_3_5,5.89,4.98,1,0,True,-1,401.14231167441085,0.6501304118763622
21,T_3,C_3_5,5.67,4.72,1,0,False,1,386.85416086651134,0.6320046320644694
29,T_2,C_2_2,5.22,5.8,0,0,True,1,-260.8391352183764,0.47214067914576296
2,T_3,C_3_5,5.87,4.96,0,0,True,1,-245.38801414214322,0.613882346695839
43,T_2,C_2_5,5.45,5.96,0,0,True,-1,-282.24900068922835,0.5173678735817135
32,T_1,C_1_12,5.03,5.32,0,0,True,1,-259.6902562946096,0.4388208204389509
30,T_1,C_1_12,5.41,5.67,1,0,True,-1,371.4494589415303,0.48574971017162594
47,T_2,C_2_2,5.66,6.2,0,0,True,1,-332.61468208035006,0.5452129398383034
15,T_3,C_3_5,7.03,6.29,0,0,False,1,-352.9804412991796,0.7837743782343007
3,T_3,C_3_5,5.55,4.56,0,0,False,-1,-275.48789636606443,0.644205923924172
31,T_2,C_2_2,5.58,5.67,0,0,True,-1,-308.3566463660644,0.5230244986109571
14,T_3,C_3_5,6.16,5.29,0,0,False,-1,-290.0698867374623,0.6544086075397877
20,T_2,C_2_2,6.09,6.59,1,0,False,-1,363.5779652131518,0.5733793795604583
12,T_1,C_1_2,4.59,4.96,1,0,True,-1,246.29646387266914,0.4637995459808557
1,T_2,C_2_2,5.43,5.99,1,0,False,-1,311.38225475738767,0.46775695853353316
22,T_1,C_1_2,4.9,5.25,0,0,True,-1,-262.1923606517787,0.47907295551001444
7,T_2,C_2_2,5.24,5.33,0,0,True,1,-227.03638655171295,0.5137127494407863
48,T_3,C_3_5,6.36,5.52,0,0,True,1,-271.25366170754546,0.7229893232062158
19,T_3,C_3_5,5.86,4.94,0,0,True,1,-204.14327493160957,0.6326696175170263
16,T_3,C_3_5,6.09,5.21,0,0,False,1,-260.4290846817218,0.6524063321480186
28,T_2,C_2_2,5.16,5.25,0,0,True,1,-218.19318580504984,0.4525296943346897
26,T_2,C_2_2,5.15,5.24,0,0,False,-1,-198.9130324077806,0.48038980929796793
46,T_2,C_2_2,5.51,5.6,1,0,False,-1,329.2981083902574,0.47889973419764176
33,T_2,C_2_2,5.35,5.45,0,0,True,-1,-190.14143289648004,0.51638415166453
41,T_4,C_4_1,4.86,5.21,1,0,False,1,283.18537777117814,0.5298515443054362
36,T_3,C_3_1,5.43,5.0,1,0,False,1,306.4165511512131,0.5741978670064247
10,T_3,C_3_1,5.41,4.98,1,0,True,-1,319.16319498091644,0.5470404514398846
34,T_2,C_2_14,5.48,5.65,0,0,True,1,-235.60593169955132,0.5442607183614955
0,T_2,C_2_14,5.4,5.57,1,0,True,1,302.87553265728144,0.5191066412182767
39,T_3,C_3_1,6.07,5.68,0,0,False,1,-209.33702761013635,0.6187495609179354
45,T_3,C_3_1,5.95,5.56,1,0,False,-1,320.69847728879887,0.6198368248878794
13,T_2,C_2_2,5.06,5.15,0,0,True,1,-136.89848445579094,0.4118955987155347
23,T_1,C_1_2,4.44,4.82,0,0,True,1,-169.36434038546687,0.34573805995413
35,T_4,C_4_1,5.14,5.47,1,0,False,1,280.591892164015,0.5034621940201346
3,T_3,C_3_1,5.03,4.56,0,0,True,-1,-195.95514448900073,0.5486893049760044
49,T_3,C_3_1,5.96,5.57,1,0,False,-1,329.2068002252004,0.5795718996062716
18,T_2,C_2_2,5.62,5.7,1,0,True,1,311.96383661531127,0.5408895165011092
14,T_3,C_3_1,5.7,5.29,1,0,True,-1,298.2955303128191,0.5523513466761827
27,T_1,C_1_2,4.89,5.24,1,0,True,-1,293.91379403555334,0.38909952357342625
9,T_4,C_4_1,5.3,5.62,0,0,False,1,-256.5615590810318,0.5654286506455293
4,T_3,C_3_1,5.59,5.1,0,0,False,1,-199.1455704056012,0.6038814819836897
38,T_3,C_3_1,5.18,4.65,0,0,False,-1,-206.877196580807,0.5140143153451175
31,T_2,C_2_14,5.51,5.53,0,0,True,1,-174.59222505879885,0.5997999508875509
37,T_2,C_2_14,5.13,5.3,1,0,False,1,298.49011295181316,0.5494434390204078
17,T_3,C_3_1,6.01,5.62,1,0,False,1,323.48629686334175,0.6297052043940071
43,T_2,C_2_14,5.32,5.35,0,0,True,1,-236.17161107409942,0.5571336286982006
20,T_2,C_2_14,6.02,6.04,0,0,True,-1,-188.8260473193682,0.6217917594754737
21,T_4,C_4_1,4.72,5.08,0,0,False,-1,-146.91664266017938,0.45425765271105667
5,T_2,C_2_14,5.92,5.94,0,0,False,-1,-287.4532401902172,0.5512178284575298
2,T_4,C_4_1,4.96,5.3,0,0,False,-1,-237.55280211713912,0.44533911132777565
29,T_3,C_3_10,5.17,4.8,1,0,False,-1,289.14265806760056,0.49577015072289143
25,T_2,C_2_14,5.26,5.29,0,0,False,1,-176.43039401810358,0.5026468422417989
40,T_4,C_4_1,5.39,5.71,1,0,False,-1,295.09011295181324,0.5601451230819071
11,T_4,C_4_1,5.69,6.0,0,0,False,-1,-244.31970440036997,0.5631543407814803
8,T_2,C_2_14,5.58,5.61,0,0,False,1,-236.41251228727097,0.5770168895012657
6,T_2,C_2_14,5.41,5.57,1,0,False,1,301.3579390387697,0.5509324541062471
24,T_2,C_2_14,5.33,5.36,0,0,False,1,-229.9809698262658,0.5570359933842437
1,T_2,C_2_14,5.36,5.38,1,0,True,1,305.8670336059297,0.5670186457883084
10,T_3,C_3_10,5.27,4.9,1,0,True,1,308.99160646362094,0.5203290328467076
30,T_1,C_1_2,5.27,5.59,1,0,True,-1,314.98558236723545,0.5047121617586835
45,T_3,C_3_10,5.82,5.49,0,0,True,1,-274.03249034181016,0.5828587666377694
26,T_2,C_2_14,5.07,5.1,0,0,True,-1,-298.1881768026562,0.48670238120092757
7,T_3,C_3_10,5.18,4.82,1,0,False,-1,268.52089906081903,0.4967219592719927
48,T_4,C_4_4,5.46,5.83,1,0,False,1,272.0033811137099,0.5374628617945933
49,T_3,C_3_10,5.83,5.51,0,0,True,1,-330.3012613101093,0.566467568423633
33,T_2,C_2_14,5.28,5.3,0,0,True,1,-300.3890315035109,0.5600136650379549
14,T_3,C_3_10,5.57,5.23,0,0,True,-1,-318.79699509850525,0.533971130178682
42,T_2,C_2_14,5.33,5.35,0,0,False,-1,-299.2274930419724,0.5954746425147053
47,T_3,C_3_10,5.61,5.28,0,0,False,1,-259.6045315081909,0.5485960930068225
15,T_4,C_4_1,6.29,6.56,1,0,False,-1,332.4810048513194,0.7037702710062717
44,T_2,C_2_14,5.77,5.8,0,0,False,-1,-345.45399168553587,0.6068821538236343
3,T_3,C_3_10,4.88,4.49,0,0,True,-1,-274.56048858933934,0.4601465826700011
16,T_4,C_4_4,5.14,5.54,1,0,False,-1,259.8985217786715,0.4849064633850443
12,T_1,C_1_3,4.58,4.95,0,0,True,-1,-244.11225020458895,0.5199622403299339
19,T_4,C_4_4,4.87,5.28,1,0,False,-1,284.5115293844988,0.4444030270206591
22,T_1,C_1_3,4.9,5.24,1,0,True,1,262.25003023628756,0.5576445790350897
38,T_3,C_3_10,5.03,4.65,1,0,True,-1,283.89643239029255,0.4952646406434367
46,T_2,C_2_14,5.44,5.46,1,0,True,1,289.3139143930167,0.5621344582793791
34,T_3,C_3_10,5.51,5.17,0,0,False,-1,-234.1114049106838,0.5172017700160204
36,T_4,C_4_4,4.93,5.34,0,0,False,1,-222.43177684644036,0.4652739864986313
28,T_3,C_3_10,5.1,4.73,1,0,False,-1,267.7155852595253,0.510471448616234
0,T_3,C_3_10,5.43,5.08,0,0,False,1,-230.8182297962818,0.5220700799706974
32,T_2,C_2_10,5.23,5.2,0,0,False,-1,-237.35240701147168,0.6041763961832562
21,T_4,C_4_4,4.64,5.08,1,0,True,-1,281.29016505329804,0.4733368662736341
29,T_3,C_3_9,5.09,4.8,1,0,True,1,276.86213536406285,0.4968510371242968
39,T_4,C_4_4,5.62,5.99,1,0,False,1,251.533771926852,0.5699852017454418
41,T_5,C_5_5,5.21,5.13,1,0,False,-1,218.4740076170876,0.48885578689107534
2,T_4,C_4_4,4.89,5.3,1,0,True,-1,268.9713002786737,0.48002077214118777
27,T_1,C_1_3,4.88,5.22,1,0,True,-1,293.8621670009887,0.5778020637164243
40,T_4,C_4_4,5.33,5.71,1,0,True,-1,288.40702648902436,0.568353758775541
4,T_4,C_4_4,5.1,5.5,1,0,False,1,294.4638107318756,0.5560719805313651
35,T_5,C_5_5,5.47,5.4,1,0,False,-1,283.62906321690417,0.47804530595380124
18,T_3,C_3_9,5.5,4.92,1,0,False,-1,196.62563367367713,0.5910640517409613
31,T_3,C_3_9,5.46,4.88,1,0,False,1,302.6039274958455,0.6183537948019548
14,T_3,C_3_9,5.5,4.92,1,0,True,1,300.54961843035306,0.580740157416593
20,T_2,C_2_10,6.0,5.98,1,0,True,1,347.29735373454514,0.7101237277117118
13,T_3,C_3_9,4.93,4.62,0,0,False,-1,-191.8249808511342,0.44182539618534017
7,T_3,C_3_9,5.11,4.48,1,0,True,1,280.94170898041597,0.5171613048770075
11,T_4,C_4_4,5.63,6.0,1,0,True,-1,285.76787608864134,0.5552128084896546
3,T_3,C_3_9,4.8,4.13,1,0,True,-1,227.5322971974512,0.4988020357340587
37,T_3,C_3_9,5.08,4.45,0,0,False,-1,-147.74077947710347,0.503837366513692
43,T_3,C_3_9,5.27,4.67,0,0,False,1,-221.18335601935027,0.5193400453851893
5,T_2,C_2_10,5.9,5.88,0,0,True,-1,-216.72330859523967,0.6204732594270905
17,T_4,C_4_4,5.56,5.93,1,0,False,1,285.17020360318827,0.5907119210368108
9,T_5,C_5_5,5.62,5.55,0,0,False,1,-261.89764173363585,0.5627057356675058
26,T_2,C_2_10,5.05,5.02,0,0,True,-1,-236.15931129521184,0.5790644291908266
25,T_3,C_3_9,5.21,4.6,1,0,False,1,209.9394081598683,0.5675586455579327
6,T_3,C_3_9,5.36,4.77,1,0,False,-1,256.6900943302661,0.5498715874741227
33,T_3,C_3_2,5.11,4.62,1,0,False,1,259.02390678328095,0.544805431491641
44,T_2,C_2_10,5.76,5.62,0,0,True,-1,-258.1997656568223,0.6588328927768584
38,T_3,C_3_9,4.95,4.3,0,0,True,1,-180.9192423659756,0.49149461153952345
21,T_4,C_4_3,4.29,5.01,1,0,True,-1,266.6825766320896,0.45629329904268756
42,T_2,C_2_10,5.31,5.16,1,0,True,-1,269.2236693705695,0.6300013851491514
49,T_4,C_4_3,5.22,5.82,1,0,False,1,255.47054060922522,0.5610362417807591
24,T_3,C_3_9,5.28,4.68,1,0,False,1,263.2829774430571,0.5599042576453682
16,T_4,C_4_3,4.83,5.48,1,0,True,-1,225.54032714452896,0.5537035318478729
41,T_5,C_5_7,5.14,5.13,1,0,True,1,313.7154467589332,0.5065424034770718
10,T_4,C_4_3,4.58,5.25,1,0,False,1,239.15282917287593,0.5234554625475349
18,T_3,C_3_2,5.38,4.92,1,0,True,-1,311.4827397642267,0.5510919375023895
34,T_3,C_3_9,5.44,4.86,1,0,True,1,252.1459888067707,0.5860672955582884
28,T_3,C_3_9,5.02,4.39,1,0,True,1,251.08198897518227,0.49794630306735416
12,T_1,C_1_14,4.4,4.87,1,0,True,1,256.1956272030521,0.3871217406225024
19,T_4,C_4_3,4.53,5.22,0,0,True,1,-184.95819233109626,0.41616786604479605
45,T_4,C_4_3,5.2,5.81,1,0,False,-1,243.88843880298552,0.5901881164994067
23,T_2,C_2_10,4.8,4.64,1,0,False,-1,227.1950492256213,0.5177839604742914
15,T_4,C_4_3,5.98,6.51,1,0,True,1,292.4937787848592,0.6771297262171604
47,T_4,C_4_3,4.97,5.6,0,0,False,1,-234.88677143180638,0.5284355121356569
8,T_3,C_3_9,5.54,4.97,1,0,False,-1,256.93322997832365,0.5167309321194197
48,T_5,C_5_5,5.83,5.76,0,0,False,1,-245.1586797037146,0.571681885283024
30,T_1,C_1_3,5.27,5.52,0,0,True,1,-229.3879332821305,0.5606178883518962
1,T_3,C_3_9,5.31,4.71,1,0,False,-1,245.94648344815565,0.5782384297258454
32,T_2,C_2_8,5.16,5.08,0,0,True,-1,-129.36915937016326,0.4667055891212696
13,T_3,C_3_2,4.8,4.27,1,0,True,-1,306.02915228525495,0.5126821602448896
40,T_4,C_4_3,5.03,5.65,1,0,True,1,386.66527701698243,0.46228976864558635
2,T_4,C_4_3,4.56,5.24,1,0,True,-1,275.57704189564464,0.4464411760470235
39,T_5,C_5_7,5.93,5.92,1,0,False,1,480.67340029017475,0.6159574422400416
20,T_3,C_3_12,5.81,5.36,0,0,False,-1,-68.68643715148151,0.5735396525857186
5,T_2,C_2_8,5.84,5.71,0,0,True,-1,-86.8585459460613,0.5315411935488703
22,T_2,C_2_8,5.17,5.02,1,0,False,-1,409.32720137179285,0.4776213617696261
36,T_5,C_5_7,5.28,5.27,1,0,False,-1,3.373214322238514,0.4848319233910061
44,T_2,C_2_8,5.69,5.56,0,0,True,-1,-223.44985089410005,0.5526831699285347
29,T_4,C_4_3,4.46,5.16,1,0,False,-1,318.0596426333338,0.46333502341376187
0,T_4,C_4_3,4.76,5.42,0,0,False,1,-123.98514804337,0.5417782875143068
6,T_3,C_3_2,5.25,4.67,1,0,True,-1,357.0123554817102,0.5735037821911061
37,T_3,C_3_2,4.96,4.45,1,0,True,1,395.8181896383415,0.5211481135195759
4,T_5,C_5_7,5.44,5.43,0,0,False,1,-91.20084093589938,0.518699258923759
26,T_2,C_2_8,4.98,4.82,1,0,True,1,393.8840013717929,0.41771845906084637
27,T_1,C_1_14,4.71,5.15,1,0,True,1,373.64525945839296,0.40504641317421985
35,T_5,C_5_7,5.41,5.4,1,0,True,-1,318.18418475278753,0.5276185061933252
43,T_4,C_4_3,4.67,5.14,0,0,False,-1,-100.83692865222633,0.4388169688409095
46,T_3,C_3_2,5.28,4.8,1,0,False,1,309.87980163590436,0.5380280206220376
14,T_4,C_4_3,4.92,5.55,0,0,False,1,-97.11608228832043,0.4754482892376586
31,T_4,C_4_3,4.88,5.34,0,0,False,-1,-94.03454270847394,0.48548171172554233
18,T_3,C_3_12,5.32,4.82,1,0,True,1,322.024983795322,0.5427983815567332
7,T_4,C_4_3,4.48,4.98,0,0,False,-1,-73.97327683333538,0.4940069704381555
3,T_3,C_3_2,4.67,4.13,1,0,True,1,353.8052446545227,0.4934843853438505
11,T_4,C_4_3,5.35,5.94,1,0,True,1,402.59045532067967,0.5582963266618572
21,T_4,C_4_5,4.18,4.81,1,0,True,-1,206.15869014044458,0.415342964674315
38,T_4,C_4_5,4.19,4.81,0,0,False,-1,-277.6577732700268,0.3832385258132076
23,T_2,C_2_8,4.73,4.44,0,0,True,-1,-188.52435052180633,0.36319467733654565
13,T_3,C_3_12,4.72,4.16,1,0,True,-1,184.95323200158538,0.396541466192719
32,T_2,C_2_18,5.07,4.89,1,0,True,-1,223.62271606351015,0.4571343285691517
41,T_6,C_6_4,5.13,5.66,1,0,False,-1,243.92313852675605,0.5162635337581032
9,T_6,C_6_4,5.55,6.04,1,0,False,-1,171.1209501929631,0.5235400424214025
49,T_5,C_5_1,5.65,5.81,0,0,False,1,-296.24155397820823,0.6051417088681738
24,T_4,C_4_5,4.58,5.15,1,0,False,1,170.8871429259803,0.4677334814910766
34,T_4,C_4_5,4.75,5.31,0,0,False,-1,-238.25462613497126,0.5122679376762667
42,T_2,C_2_8,5.24,5.09,1,0,True,1,223.44297878070657,0.5069359571997724
17,T_5,C_5_1,5.7,5.86,0,0,False,1,-272.93791066203835,0.6228728063668638
33,T_4,C_4_5,4.51,5.1,0,0,False,-1,-312.7100712098049,0.4684847374398151
45,T_4,C_4_5,5.11,5.63,0,0,True,-1,-275.8137886679424,0.511160927360122
16,T_4,C_4_5,4.73,5.29,0,0,True,1,-339.53574474387773,0.4461752790700371
8,T_3,C_3_12,5.36,4.87,1,0,True,1,193.41578141659164,0.4777940192803094
1,T_3,C_3_12,5.12,4.61,1,0,True,-1,169.9168658714873,0.5099084586320415
25,T_4,C_4_5,4.5,5.08,0,0,False,-1,-326.5753643952249,0.4436874296038129
20,T_3,C_3_7,5.71,5.36,0,0,True,1,-233.57067301097933,0.5609008893250792
36,T_5,C_5_1,5.09,5.27,1,0,True,-1,218.38046107913786,0.5346612795090835
28,T_4,C_4_5,4.28,4.89,0,0,False,-1,-215.34760268205764,0.40294197483520827
2,T_4,C_4_5,4.45,5.04,0,0,True,-1,-202.55864167261862,0.46568007714852366
10,T_5,C_5_1,5.06,5.24,1,0,False,-1,228.44385783871843,0.5806522130818219
6,T_3,C_3_7,5.07,4.67,1,0,True,1,209.43916667374575,0.5265130293116547
19,T_5,C_5_1,5.02,5.21,0,0,False,-1,-143.46372010949645,0.5151418836506569
22,T_2,C_2_18,5.08,4.9,1,0,True,-1,208.14452249543774,0.517820870801569
48,T_6,C_6_4,5.76,6.24,1,0,False,-1,213.90195216824554,0.5655834094859771
37,T_4,C_4_5,4.34,4.94,1,0,False,-1,104.28732335824722,0.42429911367388357
47,T_5,C_5_1,5.42,5.59,1,0,False,-1,209.31636664782675,0.6084585567295219
31,T_4,C_4_5,4.78,5.33,0,0,True,-1,-312.8916634205518,0.5433880336339417
29,T_4,C_4_5,4.35,4.96,1,0,True,-1,195.44845677991674,0.39720317342526573
39,T_6,C_6_4,5.92,6.38,0,0,False,1,-360.23881857335647,0.5848704706017105
12,T_2,C_2_18,4.77,4.59,1,0,False,-1,98.22701869248056,0.5001886147658808
26,T_3,C_3_7,4.7,3.98,1,0,False,-1,92.67318039129869,0.43914379834407286
40,T_5,C_5_1,5.47,5.63,0,0,False,1,-341.09409299107296,0.5106187034272494
35,T_5,C_5_1,5.22,5.4,1,0,True,1,185.13461965086233,0.5110530390197336
43,T_4,C_4_5,4.56,5.13,0,0,True,1,-311.7152381509062,0.47398825823502
44,T_2,C_2_18,5.61,5.45,1,0,True,-1,207.39341962767912,0.5451585914386958
15,T_5,C_5_1,6.36,6.5,1,0,False,1,245.2955491994394,0.6822751232847486
5,T_2,C_2_18,5.76,5.61,1,0,True,1,218.79354973279197,0.5893661515392621
0,T_5,C_5_1,5.23,5.39,1,0,False,-1,53.633544241817916,0.5221870119495007
46,T_4,C_4_2,4.43,5.25,1,0,False,-1,53.886267428988546,0.3804927297454243
4,T_6,C_6_4,5.43,5.93,1,0,False,-1,68.86326129401932,0.4619301900406364
30,T_2,C_2_18,5.44,5.1,1,0,False,-1,95.67040406721345,0.5844207905906112
21,T_4,C_4_2,3.88,4.79,1,0,True,1,61.87246374800689,0.3378453624098674
13,T_3,C_3_7,4.6,3.86,0,0,True,1,-220.03690597407166,0.4408236532459199
7,T_4,C_4_5,4.37,4.96,1,0,True,-1,88.61124401099957,0.44231356202730754
23,T_2,C_2_18,4.63,4.23,0,0,True,1,-265.7511503685247,0.41458972712011277
38,T_4,C_4_2,3.89,4.8,0,0,True,1,-288.81082902192935,0.3380828609050623
9,T_6,C_6_2,5.53,6.04,1,0,True,1,77.53598274879455,0.6085553525330327
10,T_5,C_5_10,5.05,5.23,0,0,True,1,-132.27162785780396,0.5641261768629229
36,T_5,C_5_10,5.07,5.25,0,0,True,1,-3.4265917756645186,0.5783094271138998
11,T_5,C_5_10,5.76,5.91,0,0,False,-1,-144.4305431394181,0.619220337731962
14,T_5,C_5_10,5.36,5.53,1,0,False,1,78.34666977169523,0.6009211022429578
34,T_4,C_4_2,4.49,5.3,1,0,True,-1,58.431209864043566,0.44150020206582274
2,T_4,C_4_2,4.17,5.03,0,0,True,-1,-195.1813957235863,0.3272008945569599
19,T_5,C_5_10,5.01,5.19,0,0,True,1,-98.34820101928995,0.5393463810657049
24,T_5,C_5_10,5.14,5.32,0,0,False,-1,-201.26983109773585,0.5850013620193615
32,T_2,C_2_7,5.02,4.7,1,0,True,1,78.26346366482493,0.5349563746083417
45,T_4,C_4_2,4.87,5.62,0,0,True,1,-54.855923082655366,0.46073304533417214
41,T_6,C_6_2,5.11,5.66,1,0,True,1,92.69668347599726,0.511938673466062
42,T_3,C_3_11,4.79,4.3,0,0,False,-1,-169.63250452481395,0.4713832356519333
18,T_4,C_4_2,4.56,5.36,1,0,False,-1,75.90579506058101,0.4291215693717175
33,T_4,C_4_2,4.24,5.09,1,0,True,-1,268.0097024871091,0.41912569455982
28,T_4,C_4_2,3.98,4.88,0,0,True,-1,-187.12319466538526,0.34758964134939335
8,T_4,C_4_2,4.61,5.4,1,0,False,-1,215.7373095900262,0.400068750778424
47,T_5,C_5_10,5.41,5.58,1,0,True,1,224.3022642728057,0.6047852756256462
3,T_4,C_4_2,3.69,4.64,1,0,False,-1,54.008631679451554,0.37215610605875393
27,T_2,C_2_7,5.02,4.7,1,0,False,-1,280.3086303447431,0.5128347710930652
25,T_4,C_4_2,4.22,5.07,0,0,True,-1,-158.6878522702377,0.3319905054410045
1,T_3,C_3_7,5.01,4.34,1,0,True,-1,77.00378813604297,0.5167978731296334
26,T_3,C_3_11,4.51,3.98,1,0,True,1,200.32039116102305,0.42481122087119383
20,T_4,C_4_2,5.13,5.85,1,0,False,-1,238.924950886183,0.5028469524885412
22,T_2,C_2_7,5.03,4.71,1,0,True,-1,220.344694669152,0.5324818932708112
49,T_6,C_6_2,5.8,6.28,1,0,False,1,249.5508944956867,0.6072439649106979
37,T_4,C_4_2,4.05,4.94,1,0,True,-1,212.20302172265613,0.3315008195721966
16,T_5,C_5_10,5.28,5.45,0,0,False,1,-168.26308929671706,0.5169942845260163
17,T_6,C_6_2,5.85,6.33,0,0,False,1,-168.2864151055958,0.6366942114025862
6,T_4,C_4_2,4.4,5.22,0,0,False,1,-137.99436911564328,0.41122236000006784
31,T_4,C_4_2,4.52,5.33,0,0,True,1,-111.15878353005772,0.4053852282001368
48,T_6,C_6_2,5.75,6.24,0,0,True,1,-158.94343538702344,0.5842543158489533
12,T_2,C_2_7,4.73,4.39,0,0,True,1,-91.44109449270582,0.46815689536434074
29,T_4,C_4_2,4.07,4.95,0,0,True,-1,-97.52854121878096,0.36786787550643096
0,T_5,C_5_10,5.22,5.35,1,0,True,1,341.64145590047053,0.5676904585498939
46,T_4,C_4_4,2.3,5.17,0,0,True,-1,-77.43672682165545,0.5362987564661654
11,T_5,C_5_2,5.68,5.88,1,0,True,-1,384.06445861344605,0.6792382494488092
15,T_6,C_6_5,6.46,6.93,1,0,False,1,250.4196058082637,0.7258857945437434
42,T_3,C_3_3,4.76,1.44,1,0,True,-1,151.70892265545862,0.5088169807898307
40,T_6,C_6_2,5.63,6.13,1,0,False,1,217.30117501625762,0.5580874479509451
4,T_6,C_6_2,5.41,5.93,1,0,True,1,333.7005304266564,0.5798595707697066
34,T_4,C_4_1,0.91,5.22,1,0,True,-1,189.6208188943281,0.5301847595575276
44,T_2,C_2_7,5.57,5.29,0,0,True,-1,-96.66294585755543,0.6239629673753067
35,T_6,C_6_2,5.38,5.9,1,0,False,1,220.8207901161836,0.5174848798011239
5,T_3,C_3_11,5.44,2.34,1,0,False,1,251.22465811782166,0.5048624908897632
7,T_4,C_4_2,2.18,4.88,1,0,True,1,193.9284443093585,0.4027860185783271
30,T_2,C_2_7,5.39,5.07,1,0,True,1,352.91674917703557,0.5878947700246694
13,T_4,C_4_2,3.13,4.68,0,0,False,-1,-86.54203255719516,0.34362268447018546
39,T_7,C_7_8,6.38,5.76,1,0,False,-1,379.84331255953157,0.6624515489314599
43,T_5,C_5_2,5.05,5.27,1,0,False,1,207.32856213690886,0.5915290250670642
24,T_5,C_5_2,5.06,5.28,1,0,True,-1,225.27022250774854,0.5571155765613367
23,T_3,C_3_3,4.19,2.76,1,0,False,1,168.92526364854663,0.4313274256888008
21,T_5,C_5_2,4.7,4.94,1,0,False,-1,209.47346085237325,0.4591740003858441
38,T_5,C_5_2,4.71,4.95,0,0,False,-1,-205.2138849945437,0.4466935756908367
1,T_3,C_3_3,4.79,1.83,0,0,True,1,-139.69113027386325,0.5085024205453375
18,T_4,C_4_4,2.36,5.28,0,0,True,1,-178.73656334409438,0.552367533572089
36,T_6,C_6_5,5.21,5.78,0,0,False,1,-248.7955279604135,0.5940698766349279
8,T_4,C_4_3,2.0,5.32,1,0,True,-1,75.82719907140027,0.39577957666489355
3,T_4,C_4_1,1.06,4.54,0,0,True,1,-157.29294788415254,0.49047507677978675
25,T_4,C_4_4,1.43,4.98,1,0,True,-1,28.700565662591224,0.5038252836549617
42,T_3,C_3_6,4.7,1.26,0,0,True,1,-150.88551818828816,0.4602741666684216
28,T_4,C_4_4,2.43,4.79,0,0,True,1,-193.8774591966976,0.45668923092253777
32,T_3,C_3_3,4.67,1.64,0,0,False,1,-154.3826634202576,0.48832844440467854
37,T_4,C_4_1,2.08,4.84,1,0,True,-1,77.05218821250287,0.4673167706476273
20,T_4,C_4_4,1.81,5.78,1,0,True,-1,89.96001333701,0.5789644402376009
33,T_4,C_4_4,1.64,5.0,1,0,True,1,42.67599381208686,0.5037458291490584
14,T_6,C_6_5,5.49,6.04,1,0,False,1,30.593451810626277,0.6087677218627059
19,T_6,C_6_5,5.15,5.73,0,0,False,1,-207.2230472136619,0.5180346902186799
22,T_2,C_2_16,5.01,4.62,0,0,True,-1,-251.793355633861,0.5663291853260368
41,T_7,C_7_8,5.66,4.94,1,0,False,1,2.8095772904985594,0.5928979325918527
9,T_7,C_7_8,6.04,5.38,0,0,False,1,-261.95561096314174,0.62111488621465
27,T_2,C_2_16,4.99,4.6,1,0,True,-1,72.08588331586843,0.4910006864056087
45,T_5,C_5_2,5.55,5.55,0,0,False,-1,-305.04105305663734,0.5527195614208684
2,T_5,C_5_2,4.95,4.95,0,0,False,-1,-225.32363030404102,0.5314352511999441
10,T_6,C_6_5,5.19,5.76,1,0,False,-1,167.81617264612353,0.5605594119446917
26,T_4,C_4_1,1.86,4.78,0,0,False,-1,-220.85544407844282,0.48668753416467747
11,T_5,C_5_8,5.68,5.69,1,0,True,-1,63.299651965833135,0.631746028015594
49,T_7,C_7_8,6.28,5.65,1,0,False,1,140.04820140529216,0.6435098253971607
47,T_6,C_6_5,5.54,5.59,1,0,False,1,135.04688759675813,0.6171449574923811
34,T_4,C_4_3,0.89,5.22,0,0,True,1,-159.70754087991975,0.534763376592613
44,T_2,C_2_16,5.55,5.14,0,0,True,-1,-377.36782840108253,0.5910971789977446
30,T_3,C_3_8,4.95,1.86,1,0,False,-1,301.66533021264576,0.4963022692889672
17,T_7,C_7_6,5.86,5.7,0,0,False,-1,-398.9020868861005,0.6337366051141364
46,T_4,C_4_1,1.77,5.17,0,0,True,1,-17.87622568568175,0.5221789189120747
5,T_4,C_4_4,2.25,5.67,1,0,False,-1,357.78402157466485,0.5925332974701425
16,T_6,C_6_9,5.2,5.46,0,0,False,1,-400.9283294103854,0.5182545906667091
15,T_7,C_7_6,6.5,6.35,0,0,False,1,-501.7217263409567,0.745576894208405
21,T_5,C_5_8,4.7,4.71,0,0,True,-1,-291.2315888752294,0.46431812770580577
40,T_7,C_7_6,5.64,5.47,0,0,False,1,-24.100482283148366,0.6557631716331477
35,T_7,C_7_6,5.39,5.22,1,0,False,1,405.8472210829699,0.503676240795607
12,T_3,C_3_6,4.29,1.31,0,0,False,-1,-117.43156662750141,0.3867587854518467
48,T_7,C_7_6,5.76,5.6,0,0,False,-1,-136.95696279186262,0.599432974903192
13,T_4,C_4_1,1.74,4.68,0,0,True,1,-148.10630755183539,0.42780429511476026
4,T_7,C_7_6,5.43,5.25,1,0,False,-1,443.47014257110624,0.5863853842941049
29,T_4,C_4_4,1.65,4.85,1,0,True,-1,9.814473665435724,0.47823292818805374
6,T_5,C_5_8,5.14,5.15,0,0,False,1,-103.22888963879019,0.49101623882962897
24,T_5,C_5_8,5.05,5.07,0,0,True,-1,-298.8875798892189,0.4863718401632497
0,T_6,C_6_9,5.14,5.4,0,0,False,1,-414.409538172746,0.5281625113335624
39,T_7,C_7_6,5.92,5.76,1,0,True,1,158.96953168102803,0.6529833737482451
31,T_5,C_5_8,5.24,5.25,0,0,False,-1,-341.9315888752293,0.5796490335127036
38,T_5,C_5_8,4.7,4.72,1,0,True,1,13.162223707619544,0.48859681775775465
37,T_4,C_4_3,1.39,4.72,1,0,True,1,123.53470647982665,0.4012267921563244
32,T_4,C_4_3,1.6,4.84,0,0,False,1,-199.62114560341894,0.47931452191164914
30,T_3,C_3_13,4.69,1.86,0,0,True,1,-150.02198948527564,0.3440784557152673
17,T_7,C_7_11,5.86,5.7,1,0,True,1,123.36182076480128,0.6765680146919986
26,T_4,C_4_3,1.4,4.66,0,0,True,-1,-252.75036558342254,0.44957215293768327
25,T_4,C_4_1,1.36,4.87,0,0,True,-1,-2.9681592006907183,0.47802279537606274
8,T_4,C_4_1,1.88,5.21,1,0,True,-1,46.34984020619853,0.5298035417613898
22,T_2,C_2_13,4.97,4.27,0,0,True,1,-261.4741695134048,0.46722966030930024
36,T_7,C_7_6,5.26,5.08,0,0,False,-1,-182.95355020585967,0.47421953981250725
43,T_6,C_6_9,5.05,5.32,0,0,False,1,-260.6075318830971,0.47937356674065407
2,T_5,C_5_8,4.94,4.76,1,0,True,1,140.61795968505726,0.5288528292701317
18,T_5,C_5_9,5.17,5.11,0,0,False,1,-78.41087392643826,0.4741111410136953
3,T_5,C_5_9,4.42,4.35,1,0,False,1,78.09552761256563,0.42937638165843867
19,T_7,C_7_11,5.2,5.02,1,0,False,-1,170.8256838573331,0.5505675434693035
7,T_5,C_5_8,4.87,4.88,0,0,False,-1,-47.10352419005973,0.5033627038072498
20,T_4,C_4_3,1.32,5.67,0,0,True,1,-141.34326126998945,0.5598728501241388
14,T_7,C_7_11,5.54,5.37,0,0,False,1,-321.03748042936064,0.548905689156651
23,T_4,C_4_1,2.92,4.39,1,0,False,1,118.69083550532355,0.4031707444526705
33,T_5,C_5_9,4.88,4.82,0,0,False,-1,-367.85230893952763,0.5063743954228835
10,T_6,C_6_9,4.97,5.23,0,0,True,-1,-288.01857286633543,0.5527804541768981
45,T_5,C_5_8,5.54,5.38,0,0,True,1,-255.20513582953825,0.604138988385926
11,T_5,C_5_9,5.57,5.52,0,0,True,1,-57.19513253501162,0.557355907135733
27,T_2,C_2_13,4.95,4.25,1,0,True,-1,197.44615874861054,0.4772519187735846
1,T_4,C_4_1,1.86,4.97,1,0,False,1,114.68502405216263,0.5048150903427369
42,T_4,C_4_4,1.3,4.93,0,0,False,1,-164.48125580492712,0.5056900404684432
12,T_3,C_3_13,3.91,1.23,0,0,True,-1,-96.94097076729483,0.34575263016321495
44,T_2,C_2_13,5.51,4.9,0,0,True,1,-303.446902379297,0.5349093065467696
21,T_5,C_5_9,4.57,4.51,0,0,True,1,-240.98947260366833,0.4280756206130473
41,T_8,C_8_2,4.94,5.61,0,0,False,-1,-172.7505706481571,0.4788050793794377
34,T_5,C_5_9,5.1,5.04,1,0,False,-1,197.28555720681453,0.4817701135434027
36,T_7,C_7_2,5.11,5.08,1,0,True,-1,366.98060571293956,0.5009992362011069
24,T_5,C_5_9,4.94,4.88,0,0,True,-1,-119.7722203397179,0.43569083227124367
48,T_7,C_7_11,5.76,5.6,0,0,True,1,-396.33670395263675,0.5330482069396965
5,T_4,C_4_2,1.92,5.57,0,0,True,1,-333.4529381569042,0.49745001942852135
9,T_8,C_8_2,5.38,6.0,0,0,False,1,-224.98166016932285,0.5577058993331752
49,T_8,C_8_2,5.65,6.24,0,0,False,-1,-86.83681805451542,0.5934982953548982
16,T_7,C_7_2,5.31,5.29,1,0,False,-1,250.57771315095604,0.4687694826428237
4,T_7,C_7_11,5.42,5.25,1,0,True,1,184.63401769317596,0.5433518088359791
28,T_5,C_5_9,4.66,4.6,0,0,False,-1,-290.0068175488266,0.43381772987067435
47,T_7,C_7_11,5.58,5.42,0,0,False,1,-218.82645945298574,0.6034725605563066
46,T_5,C_5_9,5.05,4.99,0,0,False,1,-135.3481160425673,0.537376972774589
29,T_4,C_4_1,1.07,4.7,1,0,True,1,148.22202129521204,0.4980120314941004
15,T_8,C_8_2,6.35,6.89,0,0,False,1,-181.06587644585002,0.6374313864842915
19,T_7,C_7_2,5.04,5.02,0,0,True,-1,-42.118938774736336,0.49891592131451806
31,T_5,C_5_9,5.13,5.07,1,0,True,-1,229.14027138016615,0.5526001340503686
26,T_4,C_4_2,0.8,4.62,0,0,True,-1,-113.45735996233424,0.3567021173800683
40,T_8,C_8_2,5.47,6.08,0,0,False,1,-379.9965406223125,0.5485368822088694
35,T_8,C_8_2,5.22,5.86,1,0,False,-1,65.98438011337721,0.5595421031009975
37,T_5,C_5_3,4.69,4.66,1,0,False,-1,117.52381617407544,0.4699799898913396
43,T_7,C_7_3,5.04,5.1,0,0,False,1,-383.7865665124525,0.4435491216253441
32,T_5,C_5_3,4.81,4.78,0,0,False,-1,-309.134836657008,0.5263902733634831
10,T_6,C_6_8,4.78,4.95,0,0,True,-1,-339.80993564521714,0.4546141909422796
38,T_6,C_6_8,4.51,4.7,1,0,False,-1,71.16730542818414,0.4846007098748223
8,T_4,C_4_5,1.7,5.18,0,0,True,-1,-281.79804644024574,0.4986821682718771
0,T_7,C_7_2,5.25,5.19,1,0,False,1,60.59673159565959,0.5230557007746116
30,T_4,C_4_2,1.86,5.2,0,0,False,-1,-241.3114166948618,0.44018367835000355
22,T_3,C_3_8,2.51,1.45,1,0,False,1,69.07316947564041,0.5114607616686697
39,T_8,C_8_2,5.76,6.34,1,0,False,-1,8.036716659188896,0.5520185933424733
12,T_3,C_3_3,2.63,1.04,0,0,True,1,-98.69175553908107,0.4292982277655103
24,T_5,C_5_3,4.91,4.88,1,0,True,1,65.56068616418237,0.5430513820541504
13,T_5,C_5_3,4.52,4.49,1,0,False,1,99.26243581100934,0.42237971046379835
7,T_5,C_5_3,4.72,4.69,1,0,True,-1,63.39654689396486,0.5255184392784342
33,T_5,C_5_3,4.85,4.82,0,0,True,-1,-359.48580361584254,0.5115139468174101
25,T_4,C_4_3,1.33,4.83,0,0,True,-1,-284.625734831571,0.4791118840115352
17,T_8,C_8_2,5.7,6.29,0,0,False,-1,-415.9122805356942,0.6125978927544997
36,T_7,C_7_3,4.98,5.05,1,0,True,1,117.89812970266689,0.45485544626412555
27,T_2,C_2_15,4.89,2.81,0,0,True,-1,-132.66724447855464,0.4406691687301848
6,T_6,C_6_8,4.96,5.13,0,0,False,1,-392.57041947909386,0.5650514081179631
34,T_5,C_5_3,5.07,5.04,1,0,True,-1,0.08630817346685049,0.5714197659116973
18,T_6,C_6_8,5.11,5.27,0,0,False,1,-198.82014538015068,0.5642078002120723
20,T_5,C_5_3,5.65,5.62,1,0,False,1,240.31431042441426,0.6134945447843431
14,T_8,C_8_2,5.37,5.99,1,0,False,1,78.84998483175741,0.5204134362143975
44,T_3,C_3_8,2.93,1.72,1,0,False,-1,14.266371668559692,0.5568684690046579
19,T_7,C_7_3,4.91,4.98,1,0,True,-1,251.4083453161076,0.42307007888137443
3,T_6,C_6_8,4.35,4.54,0,0,False,-1,-164.08159610293194,0.47908116002349926
45,T_6,C_6_8,5.38,5.43,0,0,False,-1,-211.58658225158499,0.6078809265264049
2,T_6,C_6_8,4.76,4.94,0,0,False,-1,-126.49764465316787,0.45937111328675284
28,T_5,C_5_3,4.63,4.52,1,0,True,1,162.79259834437127,0.47268616473522473
16,T_7,C_7_3,5.19,5.25,0,0,True,-1,-274.2836588936642,0.48192187669022146
23,T_5,C_5_3,4.35,4.31,1,0,False,-1,202.7112106939556,0.39101285150938125
41,T_8,C_8_4,4.9,5.61,0,0,True,1,-75.36053346573524,0.5137212911737796
42,T_5,C_5_3,4.9,4.8,1,0,False,-1,379.2102800002667,0.5277301001944164
26,T_4,C_4_4,0.74,4.58,1,0,True,1,266.20696589036237,0.47535571810171057
21,T_6,C_6_8,4.51,4.57,1,0,False,-1,49.40879909552083,0.42899434273000603
37,T_5,C_5_6,4.64,4.58,1,0,True,1,13.199515290497562,0.38957257547830926
32,T_5,C_5_6,4.77,4.7,1,0,True,1,8.944011621384849,0.40633715319038116
1,T_5,C_5_3,4.94,4.83,1,0,False,1,5.924518159066032,0.49950692866577506
5,T_5,C_5_6,5.5,5.45,0,0,False,1,-5.304153822244043,0.5649209766611757
31,T_5,C_5_3,5.1,5.0,1,0,True,-1,10.981852970822864,0.5781310796212786
49,T_8,C_8_4,5.61,6.24,1,0,True,1,427.2202884356319,0.5838549137515949
11,T_6,C_6_8,5.52,5.57,1,0,False,-1,429.84834970536076,0.5054417141097394
4,T_8,C_8_4,5.21,5.89,0,0,False,-1,-243.17874864455328,0.49609875089334426
8,T_4,C_4_4,1.12,5.14,1,0,True,-1,122.52374243073805,0.5147129345182538
9,T_9,C_9_1,6.0,5.12,0,0,False,1,-57.710146361678696,0.6162375523913595
10,T_6,C_6_3,4.7,4.84,1,0,True,1,127.83429319384393,0.46421099423485584
40,T_9,C_9_1,6.08,5.22,1,0,False,1,266.8942253115086,0.5799761753934289
15,T_9,C_9_1,6.89,6.14,1,0,False,-1,188.898429176262,0.7342453888693148
16,T_7,C_7_10,5.08,5.07,1,0,True,1,246.51687182684935,0.4904429800416787
46,T_6,C_6_3,4.92,5.05,1,0,False,1,102.13422683684328,0.4607009279384796
19,T_7,C_7_10,4.8,4.79,1,0,True,-1,12.268036876820737,0.4312826782528788
38,T_6,C_6_3,4.43,4.58,0,0,True,1,-217.0492665728404,0.4612288918627658
34,T_5,C_5_6,5.03,4.97,1,0,True,-1,258.97332880524607,0.46266535122359254
43,T_8,C_8_4,5.1,5.79,0,0,False,-1,-109.66996163327913,0.4912522190745702
7,T_5,C_5_6,4.67,4.61,0,0,True,-1,-201.45881942377952,0.4110346275237281
44,T_3,C_3_2,2.69,1.57,0,0,True,-1,-28.841666333403275,0.5658067256700912
12,T_4,C_4_1,1.05,4.27,0,0,False,1,-31.304830054332548,0.4605206836674331
47,T_8,C_8_4,5.38,6.04,0,0,False,-1,-281.8215109287497,0.5456753780966381
33,T_5,C_5_6,4.81,4.74,1,0,True,1,122.7080788788392,0.42273253616309414
39,T_8,C_8_4,5.72,6.34,1,0,True,1,284.5923136437434,0.5822908963305462
35,T_8,C_8_4,5.18,5.86,0,0,True,1,-254.17675661268075,0.49046574294985545
22,T_4,C_4_3,1.42,4.78,1,0,False,-1,171.4558601170452,0.42650455031435347
48,T_8,C_8_4,5.56,6.2,0,0,False,1,-317.862015576824,0.5370209163207245
30,T_4,C_4_1,1.8,5.16,0,0,True,-1,-192.62859179686146,0.5232334008642802
27,T_2,C_2_12,4.8,2.81,1,0,True,-1,58.13859099829922,0.4262869699459079
29,T_5,C_5_6,4.66,4.59,1,0,False,1,126.57019233120286,0.37877487618395367
0,T_8,C_8_4,5.19,5.87,0,0,False,1,-164.14395303727935,0.5438770370708736
45,T_6,C_6_3,5.31,5.43,1,0,True,1,36.229359243101044,0.5250915062460652
23,T_5,C_5_6,4.3,4.23,1,0,True,-1,238.33645264124164,0.3403751778784889
17,T_8,C_8_4,5.66,6.14,0,0,True,1,-69.67157627642254,0.5581861329273443
42,T_5,C_5_6,4.86,4.32,1,0,True,1,409.66018663175277,0.47987302613355975
6,T_7,C_7_10,5.02,5.01,0,0,False,-1,-379.78284544572335,0.42831052139338216
24,T_6,C_6_3,4.8,4.94,1,0,False,-1,303.2394670580177,0.4853775002624059
19,T_7,C_7_13,4.79,4.79,1,0,True,1,175.2516934343522,0.44787865701959695
21,T_6,C_6_3,4.43,4.57,1,0,True,1,224.91813097730093,0.4384055264231376
13,T_6,C_6_3,4.4,4.55,0,0,False,-1,-53.86098231544243,0.3972341427328161
2,T_6,C_6_3,4.68,4.82,1,0,True,1,62.438860923077414,0.411080032415183
11,T_6,C_6_3,5.45,5.57,0,0,True,-1,-287.9830794415468,0.5208272086122105
36,T_8,C_8_4,5.05,5.58,1,0,False,1,478.1029965040688,0.47027191965790827
3,T_6,C_6_3,4.26,4.41,1,0,True,-1,14.795002613446925,0.43255494786855964
28,T_6,C_6_3,4.52,4.66,0,0,False,1,-304.52612151274445,0.4886620194733427
15,T_9,C_9_17,6.76,6.14,1,0,True,1,257.24976055629946,0.7324703705583147
9,T_10,C_10_4,5.12,0.0,1,0,False,1,5.522957768096667,0.5423063920978037
25,T_5,C_5_6,4.79,4.25,1,0,False,-1,14.614075115079885,0.4061113662246148
40,T_10,C_10_4,5.22,0.0,1,0,False,-1,226.3163992366639,0.49727846917300517
41,T_9,C_9_17,5.45,4.66,0,0,False,1,-65.44814428918201,0.5981271180280843
20,T_6,C_6_3,5.56,5.67,1,0,False,-1,267.7331913555195,0.5479413439486638
31,T_5,C_5_11,4.89,4.55,1,0,True,-1,412.741710737017,0.4671115394641306
14,T_9,C_9_17,5.84,5.11,1,0,False,-1,105.37993177632129,0.637862070977757
44,T_3,C_3_13,2.55,1.49,0,0,True,-1,-26.6886097061188,0.4133947335820909
18,T_7,C_7_10,5.16,5.16,1,0,False,1,29.22745279711171,0.522945408453205
26,T_5,C_5_11,4.39,4.0,0,0,False,1,-55.950100647157754,0.43986865038886147
34,T_5,C_5_11,4.87,4.52,0,0,True,1,-66.21900089621384,0.4547156122483725
37,T_6,C_6_6,4.08,4.72,1,0,False,-1,220.13140840676598,0.3861315396550854
1,T_6,C_6_6,4.36,4.96,1,0,False,1,153.03395692328274,0.4338824389279898
4,T_8,C_8_5,5.03,5.73,1,0,True,-1,259.6239938355219,0.5234086167923676
49,T_9,C_9_17,6.1,5.4,0,0,False,1,-212.49981296187707,0.6418613642211317
6,T_7,C_7_13,5.02,5.01,1,0,True,1,75.4697988628122,0.4976242316237821
10,T_7,C_7_13,4.83,4.83,0,0,False,1,-165.82951148657258,0.4984707491564049
32,T_6,C_6_6,4.22,4.84,0,0,False,1,-152.59872080817343,0.44442203703999383
46,T_7,C_7_13,5.05,5.05,0,0,False,1,-185.27015902556985,0.5137654270797892
7,T_5,C_5_11,4.49,4.11,1,0,True,1,180.39446449960928,0.438992309086333
5,T_6,C_6_6,5.03,5.54,0,0,False,1,-184.7043664553245,0.49885427953212325
8,T_5,C_5_11,4.98,4.64,0,0,False,-1,-167.9577988502673,0.44234945651724544
23,T_5,C_5_11,4.11,3.69,0,0,True,1,-119.72439415547348,0.38576615753910193
43,T_8,C_8_5,4.92,5.54,0,0,True,-1,-216.56685734680454,0.5112615185748013
15,T_10,C_10_1,5.97,0.0,1,0,False,-1,93.38393007248878,0.5974850182757017
30,T_4,C_4_3,1.29,5.0,0,0,True,1,-46.74595901942298,0.4943059974981937
27,T_2,C_2_4,4.78,2.56,1,0,True,-1,210.31763500056044,0.41838320004672724
40,T_10,C_10_1,5.02,0.0,1,0,True,-1,60.25421203927607,0.4792105689042465
38,T_7,C_7_13,4.57,4.57,0,0,False,-1,-192.99886632437924,0.4562457714163679
16,T_8,C_8_5,5.07,5.68,1,0,False,1,71.96321012479066,0.43762426728911186
47,T_8,C_8_5,5.21,5.8,1,0,True,1,112.57265492376963,0.5041222902919584
22,T_4,C_4_1,0.96,4.6,0,0,True,-1,-71.44161119333612,0.5172249078436291
33,T_6,C_6_6,4.26,4.85,0,0,False,-1,-198.54812406008597,0.40816658501922437
48,T_9,C_9_3,5.97,5.15,0,0,False,-1,-325.7668937457231,0.5469513643336765
44,T_3,C_3_6,2.44,1.49,0,0,True,1,-97.93081581544199,0.4960588193754233
14,T_9,C_9_3,5.76,4.91,0,0,True,-1,-253.09456300871662,0.539063267822399
15,T_10,C_10_2,5.96,0.0,1,0,True,1,59.14795521266689,0.6914660095525859
11,T_6,C_6_6,5.04,5.55,0,0,True,-1,-185.27479014496518,0.5393227665579712
40,T_10,C_10_2,5.0,0.0,1,0,True,-1,180.14709011729383,0.5333347762051703
19,T_8,C_8_5,4.79,5.43,1,0,False,-1,231.45263108326688,0.49124563667007426
31,T_5,C_5_13,4.89,4.43,0,0,True,-1,-181.57970454500835,0.49936086207431396
45,T_7,C_7_14,5.41,5.33,0,0,False,-1,-248.10426230565983,0.5115552842976994
21,T_7,C_7_14,4.55,4.45,1,0,False,1,127.020648703646,0.43528872269140434
13,T_6,C_6_6,3.88,4.53,0,0,True,-1,-125.91701294897496,0.35748518516901573
36,T_9,C_9_3,5.49,4.58,0,0,False,1,-145.20268810253737,0.4855993177874102
42,T_6,C_6_6,4.32,4.91,0,0,False,1,-159.0068338825478,0.47360962668298934
24,T_6,C_6_6,4.33,4.91,1,0,True,-1,169.73811999760474,0.5064578168794855
2,T_7,C_7_14,4.8,4.71,1,0,False,1,216.55996163909077,0.48774178936454504
25,T_5,C_5_11,4.61,4.12,1,0,True,-1,112.96373342153737,0.43596513018895705
20,T_6,C_6_6,5.15,5.65,1,0,True,1,207.5518150129594,0.5663521078102124
0,T_9,C_9_3,5.62,4.75,0,0,False,-1,-266.92639662352207,0.4606225296862101
39,T_9,C_9_3,6.12,5.33,1,0,False,1,99.52048040369637,0.5952210929186244
28,T_7,C_7_14,4.63,4.54,1,0,False,1,120.0560097152844,0.5081990891692614
3,T_6,C_6_6,3.72,4.39,0,0,True,1,-186.6583902321752,0.39449040863030294
17,T_9,C_9_3,6.06,5.26,0,0,False,-1,-253.2692944503709,0.6213009777936196
35,T_9,C_9_3,5.61,4.74,0,0,False,-1,-264.29105243208204,0.47303901422396644
49,T_10,C_10_1,5.21,0.0,1,0,False,1,69.20164929652097,0.5693977046181633
29,T_6,C_6_6,4.09,4.71,0,0,False,-1,-176.94413572338155,0.4330155152407523
12,T_5,C_5_11,4.27,3.87,0,0,False,1,-127.4351130276342,0.3685296623573556
41,T_10,C_10_1,4.43,0.0,0,0,False,1,-92.67837995894128,0.40961197694068
37,T_6,C_6_7,3.94,4.69,0,0,True,1,-171.55955141834164,0.3933000898186592
8,T_5,C_5_13,4.98,4.52,1,0,True,-1,356.06279950622144,0.4654963326016881
4,T_8,C_8_3,4.93,5.6,1,0,True,1,391.9864265145171,0.5040730168580241
27,T_2,C_2_20,4.68,2.56,0,0,True,-1,-135.85441350681904,0.4093487022168717
38,T_7,C_7_14,4.55,4.46,1,0,True,1,273.8624249743862,0.4547662337264091
22,T_4,C_4_4,0.83,4.5,1,0,True,-1,52.07322824308185,0.5116614177624129
7,T_6,C_6_7,3.98,4.65,0,0,False,-1,-21.731669444312445,0.39697927469326527
5,T_7,C_7_4,5.48,5.47,0,0,False,-1,-41.36578104484343,0.45138620388121875
31,T_5,C_5_4,4.79,4.43,1,0,True,1,372.8460487504363,0.48755396425871966
0,T_9,C_9_12,5.58,4.64,0,0,True,1,-141.10000856680765,0.5610792364443863
48,T_9,C_9_12,5.93,5.05,0,0,True,1,-30.622305919712215,0.5653975445592921
39,T_10,C_10_3,5.22,0.0,0,0,False,1,-206.4949728881859,0.5407574164050788
36,T_10,C_10_3,4.47,0.0,0,0,False,1,-4.227874398932265,0.41120905184622325
14,T_9,C_9_12,5.71,4.8,0,0,True,1,-301.2219374115625,0.5350417777741436
43,T_8,C_8_3,4.82,5.5,0,0,True,1,-19.988307329979754,0.43074598104726947
1,T_7,C_7_14,4.94,4.86,1,0,False,-1,339.2092680394839,0.5582279373311813
23,T_6,C_6_7,3.54,4.27,1,0,False,-1,303.7423042503257,0.30501536043358113
46,T_8,C_8_3,4.94,5.61,0,0,False,1,-20.875369760712616,0.47936281550409143
26,T_6,C_6_7,3.87,4.55,1,0,False,1,49.4305876708289,0.3624379743991122
30,T_5,C_5_4,4.9,4.54,1,0,False,-1,386.85530800969565,0.4534702641164995
10,T_8,C_8_3,4.72,5.42,0,0,False,1,-6.828319744533907,0.4902491853193259
11,T_6,C_6_7,4.93,5.49,1,0,True,-1,432.85036973809076,0.47362266408171594
34,T_6,C_6_7,4.4,5.01,0,0,False,1,-267.8848672047677,0.4365393658667991
6,T_8,C_8_3,4.91,5.58,0,0,False,1,-59.310053490663854,0.5046962369298587
18,T_8,C_8_3,5.06,5.71,0,0,False,-1,-294.91594240675636,0.5158322432357533
45,T_7,C_7_4,5.34,5.33,0,0,True,-1,-33.447416761331,0.4463497003071338
40,T_10,C_10_3,4.91,0.0,1,0,True,1,142.19992184939298,0.5091006706049125
33,T_6,C_6_7,4.13,4.78,1,0,True,1,297.7744228420491,0.4607741647043685
32,T_7,C_7_14,4.82,4.73,0,0,False,1,-254.5498877221216,0.48427710325612805
25,T_5,C_5_4,4.51,4.06,0,0,True,1,-119.29560494578307,0.39877131796425125
44,T_4,C_4_3,1.37,5.09,0,0,False,1,-19.87231229770462,0.5609116738657903
19,T_8,C_8_3,4.68,5.39,1,0,True,-1,207.74300258344192,0.4593834464819112
2,T_8,C_8_3,4.71,5.37,0,0,False,1,-170.14498512291084,0.41793888254194084
8,T_5,C_5_4,4.88,4.47,1,0,True,-1,146.26382802054252,0.39885947105918274
16,T_9,C_9_12,5.64,4.71,0,0,False,-1,-273.06761582270656,0.540651638483709
35,T_9,C_9_12,5.57,4.62,1,0,True,-1,84.04068157564593,0.5441989479560942
3,T_7,C_7_1,4.26,4.27,0,0,False,-1,-194.26088206501336,0.4569439250035053
20,T_7,C_7_1,5.56,5.56,0,0,False,-1,-200.46234280755718,0.5921400274299661
48,T_10,C_10_5,4.83,0.0,0,0,False,1,-264.7095818603291,0.46135879570747773
13,T_6,C_6_7,3.74,4.45,1,0,True,1,130.63711892208318,0.32138172572762036
22,T_4,C_4_2,0.28,4.25,1,0,True,-1,144.78688664991947,0.35785779176677607
1,T_7,C_7_1,4.83,4.84,1,0,True,1,140.80675874871255,0.5318935699601959
14,T_10,C_10_5,4.57,0.0,0,0,False,-1,-172.24166452527186,0.37110413764281547
17,T_9,C_9_12,6.02,5.16,1,0,True,1,125.66414594911045,0.6037025327313588
24,T_6,C_6_7,4.2,4.84,0,0,True,1,-105.9429994936705,0.422343609791267
21,T_8,C_8_3,4.45,5.14,1,0,False,-1,121.09536435934184,0.4444885817928508
47,T_9,C_9_12,5.76,4.85,1,0,False,1,73.43467796604145,0.5640564892016724
27,T_2,C_2_9,4.63,2.56,0,0,True,1,-65.74526232594596,0.4213011422883688
5,T_7,C_7_1,5.45,5.45,0,0,True,-1,-273.2767067759078,0.5888827229328141
42,T_7,C_7_4,4.83,4.8,0,0,False,-1,-157.80098767611966,0.43040555086955756
29,T_6,C_6_7,3.96,4.59,0,0,True,-1,-165.36609830369022,0.37118870176272634
0,T_10,C_10_5,4.4,0.0,0,0,False,1,-39.4355440161401,0.41220678667011423
7,T_6,C_6_1,3.92,4.61,1,0,True,1,111.49221329416707,0.41662221784327014
28,T_8,C_8_3,4.54,5.22,0,0,False,-1,-15.341255024515357,0.45152612771584
37,T_7,C_7_1,4.58,4.59,1,0,False,-1,8.807655387106783,0.4913499413813679
30,T_5,C_5_12,4.67,4.49,1,0,True,-1,118.45246380513049,0.4449658281094196
3,T_7,C_7_5,4.25,4.27,0,0,True,-1,-248.76937343453247,0.44205810220858965
23,T_6,C_6_1,3.47,4.23,1,0,True,-1,338.1197266238838,0.27362992780231465
16,T_9,C_9_15,5.6,3.28,0,0,True,1,-337.1144064144967,0.5551122002259943
12,T_6,C_6_1,3.66,4.39,0,0,False,1,-179.69354536690798,0.351945730145416
11,T_6,C_6_1,4.89,5.44,1,0,True,-1,3.1479614471572237,0.483409631433119
4,T_9,C_9_15,5.56,4.43,1,0,False,1,371.19639306596036,0.5867151839388924
14,T_10,C_10_3,3.11,0.0,0,0,True,-1,-149.14835995867227,0.4529708206272256
8,T_5,C_5_12,4.65,4.47,0,0,True,1,-228.99963659242718,0.5122268752017448
38,T_8,C_8_6,4.44,5.15,1,0,False,1,195.39864379373478,0.4680801326582162
35,T_9,C_9_15,5.53,3.06,0,0,True,-1,-282.3186237476405,0.5121688845182847
45,T_7,C_7_1,5.31,5.32,1,0,True,1,34.96518431227622,0.5572769695099444
31,T_6,C_6_1,4.38,4.99,0,0,False,1,-6.9828908937792615,0.42415558007904197
18,T_8,C_8_6,5.04,5.68,1,0,True,1,89.95948254112568,0.5434927987223341
34,T_7,C_7_5,4.96,4.98,1,0,False,1,50.38023389493629,0.5149014293181291
26,T_7,C_7_5,4.5,4.52,1,0,False,1,73.67122597449618,0.49693949125411707
20,T_7,C_7_5,5.55,5.56,1,0,True,-1,123.31986330318507,0.5126074851841422
43,T_9,C_9_15,5.46,2.92,0,0,False,-1,-10.824995070815053,0.5731871959960888
17,T_10,C_10_3,2.82,0.0,0,0,False,-1,-53.360743055780524,0.5408322452743457
47,T_10,C_10_3,2.94,0.0,0,0,False,1,-71.83372806800111,0.5047792729709352
33,T_7,C_7_5,4.73,4.75,1,0,False,-1,63.117885435264085,0.49703172999196016
5,T_7,C_7_5,5.44,5.45,1,0,True,-1,84.75588844891902,0.5576872599859114
32,T_8,C_8_6,4.71,5.1,0,0,False,-1,-289.92668019080986,0.482601933055453
3,T_7,C_7_12,3.87,4.05,0,0,True,1,-47.75494995263793,0.393257749995897
22,T_4,C_4_5,0.26,2.48,1,0,True,-1,110.24463908611303,0.45617008755969257
46,T_9,C_9_15,5.57,2.93,1,0,False,-1,19.974518391837325,0.5425271676660091
42,T_7,C_7_5,4.79,4.8,1,0,True,1,209.8553215786953,0.5059700385721224
44,T_5,C_5_12,4.88,2.62,0,0,False,-1,-276.6269171576349,0.49942164062067584
25,T_6,C_6_1,4.06,4.38,0,0,False,1,-308.11269914815597,0.39630243169232693
19,T_8,C_8_6,4.67,5.05,1,0,True,1,271.599535228547,0.441051685051873
6,T_9,C_9_15,5.55,2.92,0,0,False,1,-11.063554184010325,0.5741299490383199
37,T_7,C_7_5,4.57,4.38,0,0,True,1,-5.211303988448779,0.4687703216087425
10,T_9,C_9_15,5.38,2.75,1,0,False,-1,36.1494142871377,0.5584279511356702
14,T_10,C_10_4,2.27,0.0,0,0,True,-1,-124.2548792429435,0.512323752895308
13,T_7,C_7_12,4.03,4.2,0,0,False,1,-17.306227540982817,0.36085247958513444
27,T_3,C_3_5,2.56,1.6,1,0,False,1,70.9411876769082,0.6271751693854553
2,T_9,C_9_16,5.07,2.65,0,0,False,-1,-26.29736229275607,0.42740274630057074
30,T_5,C_5_7,2.89,3.4,0,0,True,-1,-0.016924765963121757,0.5234666161101073
29,T_6,C_6_1,3.9,4.23,0,0,True,1,-21.082745134715104,0.3878123631126006
16,T_10,C_10_3,3.48,0.0,0,0,False,1,-133.10858685388035,0.41697332602521087
4,T_10,C_10_3,2.31,0.0,0,0,False,1,-40.71450302940133,0.46504447284220674
21,T_8,C_8_6,4.43,4.84,1,0,True,-1,307.13386922799714,0.45224377344845157
17,T_10,C_10_5,2.5,0.0,0,0,True,-1,-7.542710256694839,0.5118047253683463
1,T_8,C_8_6,4.84,5.21,1,0,False,1,221.33967975569033,0.49902003155382596
20,T_7,C_7_12,5.26,5.4,1,0,True,-1,205.4899039873481,0.504234401536155
46,T_9,C_9_16,5.29,2.34,1,0,True,1,129.10025334665187,0.49824803458910316
33,T_7,C_7_12,4.39,4.56,0,0,True,-1,-135.34910577803794,0.43467940650089254
23,T_6,C_6_2,2.95,3.84,1,0,True,-1,8.21368784560553,0.3979619564270493
35,T_9,C_9_16,5.25,2.35,1,0,True,1,89.33839627656053,0.4584644808919119
5,T_7,C_7_12,5.15,5.29,1,0,True,1,130.89326180042258,0.4923567813886752
28,T_8,C_8_6,4.52,4.92,1,0,True,1,150.62757241148392,0.5052268654109033
12,T_7,C_7_7,3.97,4.19,0,0,False,-1,-198.11554563377186,0.37347717238098804
7,T_7,C_7_12,4.25,4.42,0,0,False,-1,-63.84620645856333,0.42303914091520745
43,T_9,C_9_16,5.17,2.69,1,0,True,1,105.59769543433073,0.4321714079646894
24,T_7,C_7_12,4.46,4.62,1,0,False,1,328.91348030637073,0.45177359950635093
11,T_6,C_6_5,3.1,5.12,1,0,True,1,231.64231905187785,0.6513252038558597
44,T_5,C_5_4,2.27,2.62,0,0,True,1,-18.771534137520717,0.49134802391747556
6,T_10,C_10_3,2.53,0.0,0,0,False,1,-115.30208300306539,0.4771275481955418
14,T_10,C_10_2,2.22,0.0,1,0,True,1,56.63440395961108,0.5499063054458406
10,T_9,C_9_16,5.09,2.53,0,0,True,-1,-161.05426450393756,0.46700496495288074
38,T_9,C_9_16,4.84,2.88,1,0,False,1,24.42042434064348,0.41511152094081705
2,T_9,C_9_7,5.0,2.2,1,0,True,1,112.45588110456546,0.4819323792140108
20,T_7,C_7_7,5.23,5.4,1,0,True,-1,162.01419163519458,0.44646072615295707
33,T_7,C_7_7,4.36,4.56,0,0,True,-1,-157.35777917036802,0.3745061546092002
34,T_8,C_8_1,4.79,5.28,0,0,False,1,-164.11630458268655,0.4803888984775539
25,T_7,C_7_7,4.34,4.54,0,0,False,1,-155.33105956411947,0.4231326328795981
17,T_10,C_10_2,2.12,0.0,1,0,True,-1,15.142259416136547,0.5521826678405304
22,T_5,C_5_7,2.36,2.27,0,0,False,1,-42.11444048551333,0.49706350543643707
45,T_8,C_8_1,5.15,5.6,1,0,False,1,72.04948812710559,0.50988097034389
32,T_8,C_8_1,4.52,5.02,1,0,True,1,125.28397788591657,0.39476635940058624
31,T_7,C_7_7,4.64,4.82,1,0,False,-1,61.11833178649647,0.452504260085877
30,T_5,C_5_5,2.86,3.3,0,0,True,-1,-61.909978295648784,0.5746298531331339
8,T_6,C_6_5,3.16,4.72,1,0,False,-1,12.602189729726078,0.5353518076485826
3,T_8,C_8_1,4.05,4.61,0,0,False,-1,-123.42725772080152,0.3907005871618874
35,T_10,C_10_2,2.34,0.0,0,0,False,1,-113.64903191435063,0.45954945551007875
46,T_10,C_10_2,2.31,0.0,0,0,False,1,-106.36481472618169,0.48820970813041853
26,T_8,C_8_1,4.31,4.84,1,0,False,-1,111.49021705402743,0.399587300844213
18,T_9,C_9_7,5.33,2.53,1,0,False,1,102.47971395223549,0.567175418366127
27,T_4,C_4_3,1.6,2.69,1,0,False,-1,130.43322800621084,0.421411928923049
42,T_8,C_8_1,4.61,5.11,1,0,False,1,61.9853587428291,0.4092723265921629
43,T_10,C_10_3,2.52,0.0,0,0,False,-1,-169.4812089895563,0.4848631099983537
10,T_9,C_9_7,5.02,2.46,0,0,True,1,-95.66255384687234,0.5040483751951703
29,T_7,C_7_9,3.8,3.0,0,0,False,1,-60.096202775708704,0.361965336432434
37,T_8,C_8_1,4.38,4.89,0,0,False,-1,-62.85324995402416,0.3473972074614782
20,T_7,C_7_9,4.92,3.25,1,0,True,1,187.0805463625505,0.5042571216514113
21,T_8,C_8_1,4.22,4.75,0,0,True,-1,-52.97549339355748,0.39340272061440945
12,T_7,C_7_9,3.55,4.19,0,0,True,-1,-148.73680921930873,0.30747591453215917
19,T_9,C_9_7,4.98,2.9,0,0,False,-1,-87.22994313510132,0.45508393750554876
17,T_10,C_10_4,1.91,0.0,0,0,True,1,-82.20837286176403,0.5932991426121911
33,T_7,C_7_9,3.98,2.18,1,0,True,-1,64.03486698057877,0.4521194955274894
23,T_6,C_6_5,2.8,3.45,0,0,True,-1,-41.164280578912425,0.47710207126881865
13,T_8,C_8_1,4.2,4.73,1,0,False,1,196.24142520729245,0.3030149544713003
7,T_7,C_7_9,3.82,4.42,1,0,True,-1,97.80672185505048,0.3691901938410459
38,T_10,C_10_4,2.77,0.0,0,0,False,1,-107.49265586495402,0.4764143097122606
2,T_10,C_10_1,2.2,0.0,0,0,False,-1,-53.21288403064016,0.4959097832171282
11,T_7,C_7_9,4.81,2.59,1,0,False,1,58.60706547646636,0.5057305597225206
1,T_9,C_9_4,5.13,2.21,0,0,False,1,-105.40307323134178,0.5664138622811619
8,T_6,C_6_7,2.89,3.31,1,0,True,-1,34.28411132157003,0.43764003778911315
31,T_7,C_7_9,4.28,2.2,0,0,True,-1,-54.693010695810315,0.4559705909319443
28,T_9,C_9_4,4.83,2.7,1,0,False,1,17.920271608777718,0.49524571859511457
10,T_10,C_10_4,2.64,0.0,1,0,False,1,28.33440554952142,0.5134780916143976
44,T_6,C_6_9,2.55,3.18,1,0,False,1,18.411153332470924,0.5911246143143508
30,T_5,C_5_11,2.85,3.3,1,0,True,1,107.53227794105558,0.4338833921558526
24,T_8,C_8_1,4.62,5.1,1,0,False,-1,342.6083274243724,0.4321238191278184
43,T_10,C_10_5,2.13,0.0,0,0,True,-1,-130.83851328727528,0.42725323484724653
18,T_10,C_10_3,2.62,0.0,0,0,False,1,-58.906328810677444,0.4420537585696943
5,T_8,C_8_1,5.29,5.71,1,0,False,-1,72.21388919507223,0.5348800790280421
12,T_7,C_7_13,2.84,1.91,1,0,True,1,41.47717274809446,0.45700351941314
19,T_9,C_9_4,4.97,2.5,0,0,True,-1,-51.25201632093054,0.50518975825615
2,T_10,C_10_4,1.9,0.0,1,0,True,1,18.184613559819052,0.4563261048812952
7,T_7,C_7_13,2.02,1.82,0,0,True,-1,-99.92045160506756,0.4930978776342348
33,T_7,C_7_14,2.21,2.07,0,0,True,1,-6.804875309414226,0.5019600591749922
28,T_10,C_10_2,2.7,0.0,0,0,False,-1,-59.44083245442867,0.47767116697600187
22,T_6,C_6_2,2.27,2.69,1,0,False,1,83.12030191765862,0.5705000282479573
3,T_8,C_8_6,1.47,4.59,1,0,True,1,84.30309156895245,0.4454764712016991
43,T_10,C_10_4,2.07,0.0,0,0,True,-1,-7.208317789369879,0.44950312226932587
45,T_9,C_9_18,5.58,2.77,0,0,False,1,-241.03721978625478,0.578787028747821
26,T_8,C_8_6,2.14,4.82,0,0,True,1,-50.832040852365495,0.4828865023265707
25,T_8,C_8_1,2.66,5.02,0,0,False,1,-107.60848802418971,0.4821459799713561
34,T_9,C_9_4,5.26,2.01,0,0,False,1,-222.01683134118966,0.5432321460863507
32,T_9,C_9_4,5.01,2.65,0,0,False,-1,-177.25439150342663,0.54097172025636
1,T_10,C_10_4,2.07,0.0,0,0,False,-1,-111.38402113305682,0.5166174191803559
27,T_4,C_4_5,1.24,2.69,1,0,True,1,141.53818718200043,0.43539746692866077
37,T_8,C_8_6,2.29,4.88,1,0,True,-1,180.85440564080992,0.46210065711327497
29,T_8,C_8_4,2.25,4.89,0,0,False,-1,-1.7642146601590705,0.4903344409932641
8,T_6,C_6_1,2.81,3.31,1,0,True,-1,82.46551803046303,0.37841135774864854
28,T_10,C_10_1,2.15,0.0,0,0,True,-1,-98.05646228983053,0.42571068395166517
42,T_9,C_9_18,5.09,2.12,1,0,False,-1,26.301455530463034,0.5336724623992682
23,T_6,C_6_9,2.77,3.45,1,0,True,-1,106.0236645201734,0.43771609573546966
31,T_7,C_7_13,3.01,2.13,1,0,True,1,66.56565780124825,0.490497875608469
21,T_8,C_8_4,2.16,4.74,1,0,True,-1,215.4255986524034,0.44453905803401683
20,T_8,C_8_1,2.38,5.81,1,0,False,1,77.1524892658175,0.47578444224577354
7,T_7,C_7_14,1.92,1.87,0,0,True,1,-128.17030079504892,0.46812831443238406
43,T_10,C_10_1,1.98,0.0,0,0,True,1,-62.097650009949206,0.4674662332330738
19,T_9,C_9_18,4.96,2.5,1,0,True,-1,58.024912664145845,0.47150082193955867
13,T_9,C_9_18,4.72,2.61,1,0,False,1,19.02685781884001,0.4275167334008062
1,T_10,C_10_1,1.93,0.0,0,0,True,1,-8.465373035766401,0.5397910169076849
11,T_8,C_8_6,2.59,5.62,1,0,False,-1,182.02115520990952,0.5546612347961075
45,T_10,C_10_4,2.77,0.0,1,0,False,-1,17.04156416287232,0.5764311297122563
44,T_7,C_7_13,3.11,2.19,1,0,False,1,102.85338112353051,0.5159615151884422
34,T_10,C_10_4,1.92,0.0,1,0,False,1,12.71052398067313,0.5253287221875653
28,T_10,C_10_3,1.76,0.0,1,0,True,-1,27.71827591865759,0.4254285426188091
32,T_9,C_9_2,4.9,2.39,1,0,True,1,144.51680515747844,0.4908000915226375
24,T_8,C_8_4,1.95,4.99,1,0,True,1,51.39771831538614,0.514502971574798
5,T_8,C_8_5,2.62,5.62,0,0,True,1,-278.9124809831371,0.519699566760144
30,T_6,C_6_1,3.3,3.05,0,0,False,1,-120.900312915624,0.41399862871469884
42,T_9,C_9_2,4.99,1.78,1,0,True,-1,76.72475797037178,0.5294865674497524
45,T_10,C_10_3,2.36,0.0,1,0,True,-1,15.78046878401435,0.4884164095715761
12,T_8,C_8_6,2.01,4.6,0,0,False,-1,-57.08819394839069,0.41750528888094807
22,T_7,C_7_14,2.52,1.86,1,0,False,1,101.31567230436649,0.5348154178399043
19,T_9,C_9_2,4.86,2.36,0,0,True,1,-40.10717094140082,0.42617095703108154
13,T_10,C_10_1,2.44,0.0,1,0,False,-1,51.936318304869026,0.3967158027318015
28,T_10,C_10_5,1.74,0.0,1,0,True,1,16.013748288394545,0.3280601854670342
3,T_9,C_9_2,4.48,1.48,0,0,False,-1,-124.66809279984582,0.44786708625125876
33,T_8,C_8_6,2.15,4.93,0,0,False,-1,-58.49217838252497,0.5195962053614441
23,T_6,C_6_3,1.63,3.45,1,0,True,1,37.25085405473239,0.4294283885753148
45,T_10,C_10_1,2.0,0.0,1,0,True,1,43.1200385101235,0.5995987039463013
32,T_10,C_10_5,2.06,0.0,1,0,False,-1,22.5638673780582,0.3354259337949584
8,T_6,C_6_9,2.84,3.31,0,0,True,1,-6.238210259995019,0.48574860828458255
37,T_8,C_8_2,1.67,4.78,0,0,True,1,-52.04247488547335,0.49161475262066257
29,T_8,C_8_5,2.01,4.79,0,0,True,-1,-74.9489811730621,0.4290807213455561
13,T_10,C_10_5,2.29,0.0,1,0,True,-1,24.615146385476535,0.3395469237858339
26,T_9,C_9_19,4.71,1.56,0,0,False,-1,-50.28441693330047,0.5027156331541554
25,T_9,C_9_19,4.92,1.61,0,0,False,-1,-93.58190601626987,0.5332732594569132
42,T_9,C_9_19,4.99,1.62,1,0,True,1,169.9566240171058,0.5315074196606501
27,T_5,C_5_11,2.65,2.24,1,0,False,1,13.504338525214692,0.43061817556178783
32,T_10,C_10_3,1.82,0.0,1,0,True,-1,23.94825129906569,0.4267318286427107
21,T_8,C_8_5,1.58,4.63,0,0,True,1,-50.94450863560992,0.4208539346104635
19,T_10,C_10_4,2.36,0.0,1,0,False,1,68.25317176828482,0.47723318344111165
13,T_10,C_10_3,1.94,0.0,1,0,True,-1,41.6090289047081,0.4105443239850969
3,T_9,C_9_19,4.47,1.35,1,0,True,-1,24.539231063270613,0.5043765446126834
31,T_8,C_8_6,1.99,5.18,1,0,False,1,103.3409095647689,0.5302893037069705
11,T_8,C_8_4,2.71,5.62,1,0,True,-1,0.2639844032133851,0.6113052793807778
32,T_10,C_10_2,1.6,0.0,1,0,True,1,9.397301877603082,0.5039853120039695
20,T_9,C_9_19,5.72,2.55,0,0,False,1,-63.484119609417384,0.6288353319355936
7,T_8,C_8_6,2.01,4.8,0,0,False,-1,-117.26992077445549,0.4934558809225121
13,T_10,C_10_4,1.68,0.0,1,0,True,1,25.275348405201292,0.4406260405411966
25,T_9,C_9_14,4.91,1.6,1,0,True,-1,96.71738018278772,0.42477337913765534
42,T_10,C_10_4,1.65,0.0,1,0,False,1,49.49086595380964,0.5409067621641723
26,T_9,C_9_14,4.71,1.6,1,0,True,-1,11.357964819288089,0.442341929450206
5,T_9,C_9_14,5.61,2.54,1,0,False,1,105.78375818952041,0.5798860305187548
30,T_7,C_7_8,3.05,2.06,1,0,False,1,37.660244076553255,0.6087929263440042
44,T_8,C_8_4,2.38,5.46,0,0,False,-1,-7.890699319672779,0.5818674690629972
24,T_9,C_9_14,4.99,1.77,1,0,False,-1,47.40525755364226,0.464320721981552
12,T_8,C_8_3,1.84,4.59,0,0,True,-1,-41.541061516438425,0.3816846202500528
3,T_9,C_9_14,4.47,1.3,1,0,True,1,90.18009636938011,0.4124950307461762
33,T_8,C_8_3,1.57,4.83,0,0,True,1,-128.56194775188618,0.507017265393871
20,T_10,C_10_4,2.29,0.0,0,0,False,-1,-75.53463037713735,0.6040546023298647
23,T_7,C_7_8,3.45,1.97,1,0,False,1,28.257098663844097,0.49436091113540087
22,T_8,C_8_2,1.7,4.81,1,0,False,1,107.0765134477892,0.4687521234038109
26,T_9,C_9_8,4.6,1.61,0,0,True,1,-101.65921030088275,0.47542606863723835
25,T_9,C_9_8,4.82,1.72,0,0,True,-1,-129.85535177998239,0.41510696367435573
5,T_10,C_10_2,2.54,0.0,0,0,False,-1,-66.94258126530076,0.5612774916910374
20,T_10,C_10_2,1.8,0.0,0,0,True,1,-1.3940877070611934,0.6198489818140243
29,T_8,C_8_6,1.91,4.68,0,0,True,-1,-27.415500983291928,0.4664559807820982
24,T_9,C_9_8,4.89,1.49,1,0,True,-1,10.765310660033613,0.46206365391170345
5,T_10,C_10_1,2.22,0.0,1,0,True,1,10.851368825187379,0.5733405286720458
37,T_9,C_9_8,4.67,1.34,1,0,False,1,149.991327803201,0.450317558385546
8,T_7,C_7_8,3.31,2.61,0,0,False,1,-8.991713457069771,0.5872423177283244
26,T_10,C_10_1,1.63,0.0,0,0,False,1,-0.6723359063391152,0.45240855379929007
27,T_6,C_6_2,2.24,3.22,1,0,False,-1,100.36870886978056,0.4495615727256602
3,T_10,C_10_2,1.17,0.0,0,0,False,1,-22.49025597345835,0.4660225376291516
11,T_8,C_8_3,2.22,5.5,0,0,True,-1,-46.28398915094092,0.5140804187000414
25,T_9,C_9_6,4.78,1.7,0,0,True,1,-103.18042053395878,0.48773023556751444
21,T_9,C_9_6,4.48,2.62,0,0,False,1,-63.50452910234615,0.4250890832394758
24,T_9,C_9_6,4.85,1.76,0,0,True,-1,-80.35337807668203,0.4663712125655395
7,T_8,C_8_5,1.29,4.66,1,0,True,1,1.8553314294255037,0.4508521809749436
37,T_10,C_10_2,1.4,0.0,0,0,False,-1,-47.51703113291348,0.47684894044025145
31,T_9,C_9_6,5.05,1.5,1,0,False,1,61.43301729950947,0.5294945582011532
37,T_10,C_10_1,1.33,0.0,1,0,True,-1,10.576149438358675,0.4389839450536716
44,T_8,C_8_3,2.03,5.24,0,0,True,-1,-109.493739150379,0.5176766933434855
25,T_10,C_10_2,1.7,0.0,0,0,False,-1,-102.90528576054902,0.45591842816509065
37,T_10,C_10_4,1.22,0.0,1,0,True,-1,20.414166168143886,0.4660177205201045
12,T_8,C_8_5,1.69,4.33,0,0,True,-1,-70.28896221926142,0.41310921802400213
25,T_10,C_10_1,1.52,0.0,1,0,True,1,1.1627121909363947,0.5051813539005183
24,T_9,C_9_10,4.75,1.5,1,0,True,1,106.49730002940143,0.4412007690921963
21,T_10,C_10_4,2.62,0.0,1,0,False,-1,27.33563656957204,0.4767788764665809
31,T_10,C_10_2,1.4,0.0,1,0,False,1,12.115785354149839,0.5293492834415252
37,T_10,C_10_5,0.92,0.0,1,0,True,-1,45.43546070593393,0.33906581365578164
30,T_8,C_8_5,1.98,5.05,1,0,False,1,156.66354704606158,0.49212680594168917
29,T_8,C_8_2,1.8,4.51,1,0,True,1,40.02466359895494,0.4525845549725193
21,T_10,C_10_2,2.51,0.0,0,0,True,-1,-35.69891004274947,0.4390071023501192
33,T_9,C_9_10,4.69,1.47,0,0,False,-1,-79.9004813667807,0.48302782830651975
27,T_6,C_6_5,2.07,3.22,0,0,True,1,-38.4235769227193,0.5582378328230984
24,T_10,C_10_2,1.53,0.0,0,0,False,-1,-33.8701277389387,0.5287099318131144
22,T_9,C_9_10,4.66,1.9,0,0,False,-1,-132.09550951882252,0.40920552797135346
37,T_10,C_10_3,0.4,0.0,1,0,True,-1,13.382880471804976,0.45993902035099443
23,T_8,C_8_2,1.96,4.14,0,0,False,-1,-92.68792658043373,0.4444624920243437
24,T_10,C_10_4,1.16,0.0,1,0,True,1,23.319821834080166,0.5317972555178152
21,T_10,C_10_3,2.23,0.0,0,0,True,-1,-26.671785301724704,0.3640083251459467
11,T_8,C_8_1,2.15,5.38,1,0,True,1,10.109202750117776,0.4683010524131832
33,T_9,C_9_9,4.66,1.46,1,0,True,1,50.20616291783238,0.5282448389105712
8,T_8,C_8_2,2.61,5.0,1,0,False,-1,7.660180519549359,0.4938819425802985
21,T_10,C_10_5,1.67,0.0,1,0,True,-1,34.045198853755146,0.3636115439090668
21,T_10,C_10_1,1.53,0.0,1,0,True,-1,31.514642440898456,0.4401772275678583
44,T_8,C_8_1,1.95,5.17,0,0,True,-1,-24.219283330141252,0.4948977148918392
22,T_9,C_9_9,4.64,1.62,1,0,True,1,109.44616361183441,0.46687936104200156
7,T_9,C_9_9,4.53,1.17,1,0,False,-1,156.2612801908547,0.49990983758141283
33,T_10,C_10_3,1.36,0.0,0,0,False,1,-16.706422867627865,0.4803585793225944
12,T_8,C_8_1,1.39,4.25,1,0,True,-1,22.682408030076047,0.3976609057657752
22,T_10,C_10_2,1.62,0.0,1,0,False,1,37.36022033663315,0.5416505419114174
7,T_9,C_9_5,4.48,1.17,0,0,True,-1,-36.772819875282494,0.4877983916390704
27,T_7,C_7_12,3.22,1.85,1,0,False,1,46.99176345805071,0.36613328752208646
30,T_9,C_9_5,4.98,2.23,1,0,False,-1,3.393325958050883,0.48108101862789576
23,T_8,C_8_4,1.91,3.78,1,0,True,1,16.270690697006785,0.41417529778273676
29,T_9,C_9_5,4.46,1.33,1,0,False,1,16.152645975217787,0.4427803774744099
7,T_9,C_9_11,4.2,1.17,0,0,True,-1,-84.77050624297343,0.5076812464497189
30,T_9,C_9_11,4.73,2.23,0,0,True,1,-74.47128546375258,0.49056136411962425
8,T_8,C_8_6,1.9,4.71,0,0,True,1,-106.87076598323291,0.462500320415841
11,T_9,C_9_11,5.11,2.06,1,0,False,1,69.58841919296138,0.5538937503905723
44,T_8,C_8_2,1.21,4.79,0,0,True,1,-149.33789941142413,0.5929406599335549
29,T_10,C_10_4,1.33,0.0,0,0,False,-1,-39.28914422470258,0.5028035023579198
12,T_8,C_8_4,1.32,3.77,0,0,True,-1,-134.44840668895955,0.4736498567895747
29,T_10,C_10_5,0.86,0.0,1,0,True,-1,8.103933183098382,0.34203018686083453
7,T_9,C_9_13,4.03,1.08,1,0,True,1,10.616355543347051,0.3707634206875242
29,T_10,C_10_2,0.85,0.0,1,0,True,-1,8.022077669350558,0.5075164999724838
30,T_10,C_10_3,2.23,0.0,1,0,False,-1,21.31954274953679,0.47155828143500045
11,T_10,C_10_1,2.06,0.0,0,0,False,1,-32.57158564634793,0.574227367037091
29,T_10,C_10_1,0.7,0.0,0,0,True,1,-3.7435349073618553,0.42413675594904815
30,T_10,C_10_4,2.02,0.0,1,0,True,-1,34.137466171075765,0.5509458736879844
30,T_10,C_10_2,1.28,0.0,1,0,True,1,36.76788488323388,0.49470116506582323
7,T_10,C_10_1,1.09,0.0,0,0,False,1,-24.330946749609016,0.4583907738095156
23,T_9,C_9_1,3.28,1.73,0,0,False,1,-28.681688210328975,0.4778225681453129
27,T_8,C_8_1,1.85,3.73,0,0,False,-1,-3.3813275714829203,0.3165244037080156
12,T_8,C_8_2,0.89,3.06,1,0,True,1,35.58394387016829,0.47738857229567094
8,T_9,C_9_13,3.79,1.66,1,0,False,-1,63.9673715593087,0.4299820497674059
23,T_10,C_10_1,1.73,0.0,1,0,False,1,21.632322665844754,0.40453094769330666
44,T_9,C_9_13,3.96,1.32,0,0,False,1,-9.534655607962662,0.45475113842748827
8,T_9,C_9_12,3.56,1.66,0,0,True,1,-41.44831107942441,0.5406860917174607
44,T_10,C_10_2,1.32,0.0,0,0,False,-1,-33.82376048877235,0.5672193298279239
44,T_10,C_10_4,1.24,0.0,1,0,True,-1,2.8879558168252233,0.5427297923667572
27,T_8,C_8_6,1.77,3.41,1,0,True,1,26.30897461673603,0.4333366823701338
44,T_10,C_10_1,1.1,0.0,1,0,True,1,3.0043592321203807,0.5409407234481649
8,T_10,C_10_2,1.7,0.0,0,0,False,1,-18.223282871205985,0.5513898861028763
12,T_9,C_9_7,2.58,2.01,0,0,False,-1,-97.39023389846,0.45381740840827844
27,T_9,C_9_17,3.41,2.19,1,0,False,1,23.513624480717716,0.5376455102867431
12,T_9,C_9_17,2.45,2.01,0,0,True,1,-106.33376522680067,0.5527356765849875
27,T_10,C_10_4,2.19,0.0,0,0,False,1,-12.94261726054594,0.4852223505937807
12,T_10,C_10_1,2.01,0.0,0,0,False,-1,-53.80020833155829,0.4349642764465827
12,T_10,C_10_2,1.66,0.0,0,0,True,-1,-15.351509728340911,0.4481776100183405
12,T_10,C_10_4,1.16,0.0,1,0,True,-1,12.841042808052483,0.4368545974257224
12,T_10,C_10_3,0.92,0.0,1,0,True,-1,11.725799191463429,0.3666558515322083
12,T_10,C_10_5,0.77,0.0,1,0,True,1,11.029337057400213,0.36339608293081127
